/*--------------------------------*- C++ -*----------------------------------*\
| =========                 |                                                 |
| \\      /  F ield         | OpenFOAM: The Open Source CFD Toolbox           |
|  \\    /   O peration     | Version:  4.1                                   |
|   \\  /    A nd           | Web:      www.OpenFOAM.org                      |
|    \\/     M anipulation  |                                                 |
\*---------------------------------------------------------------------------*/
FoamFile
{
    version     2.0;
    format      ascii;
    class       volScalarField;
    location    "0.88";
    object      p;
}
// * * * * * * * * * * * * * * * * * * * * * * * * * * * * * * * * * * * * * //

dimensions      [1 -1 -2 0 0 0 0];

internalField   nonuniform List<scalar> 
18000
(
1.28
1.28
1.28
1.28
1.28
1.28
1.28
1.28
1.28
1.28
1.28
1.28
1.28
1.28
1.28
1.28
1.28
1.28
1.28
1.28
1.28
1.28
1.28
1.28
1.28
1.28
1.28
1.28
1.28
1.28
1.28
1.28
1.28
1.28
1.28
1.28
1.28
1.28
1.28
1.28
1.28
1.28
1.28
1.28
1.28
1.28
1.28
1.28
1.28
1.28
1.28
1.28
1.28
1.28
1.28
1.28
1.28
1.28
1.28
1.28
1.28
1.28
1.28
1.28
1.28
1.28
1.28
1.28
1.28
1.28
1.28
1.28
1.28
1.28
1.28
1.28
1.28
1.28
1.28
1.28
1.28
1.28
1.28
1.28
1.28
1.28
1.28
1.28
1.28
1.28
1.28001
1.28001
1.28001
1.28001
1.28001
1.28001
1.28001
1.28001
1.28001
1.28001
1.28
1.28
1.28
1.28
1.28
1.28
1.28
1.28
1.28
1.28
1.28
1.28
1.28
1.28
1.28
1.28
1.28
1.28
1.28
1.28
1.28
1.28
1.28
1.28
1.28
1.28
1.28
1.28
1.28
1.28
1.28
1.28
1.28
1.28
1.28
1.28
1.28
1.28
1.28
1.28
1.28
1.28
1.28
1.28
1.28
1.28
1.28
1.28
1.28
1.28
1.28
1.28
1.28
1.28
1.28
1.28
1.28
1.28
1.28
1.28
1.28
1.28
1.28
1.28
1.28
1.28
1.28
1.28
1.28
1.28
1.28
1.28
1.28
1.28
1.28
1.28
1.28
1.28
1.28
1.28
1.28
1.28
1.28
1.28
1.28
1.28
1.28
1.28
1.28
1.28
1.28
1.28
1.28
1.28
1.28
1.28
1.28
1.28
1.28
1.28
1.28
1.28
1.28
1.28
1.28
1.28
1.28
1.28
1.28
1.28
1.28
1.28
1.28
1.28
1.28
1.28
1.28
1.28
1.28
1.28
1.28
1.28
1.28
1.28
1.28
1.28
1.28
1.28
1.28
1.28
1.28
1.28
1.28
1.28
1.28
1.28
1.28
1.28
1.28
1.28
1.28
1.28
1.28
1.28
1.28
1.28
1.28
1.28
1.28
1.28
1.28
1.28
1.28
1.28
1.28
1.28
1.28
1.28
1.28
1.28
1.28
1.28
1.28
1.28
1.28
1.28
1.28
1.28
1.28
1.28
1.28
1.28
1.28
1.28
1.28
1.28
1.28
1.28
1.28
1.28
1.28
1.28
1.28
1.28
1.28
1.28
1.28
1.28
1.28
1.28
1.28
1.28
1.28
1.28
1.28
1.28
1.28
1.28
1.28
1.28
1.28
1.28
1.28
1.28
1.28
1.28
1.28
1.28
1.28
1.28
1.28
1.28
1.28
1.28
1.28
1.28
1.28
1.28
1.28
1.28
1.28
1.28
1.28
1.28
1.28
1.28
1.28
1.28
1.28
1.28
1.28
1.28
1.28
1.28
1.28
1.28
1.28
1.28
1.28
1.28
1.28
1.28
1.28
1.28
1.28
1.28
1.28
1.28
1.28
1.28
1.28
1.28
1.28
1.28
1.28
1.28
1.28
1.28
1.28
1.28
1.28
1.28
1.28
1.28
1.28
1.28
1.28
1.28
1.28
1.28
1.28
1.28
1.28
1.28
1.28
1.28
1.28
1.28
1.28
1.28
1.28
1.28
1.28
1.28
1.28
1.28
1.28
1.28
1.28
1.28
1.28
1.28
1.28
1.28
1.28
1.28
1.28
1.28
1.28
1.28
1.28
1.28
1.28
1.28
1.28
1.28
1.28
1.28
1.28
1.28
1.28
1.28
1.28
1.28
1.28
1.28
1.28
1.28
1.28
1.28
1.28
1.28
1.28
1.28
1.28
1.28
1.28
1.28
1.28
1.28
1.28
1.28
1.28
1.28
1.28
1.28
1.28
1.28
1.28
1.28
1.28
1.28
1.28
1.28
1.28
1.28
1.28
1.28
1.28
1.28
1.28
1.28
1.28
1.28
1.28
1.28
1.28
1.28
1.28
1.28
1.28
1.28
1.28
1.28
1.28
1.28
1.28
1.28
1.28
1.28
1.28
1.28
1.28
1.28
1.28
1.28
1.28
1.28
1.28
1.28
1.28
1.28
1.28
1.28
1.28
1.28
1.28
1.28
1.28
1.28
1.28
1.28
1.28
1.28
1.28
1.28
1.28
1.28
1.28
1.28
1.28
1.28
1.28
1.28
1.28
1.28
1.28
1.28
1.28
1.28
1.28
1.28
1.28
1.28
1.28
1.28
1.28
1.28
1.28
1.28
1.28
1.28
1.28
1.28
1.28
1.28
1.28
1.28
1.28
1.28
1.28
1.28
1.28
1.28
1.28
1.28
1.28
1.28
1.28
1.28
1.28
1.28
1.28
1.28
1.28
1.28
1.28
1.28
1.28
1.28
1.28
1.28
1.28
1.28
1.28
1.28
1.28
1.28
1.28
1.28
1.28
1.28
1.28
1.28
1.28
1.28
1.28
1.28
1.28
1.28
1.28
1.28
1.28
1.28
1.28
1.28
1.28
1.28
1.28
1.28
1.28
1.28
1.28
1.28
1.28
1.28
1.28
1.28
1.28
1.28
1.28
1.28
1.28
1.28
1.28
1.28
1.28
1.28
1.28
1.28
1.28
1.28
1.28
1.28
1.28
1.28
1.28
1.28
1.28
1.28
1.28
1.28
1.28
1.28
1.28
1.28
1.28
1.28
1.28
1.28
1.28
1.28
1.28
1.28
1.28
1.28
1.28
1.28
1.28
1.28
1.28
1.28
1.28
1.28
1.28
1.28
1.28
1.28
1.28
1.28
1.28
1.28
1.28
1.28
1.28
1.28
1.28
1.28
1.28
1.28
1.28
1.28
1.28
1.28
1.28
1.28
1.28
1.28
1.28
1.28
1.28
1.28
1.28
1.28
1.28
1.28
1.28
1.28
1.28
1.28
1.28
1.28
1.28
1.28
1.28
1.28
1.28
1.28
1.28
1.28
1.28
1.28
1.28
1.28
1.28
1.28
1.28
1.28
1.28
1.28
1.28
1.28
1.28
1.28
1.28
1.28
1.28
1.28
1.28
1.28
1.28
1.28
1.28
1.28
1.28
1.28
1.28
1.28
1.28
1.28
1.28
1.28
1.28
1.28
1.28
1.28
1.28
1.28
1.28
1.28
1.28
1.28
1.28
1.28
1.28
1.28
1.28
1.28
1.28
1.28
1.28
1.28
1.28
1.28
1.28
1.28
1.28
1.28
1.28
1.28
1.28
1.28
1.28
1.28
1.28
1.28
1.28
1.28
1.28
1.28
1.28
1.28
1.28
1.28
1.28
1.28
1.28
1.28
1.28
1.28
1.28
1.28
1.28
1.28
1.28
1.28
1.28
1.28
1.28
1.28
1.28
1.28
1.28
1.28
1.28
1.28
1.28
1.28
1.28
1.28
1.28
1.28
1.28
1.28
1.28
1.28
1.28
1.28
1.28
1.28
1.28
1.28
1.28
1.28
1.28
1.28
1.28
1.28
1.28
1.28
1.28
1.28
1.28
1.28
1.28
1.28
1.28
1.28
1.28
1.28
1.28
1.28
1.28
1.28
1.28
1.28
1.28
1.28
1.28
1.28
1.28
1.28
1.28
1.28
1.28
1.28
1.28
1.28
1.28
1.28
1.28
1.28
1.28
1.28
1.28
1.28
1.28
1.28
1.28
1.28
1.28
1.28
1.28
1.28
1.28
1.28
1.28
1.28
1.28
1.28
1.28
1.28
1.28
1.28
1.28
1.28
1.28
1.28
1.28
1.28
1.28
1.28
1.28
1.28
1.28
1.28
1.28
1.28
1.28
1.28
1.28
1.28
1.28
1.28
1.28
1.28
1.28
1.28
1.28
1.28
1.28
1.28
1.28
1.28
1.28
1.28
1.28
1.28
1.28
1.28
1.28
1.28
1.28
1.28
1.28
1.28
1.28
1.28
1.28
1.28
1.28
1.28
1.28
1.28
1.28
1.28
1.28
1.28
1.28
1.28
1.28
1.28
1.28
1.28
1.28
1.28
1.28
1.28
1.28
1.28
1.28
1.28
1.28
1.28
1.28
1.28
1.28
1.28
1.28
1.28
1.28
1.28
1.28
1.28
1.28
1.28
1.28
1.28
1.28
1.28
1.28
1.28
1.28
1.28
1.28
1.28
1.28
1.28
1.28
1.28
1.28
1.28
1.28
1.28
1.28
1.28
1.28
1.28
1.28
1.28
1.28
1.28
1.28
1.28
1.28
1.28
1.28
1.28
1.28
1.28
1.28
1.28
1.28
1.28
1.28
1.28
1.28
1.28
1.28
1.28
1.28
1.28
1.28
1.28
1.28
1.28
1.28
1.28
1.28
1.28
1.28
1.28
1.28
1.28
1.28
1.28
1.28
1.28
1.28
1.28
1.28
1.28
1.28
1.28
1.28
1.28
1.28
1.28
1.28
1.28
1.28
1.28
1.28
1.28
1.28
1.28
1.28
1.28
1.28
1.28
1.28
1.28
1.28
1.28
1.28
1.28
1.28
1.28
1.28
1.28
1.28
1.28
1.28
1.28
1.28
1.28
1.28
1.28
1.28
1.28
1.28
1.28
1.28
1.28
1.28
1.28
1.28
1.28
1.28
1.28
1.28
1.28
1.28
1.28
1.28
1.28
1.28
1.28
1.28
1.28
1.28
1.28
1.28
1.28
1.28
1.28
1.28
1.28
1.28
1.28
1.28
1.28
1.28
1.28
1.28
1.28
1.28
1.28
1.28
1.28
1.28
1.28
1.28
1.28
1.28
1.28
1.28
1.28
1.28
1.28
1.28
1.28
1.28
1.28
1.28
1.28
1.28
1.28
1.28
1.28
1.28
1.28
1.28
1.28
1.28
1.28
1.28
1.28
1.28
1.28
1.28
1.28
1.28
1.28
1.28
1.28
1.28
1.28
1.28
1.28
1.28
1.28
1.28
1.28
1.28
1.28
1.28
1.28
1.28
1.28
1.28
1.28
1.28
1.28
1.28
1.28
1.28
1.28
1.28
1.28
1.28
1.28
1.28
1.28
1.28
1.28
1.28
1.28
1.28
1.28
1.28
1.28
1.28
1.28
1.28
1.28
1.28
1.28
1.28
1.28
1.28
1.28
1.28
1.28
1.28
1.28
1.28
1.28
1.28
1.28
1.28
1.28
1.28
1.28
1.28
1.28
1.28
1.28
1.28
1.28
1.28
1.28
1.28
1.28
1.28
1.28
1.28
1.28
1.28
1.28
1.28
1.28
1.28
1.28
1.28
1.28
1.28
1.28
1.28
1.28
1.28
1.28
1.28
1.28
1.28
1.28
1.28
1.28
1.28
1.28
1.28
1.28
1.28
1.28
1.28
1.28
1.28
1.28
1.28
1.28
1.28
1.28
1.28
1.28
1.28
1.28
1.28
1.28
1.28
1.28
1.28
1.28
1.28
1.28
1.28
1.28
1.28
1.28
1.28
1.28
1.28
1.28
1.28
1.28
1.28
1.28
1.28
1.28
1.28
1.28
1.28
1.28
1.28
1.28
1.28
1.28
1.28
1.28
1.28
1.28
1.28
1.28
1.28
1.28
1.28
1.28
1.28
1.28
1.28
1.28
1.28
1.28
1.28
1.28
1.28
1.28
1.28
1.28
1.28
1.28
1.28
1.28
1.28
1.28
1.28
1.28
1.28
1.28
1.28
1.28
1.28
1.28
1.28
1.28
1.28
1.28
1.28
1.28
1.28
1.28
1.28
1.28
1.28
1.28
1.28
1.28
1.28
1.28
1.28
1.28
1.28
1.28
1.28
1.28
1.28
1.28
1.28
1.28
1.28
1.28
1.28
1.28
1.28
1.28
1.28
1.28
1.28
1.28
1.28
1.28
1.28
1.28
1.28
1.28
1.28
1.28
1.28
1.28
1.28
1.28
1.28
1.28
1.28
1.28
1.28
1.28
1.28
1.28
1.28
1.28
1.28
1.28
1.28
1.28
1.28
1.28
1.28
1.28
1.28
1.28
1.28
1.28
1.28
1.28
1.28
1.28
1.28
1.28
1.28
1.28
1.28
1.28
1.28
1.28
1.28
1.28
1.28
1.28
1.28
1.28
1.28
1.28
1.28
1.28
1.28
1.28
1.28
1.28
1.28
1.28
1.28
1.28
1.28
1.28
1.28
1.28
1.28
1.28
1.28
1.28
1.28
1.28
1.28
1.28
1.28
1.28
1.28
1.28
1.28
1.28
1.28
1.28
1.28
1.28
1.28
1.28
1.28
1.28
1.28
1.28
1.28
1.28
1.28
1.28
1.28
1.28
1.28
1.28
1.28
1.28
1.28
1.28
1.28
1.28
1.28
1.28
1.28
1.28
1.28
1.28
1.28
1.28
1.28
1.28
1.28
1.28
1.28
1.28
1.28
1.28
1.28
1.28
1.28
1.28
1.28
1.28
1.28
1.28
1.28
1.28
1.28
1.28
1.28
1.28
1.28
1.28
1.28
1.28
1.28
1.28
1.28
1.28
1.28
1.28
1.28
1.28
1.28
1.28
1.28
1.28
1.28
1.28
1.28
1.28
1.28
1.28
1.28
1.28
1.28
1.28
1.28
1.28
1.28
1.28
1.28
1.28
1.28
1.28
1.28
1.28
1.28
1.28
1.28
1.28
1.28
1.28
1.28
1.28
1.28
1.28
1.28
1.28
1.28
1.28
1.28
1.28
1.28
1.28
1.28
1.28
1.28
1.28
1.28
1.28
1.28
1.28
1.28
1.28
1.28
1.28
1.28
1.28
1.28
1.28
1.28
1.28
1.28
1.28
1.28
1.28
1.28
1.28
1.28
1.28
1.28
1.28
1.28
1.28
1.28
1.28
1.28
1.28
1.28
1.28
1.28
1.28
1.28
1.28
1.28
1.28
1.28
1.28
1.28
1.28
1.28
1.28
1.28
1.28
1.28
1.28
1.28
1.28
1.28
1.28
1.28
1.28
1.28
1.28
1.28
1.28
1.28
1.28
1.28
1.28
1.28
1.28
1.28
1.28
1.28
1.28
1.28
1.28
1.28
1.28
1.28
1.28
1.28
1.28
1.28
1.28
1.28
1.28
1.28
1.28
1.28
1.28
1.28
1.28
1.28
1.28
1.28
1.28
1.28
1.28
1.28
1.28
1.28
1.28
1.28
1.28
1.28
1.28
1.28
1.28
1.28
1.28
1.28
1.28
1.28
1.28
1.28
1.28
1.28
1.28
1.28
1.28
1.28
1.28
1.28
1.28
1.28
1.28
1.28
1.28
1.28
1.28
1.28
1.28
1.28
1.28
1.28
1.28
1.28
1.28
1.28
1.28
1.28
1.28
1.28
1.28
1.28
1.28
1.28
1.28
1.28
1.28
1.28
1.28
1.28
1.28
1.28
1.28
1.28
1.28
1.28
1.28
1.28
1.28
1.28
1.28
1.28
1.28
1.28
1.28
1.28
1.28
1.28
1.28
1.28
1.28
1.28
1.28
1.28
1.28
1.28
1.28
1.28
1.28
1.28
1.28
1.28
1.28
1.28
1.28
1.28
1.28
1.28
1.28
1.28
1.28
1.28
1.28
1.28
1.28
1.28
1.28
1.28
1.28
1.28
1.28
1.28
1.28
1.28
1.28
1.28
1.28
1.28
1.28
1.28
1.28
1.28
1.28
1.28
1.28
1.28
1.28
1.28
1.28
1.28
1.28
1.28
1.28
1.28
1.28
1.28
1.28
1.28
1.28
1.28
1.28
1.28
1.28
1.28
1.28
1.28
1.28
1.28
1.28
1.28
1.28
1.28
1.28
1.28
1.28
1.28
1.28
1.28
1.28
1.28
1.28
1.28
1.28
1.28
1.28
1.28
1.28
1.28
1.28
1.28
1.28
1.28
1.28
1.28
1.28
1.28
1.28
1.28
1.28
1.28
1.28
1.28001
1.28
1.28
1.28
1.28
1.28
1.28
1.28
1.28
1.28
1.28
1.28
1.28
1.28
1.28
1.28
1.28
1.28
1.28
1.28
1.28
1.28
1.28
1.28
1.28
1.28
1.28
1.28
1.28
1.28
1.28
1.28
1.28
1.28
1.28
1.28
1.28
1.28
1.28
1.28
1.28
1.28
1.28
1.28
1.28
1.28
1.28
1.28
1.28
1.28
1.28
1.28
1.28
1.28
1.28
1.28
1.28
1.28
1.28
1.28
1.28
1.28
1.28
1.28
1.28
1.28
1.28
1.28
1.28
1.28
1.28
1.28
1.28
1.28
1.28
1.28
1.28
1.28
1.28
1.28
1.28
1.28
1.28
1.28
1.28
1.28
1.28
1.28
1.28
1.28
1.28
1.28
1.28
1.28
1.28
1.28
1.28
1.28
1.28
1.28
1.28001
1.28
1.28
1.28
1.28
1.28
1.28
1.28
1.28
1.28
1.28
1.28
1.28
1.28
1.28
1.28
1.28
1.28
1.28
1.28
1.28
1.28
1.28
1.28
1.28
1.28
1.28
1.28
1.28
1.28
1.28
1.28
1.28
1.28
1.28
1.28
1.28
1.28
1.28
1.28
1.28
1.28
1.28
1.28
1.28
1.28
1.28
1.28
1.28
1.28
1.28
1.28
1.28
1.28
1.28
1.28
1.28
1.28
1.28
1.28
1.28
1.28
1.28
1.28
1.28
1.28
1.28
1.28
1.28
1.28
1.28
1.28
1.28
1.28
1.28
1.28
1.28
1.28
1.28
1.28
1.28
1.28
1.28
1.28
1.28
1.28
1.28
1.28
1.28
1.28
1.28
1.28
1.28
1.28
1.28
1.28
1.28
1.28
1.28
1.28
1.28001
1.28
1.28
1.28
1.28
1.28
1.28
1.28
1.28
1.28
1.28
1.28
1.28
1.28
1.28
1.28
1.28
1.28
1.28
1.28
1.28
1.28
1.28
1.28
1.28
1.28
1.28
1.28
1.28
1.28
1.28
1.28
1.28
1.28
1.28
1.28
1.28
1.28
1.28
1.28
1.28
1.28
1.28
1.28
1.28
1.28
1.28
1.28
1.28
1.28
1.28
1.28
1.28
1.28
1.28
1.28
1.28
1.28
1.28
1.28
1.28
1.28
1.28
1.28
1.28
1.28
1.28
1.28
1.28
1.28
1.28
1.28
1.28
1.28
1.28
1.28
1.28
1.28
1.28
1.28
1.28
1.28
1.28
1.28
1.28
1.28
1.28
1.28
1.28
1.28
1.28
1.28
1.28
1.28
1.28
1.28
1.28
1.28
1.28
1.28
1.28001
1.28
1.28
1.28
1.28
1.28
1.28
1.28
1.28
1.28
1.28
1.28
1.28
1.28
1.28
1.28
1.28
1.28
1.28
1.28
1.28
1.28
1.28
1.28
1.28
1.28
1.28
1.28
1.28
1.28
1.28
1.28
1.28
1.28
1.28
1.28
1.28
1.28
1.28
1.28
1.28
1.28
1.28
1.28
1.28
1.28
1.28
1.28
1.28
1.28
1.28
1.28
1.28
1.28
1.28
1.28
1.28
1.28
1.28
1.28
1.28
1.28
1.28
1.28
1.28
1.28
1.28
1.28
1.28
1.28
1.28
1.28
1.28
1.28
1.28
1.28
1.28
1.28
1.28
1.28
1.28
1.28
1.28
1.28
1.28
1.28
1.28
1.28
1.28
1.28
1.28
1.28
1.28
1.28
1.28
1.28
1.28
1.28
1.28
1.28
1.28001
1.28
1.28
1.28
1.28
1.28
1.28
1.28
1.28
1.28
1.28
1.28
1.28
1.28
1.28
1.28
1.28
1.28
1.28
1.28
1.28
1.28
1.28
1.28
1.28
1.28
1.28
1.28
1.28
1.28
1.28
1.28
1.28
1.28
1.28
1.28
1.28
1.28
1.28
1.28
1.28
1.28
1.28
1.28
1.28
1.28
1.28
1.28
1.28
1.28
1.28
1.28
1.28
1.28
1.28
1.28
1.28
1.28
1.28
1.28
1.28
1.28
1.28
1.28
1.28
1.28
1.28
1.28
1.28
1.28
1.28
1.28
1.28
1.28
1.28
1.28
1.28
1.28
1.28
1.28
1.28
1.28
1.28
1.28
1.28
1.28
1.28
1.28
1.28
1.28
1.28
1.28
1.28
1.28
1.28
1.28
1.28
1.28
1.28
1.28
1.28001
1.28
1.28
1.28
1.28
1.28
1.28
1.28
1.28
1.28
1.28
1.28
1.28
1.28
1.28
1.28
1.28
1.28
1.28
1.28
1.28
1.28
1.28
1.28
1.28
1.28
1.28
1.28
1.28
1.28
1.28
1.28
1.28
1.28
1.28
1.28
1.28
1.28
1.28
1.28
1.28
1.28
1.28
1.28
1.28
1.28
1.28
1.28
1.28
1.28
1.28
1.28
1.28
1.28
1.28
1.28
1.28
1.28
1.28
1.28
1.28
1.28
1.28
1.28
1.28
1.28
1.28
1.28
1.28
1.28
1.28
1.28
1.28
1.28
1.28
1.28
1.28
1.28
1.28
1.28
1.28
1.28
1.28
1.28
1.28
1.28
1.28
1.28
1.28
1.28
1.28
1.28
1.28
1.28
1.28
1.28
1.28
1.28
1.28
1.28
1.28
1.28
1.28
1.28
1.28
1.28
1.28
1.28
1.28
1.28
1.28
1.28
1.28
1.28
1.28
1.28
1.28
1.28
1.28
1.28
1.28
1.28
1.28
1.28
1.28
1.28
1.28
1.28
1.28
1.28
1.28
1.28
1.28
1.28
1.28
1.28
1.28
1.28
1.28
1.28
1.28
1.28
1.28
1.28
1.28
1.28
1.28
1.28
1.28
1.28
1.28
1.28
1.28
1.28
1.28
1.28
1.28
1.28
1.28
1.28
1.28
1.28
1.28
1.28
1.28
1.28
1.28
1.28
1.28
1.28
1.28
1.28
1.28
1.28
1.28
1.28
1.28
1.28
1.28
1.28
1.28
1.28
1.28
1.28
1.28
1.28
1.28
1.28
1.28
1.28
1.28
1.28
1.28
1.28
1.28
1.28
1.28
1.28
1.28
1.28
1.28
1.28
1.28
1.28
1.28
1.28
1.28
1.28
1.28
1.28
1.28
1.28
1.28
1.28
1.28
1.28
1.28
1.28
1.28
1.28
1.28
1.28
1.28
1.28
1.28
1.28
1.28
1.28
1.28
1.28
1.28
1.28
1.28
1.28
1.28
1.28
1.28
1.28
1.28
1.28
1.28
1.28
1.28
1.28
1.28
1.28
1.28
1.28
1.28
1.28
1.28
1.28
1.28
1.28
1.28
1.28
1.28
1.28
1.28
1.28
1.28
1.28
1.28
1.28
1.28
1.28
1.28
1.28
1.28
1.28
1.28
1.28
1.28
1.28
1.28
1.28
1.28
1.28
1.28
1.28
1.28
1.28
1.28
1.28
1.28
1.28
1.28
1.28
1.28
1.28
1.28
1.28
1.28
1.28
1.28
1.28
1.28
1.28
1.28
1.28
1.28
1.28
1.28
1.28
1.28
1.28
1.28
1.28
1.28
1.28
1.28
1.28
1.28
1.28
1.28
1.28
1.28
1.28
1.28
1.28
1.28
1.28
1.28
1.28
1.28
1.28
1.28
1.28
1.28
1.28
1.28
1.28
1.28
1.28
1.28
1.28
1.28
1.28
1.28
1.28
1.28
1.28
1.28
1.28
1.28
1.28
1.28
1.28
1.28
1.28
1.28
1.28
1.28
1.28
1.28
1.28
1.28
1.28
1.28
1.28
1.28
1.28
1.28
1.28
1.28
1.28
1.28
1.28
1.28
1.28
1.28
1.28
1.28
1.28
1.28
1.28
1.28
1.28
1.28
1.28
1.28
1.28
1.28
1.28
1.28
1.28
1.28
1.28
1.28
1.28
1.28
1.28
1.28
1.28
1.28
1.28
1.28
1.28
1.28
1.28
1.28
1.28
1.28
1.28
1.28
1.28
1.28
1.28
1.28
1.28
1.28
1.28
1.28
1.28
1.28
1.28
1.28
1.28
1.28
1.28
1.28
1.28
1.28
1.28
1.28
1.28
1.28
1.28
1.28
1.28
1.28
1.28
1.28
1.28
1.28
1.28
1.28
1.28
1.28
1.28
1.28
1.28
1.28
1.28
1.28
1.28
1.28
1.28
1.28
1.28
1.28
1.28
1.28
1.28
1.28
1.28
1.28
1.28
1.28
1.28
1.28
1.28
1.28
1.28
1.28
1.28
1.28
1.28
1.28
1.28
1.28
1.28
1.28
1.28
1.28
1.28
1.28
1.28
1.28
1.28
1.28
1.28
1.28
1.28
1.28
1.28
1.28
1.28
1.28
1.28
1.28
1.28
1.28
1.28
1.28
1.28
1.28
1.28
1.28
1.28
1.28
1.28
1.28
1.28
1.28
1.28
1.28
1.28
1.28
1.28
1.28
1.28
1.28
1.28
1.28
1.28
1.28
1.28
1.28
1.28
1.28
1.28
1.28
1.28
1.28
1.28
1.28
1.28
1.28
1.28
1.28
1.28
1.28
1.28
1.28
1.28
1.28
1.28
1.28
1.28
1.28
1.28
1.28
1.28
1.28
1.28
1.28
1.28
1.28
1.28
1.28
1.28
1.28
1.28
1.28
1.28
1.28
1.28
1.28
1.28
1.28
1.28
1.28
1.28
1.28
1.28
1.28
1.28
1.28
1.28
1.28
1.28
1.28
1.28
1.28
1.28
1.28
1.28
1.28
1.28
1.28
1.28
1.28
1.28
1.28
1.28
1.28
1.28
1.28
1.28
1.28
1.28
1.28
1.28
1.28
1.28
1.28
1.28
1.28
1.28
1.28
1.28
1.28
1.28
1.28
1.28
1.28
1.28
1.28
1.28
1.28
1.28
1.28
1.28
1.28
1.28
1.28
1.28
1.28
1.28
1.28
1.28
1.28
1.28
1.28
1.28
1.28
1.28
1.28
1.28
1.28
1.28
1.28
1.28
1.28
1.28
1.28
1.28
1.28
1.28
1.28
1.28
1.28
1.28
1.28
1.28
1.28
1.28
1.28
1.28
1.28
1.28
1.28
1.28
1.28
1.28
1.28
1.28
1.28
1.28
1.28
1.28
1.28
1.28
1.28
1.28
1.28
1.28
1.28
1.28
1.28
1.28
1.28
1.28
1.28
1.28
1.28
1.28
1.28
1.28
1.28
1.28
1.28
1.28
1.28
1.28
1.28
1.28
1.28
1.28
1.28
1.28
1.28
1.28
1.28
1.28
1.28
1.28
1.28
1.28
1.28
1.28
1.28
1.28
1.28
1.28
1.28
1.28
1.28
1.28
1.28
1.28
1.28
1.28
1.28
1.28
1.28
1.28
1.28
1.28
1.28
1.28
1.28
1.28
1.28
1.28
1.28
1.28
1.28
1.28
1.28
1.28
1.28
1.28
1.28
1.28
1.28
1.28
1.28
1.28
1.28
1.28
1.28
1.28
1.28
1.28
1.28
1.28
1.28
1.28
1.28
1.28
1.28
1.28
1.28
1.28
1.28
1.28
1.28
1.28
1.28
1.28
1.28
1.28
1.28
1.28
1.28
1.28
1.28
1.28
1.28
1.28
1.28
1.28
1.28
1.28
1.28
1.28
1.28
1.28
1.28
1.28
1.28
1.28
1.28
1.28
1.28
1.28
1.28
1.28
1.28
1.28
1.28
1.28
1.28
1.28
1.28
1.28
1.28
1.28
1.28
1.28
1.28
1.28
1.28
1.28
1.28
1.28
1.28
1.28
1.28
1.28
1.28
1.28
1.28
1.28
1.28
1.28
1.28
1.28
1.28
1.28
1.28
1.28
1.28
1.28
1.28
1.28
1.28
1.28
1.28
1.28
1.28
1.28
1.28
1.28
1.28
1.28
1.28
1.28
1.28
1.28
1.28
1.28
1.28
1.28
1.28
1.28
1.28
1.28
1.28
1.28
1.28
1.28
1.28
1.28
1.28
1.28
1.28
1.28
1.28
1.28
1.28
1.28
1.28
1.28
1.28
1.28
1.28
1.28
1.28
1.28
1.28
1.28
1.28
1.28
1.28
1.28
1.28
1.28
1.28
1.28
1.28
1.28
1.28
1.28
1.28
1.28
1.28
1.28
1.28
1.28
1.28
1.28
1.28
1.28
1.28
1.28
1.28
1.28
1.28
1.28
1.28
1.28
1.28
1.28
1.28
1.28
1.28
1.28
1.28
1.28
1.28
1.28
1.28
1.28
1.28
1.28
1.28
1.28
1.28
1.28
1.28
1.28
1.28
1.28
1.28
1.28
1.28
1.28
1.28
1.28
1.28
1.28
1.28
1.28
1.28
1.28
1.28
1.28
1.28
1.28
1.28
1.28
1.28
1.28
1.28
1.28
1.28
1.28
1.28
1.28
1.28
1.28
1.28
1.28
1.28
1.28
1.28
1.28
1.28
1.28
1.28
1.28
1.28
1.28
1.28
1.28
1.28
1.28
1.28
1.28
1.28
1.28
1.28
1.28
1.28
1.28
1.28
1.28
1.28
1.28
1.28
1.28
1.28
1.28
1.28
1.28
1.28
1.28
1.28
1.28
1.28
1.28
1.28
1.28
1.28
1.28
1.28
1.28
1.28
1.28
1.28
1.28
1.28
1.28
1.28
1.28
1.28
1.28
1.28
1.28
1.28
1.28
1.28
1.28
1.28
1.28
1.28
1.28
1.28
1.28
1.28
1.28
1.28
1.28
1.28
1.28
1.28
1.28
1.28
1.28
1.28
1.28
1.28
1.28
1.28
1.28
1.28
1.28
1.28
1.28
1.28
1.28
1.28
1.28
1.28
1.28
1.28
1.28
1.28
1.28
1.28
1.28
1.28
1.28
1.28
1.28
1.28
1.28
1.28
1.28
1.28
1.28
1.28
1.28
1.28
1.28
1.28
1.28
1.28
1.28
1.28
1.28
1.28
1.28
1.28
1.28
1.28
1.28
1.28
1.28
1.28
1.28
1.28
1.28
1.28
1.28
1.28
1.28
1.28
1.28
1.28
1.28
1.28
1.28
1.28
1.28
1.28
1.28
1.28
1.28
1.28
1.28
1.28
1.28
1.28
1.28
1.28
1.28
1.28
1.28
1.28
1.28
1.28
1.28
1.28
1.28
1.28
1.28
1.28
1.28
1.28
1.28
1.28
1.28
1.28
1.28
1.28
1.28
1.28
1.28
1.28
1.28
1.28
1.28
1.28
1.28
1.28
1.28
1.28
1.28
1.28
1.28
1.28
1.28
1.28
1.28
1.28
1.28
1.28
1.28
1.28
1.28
1.28
1.28
1.28
1.28
1.28
1.28
1.28
1.28
1.28
1.28
1.28
1.28
1.28
1.28
1.28
1.28
1.28
1.28
1.28
1.28
1.28
1.28
1.28
1.28
1.28
1.28
1.28
1.28
1.28
1.28
1.28
1.28
1.28
1.28
1.28
1.28
1.28
1.28
1.28
1.28
1.28
1.28
1.28
1.28
1.28
1.28
1.28
1.28
1.28
1.28
1.28
1.28
1.28
1.28
1.28
1.28
1.28
1.28
1.28
1.28
1.28
1.28
1.28
1.28
1.28
1.28
1.28
1.28
1.28
1.28
1.28
1.28
1.28
1.28
1.28
1.28
1.28
1.28
1.28
1.28
1.28
1.28
1.28
1.28
1.28
1.28
1.28
1.28
1.28
1.28
1.28
1.28
1.28
1.28
1.28
1.28
1.28
1.28
1.28
1.28
1.28
1.28
1.28
1.28
1.28
1.28
1.28
1.28
1.28
1.28
1.28
1.28
1.28
1.28
1.28
1.28
1.28
1.28
1.28
1.28
1.28
1.28
1.28
1.28
1.28
1.28
1.28
1.28
1.28
1.28
1.28
1.28
1.28
1.28
1.28
1.28
1.28
1.28
1.28
1.28
1.28
1.28
1.28
1.28
1.28
1.28
1.28
1.28
1.28
1.28
1.28
1.28
1.28
1.28
1.28
1.28
1.28
1.28
1.28
1.28
1.28
1.28
1.28
1.28
1.28
1.28
1.28
1.28
1.28
1.28
1.28
1.28
1.28
1.28
1.28
1.28
1.28
1.28
1.28
1.28
1.28
1.28
1.28
1.28
1.28
1.28
1.28
1.28
1.28
1.28
1.28
1.28
1.28
1.28
1.28
1.28
1.28
1.28
1.28
1.28
1.28
1.28
1.28
1.28
1.28
1.28
1.28
1.28
1.28
1.28
1.28
1.28
1.28
1.28
1.28
1.28
1.28
1.28
1.28
1.28
1.28
1.28
1.28
1.28
1.28
1.28
1.28
1.28
1.28
1.28
1.28
1.28
1.28
1.28
1.28
1.28
1.28
1.28
1.28
1.28
1.28
1.28
1.28
1.28
1.28
1.28
1.28
1.28
1.28
1.28
1.28
1.28
1.28
1.28
1.28
1.28
1.28
1.28
1.28
1.28
1.28
1.28
1.28
1.28
1.28
1.28
1.28
1.28
1.28
1.28
1.28
1.28
1.28
1.28
1.28
1.28
1.28
1.28
1.28
1.28
1.28
1.28
1.28
1.28
1.28
1.28
1.28
1.28
1.28
1.28
1.28
1.28
1.28
1.28
1.28
1.28
1.28
1.28
1.28
1.28
1.28
1.28
1.28
1.28
1.28
1.28
1.28
1.28
1.28
1.28
1.28
1.28
1.28
1.28
1.28
1.28
1.28
1.28
1.28
1.28
1.28
1.28
1.28
1.28
1.28
1.28
1.28
1.28
1.28
1.28
1.28
1.28
1.28
1.28
1.28
1.28
1.28
1.28
1.28
1.28
1.28
1.28
1.28
1.28
1.28
1.28
1.28
1.28
1.28
1.28
1.28
1.28
1.28
1.28
1.28
1.28
1.28
1.28
1.28
1.28
1.28
1.28
1.28
1.28
1.28
1.28
1.28
1.28
1.28
1.28
1.28
1.28
1.28
1.28
1.28
1.28
1.28
1.28
1.28
1.28
1.28
1.28
1.28
1.28
1.28
1.28
1.28
1.28
1.28
1.28
1.28
1.28
1.28
1.28
1.28
1.28
1.28
1.28
1.28
1.28
1.28
1.28
1.28
1.28
1.28
1.28
1.28
1.28
1.28
1.28
1.28
1.28
1.28
1.28
1.28
1.28
1.28
1.28
1.28
1.28
1.28
1.28
1.28
1.28
1.28
1.28
1.28
1.28
1.28
1.28
1.28
1.28
1.28
1.28
1.28
1.28
1.28
1.28
1.28
1.28
1.28
1.28
1.28
1.28
1.28
1.28
1.28
1.28
1.28
1.28
1.28
1.28
1.28
1.28
1.28
1.28
1.28
1.28
1.28
1.28
1.28
1.28
1.28
1.28
1.28
1.28
1.28
1.28
1.28
1.28
1.28
1.28
1.28
1.28
1.28
1.28
1.28
1.28
1.28
1.28
1.28
1.28
1.28
1.28
1.28
1.28
1.28
1.28
1.28
1.28
1.28
1.28
1.28
1.28
1.28
1.28
1.28
1.28
1.28
1.28
1.28
1.28
1.28
1.28
1.28
1.28
1.28
1.28
1.28
1.28
1.28
1.28
1.28
1.28
1.28
1.28
1.28
1.28
1.28
1.28
1.28
1.28
1.28
1.28
1.28
1.28
1.28
1.28
1.28
1.28
1.28
1.28
1.28
1.28
1.28
1.28
1.28
1.28
1.28
1.28
1.28
1.28
1.28
1.28
1.28
1.28
1.28001
1.28001
1.28001
1.28001
1.28001
1.28001
1.28001
1.28001
1.28001
1.28001
1.28
1.28
1.28
1.28
1.28
1.28
1.28
1.28
1.28
1.28
1.28
1.28
1.28
1.28
1.28
1.28
1.28
1.28
1.28
1.28
1.28
1.28
1.28
1.28
1.28
1.28
1.28
1.28
1.28
1.28
1.28
1.28
1.28
1.28
1.28
1.28
1.28
1.28
1.28
1.28
1.28
1.28
1.28
1.28
1.28
1.28
1.28
1.28
1.28
1.28
1.28
1.28
1.28
1.28
1.28
1.28
1.28
1.28
1.28
1.28
1.28
1.28
1.28
1.28
1.28
1.28
1.28
1.28
1.28
1.28
1.28
1.28
1.28
1.28
1.28
1.28
1.28
1.28
1.28
1.28
1.28
1.28
1.28
1.28
1.28
1.28
1.28
1.28
1.28
1.28
1.28001
1.28001
1.28001
1.28001
1.28001
1.28001
1.28001
1.28001
1.28001
1.28001
1.28
1.28
1.28
1.28
1.28
1.28
1.28
1.28
1.28
1.28
1.28
1.28
1.28
1.28
1.28
1.28
1.28
1.28
1.28
1.28
1.28
1.28
1.28
1.28
1.28
1.28
1.28
1.28
1.28
1.28
1.28
1.28
1.28
1.28
1.28
1.28
1.28
1.28
1.28
1.28
1.28
1.28
1.28
1.28
1.28
1.28
1.28
1.28
1.28
1.28
1.28
1.28
1.28
1.28
1.28
1.28
1.28
1.28
1.28
1.28
1.28
1.28
1.28
1.28
1.28
1.28
1.28
1.28
1.28
1.28
1.28
1.28
1.28
1.28
1.28
1.28
1.28
1.28
1.28
1.28
1.28
1.28
1.28
1.28
1.28
1.28
1.28
1.28
1.28
1.28
1.28
1.28
1.28
1.28
1.28
1.28
1.28
1.28
1.28
1.28
1.28
1.28
1.28
1.28
1.28
1.28
1.28
1.28
1.28
1.28
1.28
1.28
1.28
1.28
1.28
1.28
1.28
1.28
1.28
1.28
1.28
1.28
1.28
1.28
1.28
1.28
1.28
1.28
1.28
1.28
1.28
1.28
1.28
1.28
1.28
1.28
1.28
1.28
1.28
1.28
1.28
1.28
1.28
1.28
1.28
1.28
1.28
1.28
1.28
1.28
1.28
1.28
1.28
1.28
1.28
1.28
1.28
1.28
1.28
1.28
1.28
1.28
1.28
1.28
1.28
1.28
1.28
1.28
1.28
1.28
1.28
1.28
1.28
1.28
1.28
1.28
1.28
1.28
1.28
1.28
1.28
1.28
1.28
1.28
1.28
1.28
1.28
1.28
1.28
1.28
1.28
1.28
1.28
1.28
1.28
1.28
1.28
1.28
1.28
1.28
1.28
1.28
1.28
1.28
1.28
1.28
1.28
1.28
1.28
1.28
1.28
1.28
1.28
1.28
1.28
1.28
1.28
1.28
1.28
1.28
1.28
1.28
1.28
1.28
1.28
1.28
1.28
1.28
1.28
1.28
1.28
1.28
1.28
1.28
1.28
1.28
1.28
1.28
1.28
1.28
1.28
1.28
1.28
1.28
1.28
1.28
1.28
1.28
1.28
1.28
1.28
1.28
1.28
1.28
1.28
1.28
1.28
1.28
1.28
1.28
1.28
1.28
1.28
1.28
1.28
1.28
1.28
1.28
1.28
1.28
1.28
1.28
1.28
1.28
1.28
1.28
1.28
1.28
1.28
1.28
1.28
1.28
1.28
1.28
1.28
1.28
1.28
1.28
1.28
1.28
1.28
1.28
1.28
1.28
1.28
1.28
1.28
1.28
1.28
1.28
1.28
1.28
1.28
1.28
1.28
1.28
1.28
1.28
1.28
1.28
1.28
1.28
1.28
1.28
1.28
1.28
1.28
1.28
1.28
1.28
1.28
1.28
1.28
1.28
1.28
1.28
1.28
1.28
1.28
1.28
1.28
1.28
1.28
1.28
1.28
1.28
1.28
1.28
1.28
1.28
1.28
1.28
1.28
1.28
1.28
1.28
1.28
1.28
1.28
1.28
1.28
1.28
1.28
1.28
1.28
1.28
1.28
1.28
1.28
1.28
1.28
1.28
1.28
1.28
1.28
1.28
1.28
1.28
1.28
1.28
1.28
1.28
1.28
1.28
1.28
1.28
1.28
1.28
1.28
1.28
1.28
1.28
1.28
1.28
1.28
1.28
1.28
1.28
1.28
1.28
1.28
1.28
1.28
1.28
1.28
1.28
1.28
1.28
1.28
1.28
1.28
1.28
1.28
1.28
1.28
1.28
1.28
1.28
1.28
1.28
1.28
1.28
1.28
1.28
1.28
1.28
1.28
1.28
1.28
1.28
1.28
1.28
1.28
1.28
1.28
1.28
1.28
1.28
1.28
1.28
1.28
1.28
1.28
1.28
1.28
1.28
1.28
1.28
1.28
1.28
1.28
1.28
1.28
1.28
1.28
1.28
1.28
1.28
1.28
1.28
1.28
1.28
1.28
1.28
1.28
1.28
1.28
1.28
1.28
1.28
1.28
1.28
1.28
1.28
1.28
1.28
1.28
1.28
1.28
1.28
1.28
1.28
1.28
1.28
1.28
1.28
1.28
1.28
1.28
1.28
1.28
1.28
1.28
1.28
1.28
1.28
1.28
1.28
1.28
1.28
1.28
1.28
1.28
1.28
1.28
1.28
1.28
1.28
1.28
1.28
1.28
1.28
1.28
1.28
1.28
1.28
1.28
1.28
1.28
1.28
1.28
1.28
1.28
1.28
1.28
1.28
1.28
1.28
1.28
1.28
1.28
1.28
1.28
1.28
1.28
1.28
1.28
1.28
1.28
1.28
1.28
1.28
1.28
1.28
1.28
1.28
1.28
1.28
1.28
1.28
1.28
1.28
1.28
1.28
1.28
1.28
1.28
1.28
1.28
1.28
1.28
1.28
1.28
1.28
1.28
1.28
1.28
1.28
1.28
1.28
1.28
1.28
1.28
1.28
1.28
1.28
1.28
1.28
1.28
1.28
1.28
1.28
1.28
1.28
1.28
1.28
1.28
1.28
1.28
1.28
1.28
1.28
1.28
1.28
1.28
1.28
1.28
1.28
1.28
1.28
1.28
1.28
1.28
1.28
1.28
1.28
1.28
1.28
1.28
1.28
1.28
1.28
1.28
1.28
1.28
1.28
1.28
1.28
1.28
1.28
1.28
1.28
1.28
1.28
1.28
1.28
1.28
1.28
1.28
1.28
1.28
1.28
1.28
1.28
1.28
1.28
1.28
1.28
1.28
1.28
1.28
1.28
1.28
1.28
1.28
1.28
1.28
1.28
1.28
1.28
1.28
1.28
1.28
1.28
1.28
1.28
1.28
1.28
1.28
1.28
1.28
1.28
1.28
1.28
1.28
1.28
1.28
1.28
1.28
1.28
1.28
1.28
1.28
1.28
1.28
1.28
1.28
1.28
1.28
1.28
1.28
1.28
1.28
1.28
1.28
1.28
1.28
1.28
1.28
1.28
1.28
1.28
1.28
1.28
1.28
1.28
1.28
1.28
1.28
1.28
1.28
1.28
1.28
1.28
1.28
1.28
1.28
1.28
1.28
1.28
1.28
1.28
1.28
1.28
1.28
1.28
1.28
1.28
1.28
1.28
1.28
1.28
1.28
1.28
1.28
1.28
1.28
1.28
1.28
1.28
1.28
1.28
1.28
1.28
1.28
1.28
1.28
1.28
1.28
1.28
1.28
1.28
1.28
1.28
1.28
1.28
1.28
1.28
1.28
1.28
1.28
1.28
1.28
1.28
1.28
1.28
1.28
1.28
1.28
1.28
1.28
1.28
1.28
1.28
1.28
1.28
1.28
1.28
1.28
1.28
1.28
1.28
1.28
1.28
1.28
1.28
1.28
1.28
1.28
1.28
1.28
1.28
1.28
1.28
1.28
1.28
1.28
1.28
1.28
1.28
1.28
1.28
1.28
1.28
1.28
1.28
1.28
1.28
1.28
1.28
1.28
1.28
1.28
1.28
1.28
1.28
1.28
1.28
1.28
1.28
1.28
1.28
1.28
1.28
1.28
1.28
1.28
1.28
1.28
1.28
1.28
1.28
1.28
1.28
1.28
1.28
1.28
1.28
1.28
1.28
1.28
1.28
1.28
1.28
1.28
1.28
1.28
1.28
1.28
1.28
1.28
1.28
1.28
1.28
1.28
1.28
1.28
1.28
1.28
1.28
1.28
1.28
1.28
1.28
1.28
1.28
1.28
1.28
1.28
1.28
1.28
1.28
1.28
1.28
1.28
1.28
1.28
1.28
1.28
1.28
1.28
1.28
1.28
1.28
1.28
1.28
1.28
1.28
1.28
1.28
1.28
1.28
1.28
1.28
1.28
1.28
1.28
1.28
1.28
1.28
1.28
1.28
1.28
1.28
1.28
1.28
1.28
1.28
1.28
1.28
1.28
1.28
1.28
1.28
1.28
1.28
1.28
1.28
1.28
1.28
1.28
1.28
1.28
1.28
1.28
1.28
1.28
1.28
1.28
1.28
1.28
1.28
1.28
1.28
1.28
1.28
1.28
1.28
1.28
1.28
1.28
1.28
1.28
1.28
1.28
1.28
1.28
1.28
1.28
1.28
1.28
1.28
1.28
1.28
1.28
1.28
1.28
1.28
1.28
1.28
1.28
1.28
1.28
1.28
1.28
1.28
1.28
1.28
1.28
1.28
1.28
1.28
1.28
1.28
1.28
1.28
1.28
1.28
1.28
1.28
1.28
1.28
1.28
1.28
1.28
1.28
1.28
1.28
1.28
1.28
1.28
1.28
1.28
1.28
1.28
1.28
1.28
1.28
1.28
1.28
1.28
1.28
1.28
1.28
1.28
1.28
1.28
1.28
1.28
1.28
1.28
1.28
1.28
1.28
1.28
1.28
1.28
1.28
1.28
1.28
1.28
1.28
1.28
1.28
1.28
1.28
1.28
1.28
1.28
1.28
1.28
1.28
1.28
1.28
1.28
1.28
1.28
1.28
1.28
1.28
1.28
1.28
1.28
1.28
1.28
1.28
1.28
1.28
1.28
1.28
1.28
1.28
1.28
1.28
1.28
1.28
1.28
1.28
1.28
1.28
1.28
1.28
1.28
1.28
1.28
1.28
1.28
1.28
1.28
1.28
1.28
1.28
1.28
1.28
1.28
1.28
1.28
1.28
1.28
1.28
1.28
1.28
1.28
1.28
1.28
1.28
1.28
1.28
1.28
1.28
1.28
1.28
1.28
1.28
1.28
1.28
1.28
1.28
1.28
1.28
1.28
1.28
1.28
1.28
1.28
1.28
1.28
1.28
1.28
1.28
1.28
1.28
1.28
1.28
1.28
1.28
1.28
1.28
1.28
1.28
1.28
1.28
1.28
1.28
1.28
1.28
1.28
1.28
1.28
1.28
1.28
1.28
1.28
1.28
1.28
1.28
1.28
1.28
1.28
1.28
1.28
1.28
1.28
1.28
1.28
1.28
1.28
1.28
1.28
1.28
1.28
1.28
1.28
1.28
1.28
1.28
1.28
1.28
1.28
1.28
1.28
1.28
1.28
1.28
1.28
1.28
1.28
1.28
1.28
1.28
1.28
1.28
1.28
1.28
1.28
1.28
1.28
1.28
1.28
1.28
1.28
1.28
1.28
1.28
1.28
1.28
1.28
1.28
1.28
1.28
1.28
1.28
1.28
1.28
1.28
1.28
1.28
1.28
1.28
1.28
1.28
1.28
1.28
1.28
1.28
1.28
1.28
1.28
1.28
1.28
1.28
1.28
1.28
1.28
1.28
1.28
1.28
1.28
1.28
1.28
1.28
1.28
1.28
1.28
1.28
1.28
1.28
1.28
1.28
1.28
1.28
1.28
1.28
1.28
1.28
1.28
1.28
1.28
1.28
1.28
1.28
1.28
1.28
1.28
1.28
1.28
1.28
1.28
1.28
1.28
1.28
1.28
1.28
1.28
1.28
1.28
1.28
1.28
1.28
1.28
1.28
1.28
1.28
1.28
1.28
1.28
1.28
1.28
1.28
1.28
1.28
1.28
1.28
1.28
1.28
1.28
1.28
1.28
1.28
1.28
1.28
1.28
1.28
1.28
1.28
1.28
1.28
1.28
1.28
1.28
1.28
1.28
1.28
1.28
1.28
1.28
1.28
1.28
1.28
1.28
1.28
1.28
1.28
1.28
1.28
1.28
1.28
1.28
1.28
1.28
1.28
1.28
1.28
1.28
1.28
1.28
1.28
1.28
1.28
1.28
1.28
1.28
1.28
1.28
1.28
1.28
1.28
1.28
1.28
1.28
1.28
1.28
1.28
1.28
1.28
1.28
1.28
1.28
1.28
1.28
1.28
1.28
1.28
1.28
1.28
1.28
1.28
1.28
1.28
1.28
1.28
1.28
1.28
1.28
1.28
1.28
1.28
1.28
1.28
1.28
1.28
1.28
1.28
1.28
1.28
1.28
1.28
1.28
1.28
1.28
1.28
1.28
1.28
1.28
1.28
1.28
1.28
1.28
1.28
1.28
1.28
1.28
1.28
1.28
1.28
1.28
1.28
1.28
1.28
1.28
1.28
1.28
1.28
1.28
1.28
1.28
1.28
1.28
1.28
1.28
1.28
1.28
1.28
1.28
1.28
1.28
1.28
1.28
1.28
1.28
1.28
1.28
1.28
1.28
1.28
1.28
1.28
1.28
1.28
1.28
1.28
1.28
1.28
1.28
1.28
1.28
1.28
1.28
1.28
1.28
1.28
1.28
1.28
1.28
1.28
1.28
1.28
1.28
1.28
1.28
1.28
1.28
1.28
1.28
1.28
1.28
1.28
1.28
1.28
1.28
1.28
1.28
1.28
1.28
1.28
1.28
1.28
1.28
1.28
1.28
1.28
1.28
1.28
1.28
1.28
1.28
1.28
1.28
1.28
1.28
1.28
1.28
1.28
1.28
1.28
1.28
1.28
1.28
1.28
1.28
1.28
1.28
1.28
1.28
1.28
1.28
1.28
1.28
1.28
1.28
1.28
1.28
1.28
1.28
1.28
1.28
1.28
1.28
1.28
1.28
1.28
1.28
1.28
1.28
1.28
1.28
1.28
1.28
1.28
1.28
1.28
1.28
1.28
1.28
1.28
1.28
1.28
1.28
1.28
1.28
1.28
1.28
1.28
1.28
1.28
1.28
1.28
1.28
1.28
1.28
1.28
1.28
1.28
1.28
1.28
1.28
1.28
1.28
1.28
1.28
1.28
1.28
1.28
1.28
1.28
1.28
1.28
1.28
1.28
1.28
1.28
1.28
1.28
1.28
1.28
1.28
1.28
1.28
1.28
1.28
1.28
1.28
1.28
1.28
1.28
1.28
1.28
1.28
1.28
1.28
1.28
1.28
1.28
1.28
1.28
1.28
1.28
1.28
1.28
1.28
1.28
1.28
1.28
1.28
1.28
1.28
1.28
1.28
1.28
1.28
1.28
1.28
1.28
1.28
1.28
1.28
1.28
1.28
1.28
1.28
1.28
1.28
1.28
1.28
1.28
1.28
1.28
1.28
1.28
1.28
1.28
1.28
1.28
1.28
1.28
1.28
1.28
1.28
1.28
1.28
1.28
1.28
1.28
1.28
1.28
1.28
1.28
1.28
1.28
1.28
1.28
1.28
1.28
1.28
1.28
1.28
1.28
1.28
1.28
1.28
1.28
1.28
1.28
1.28
1.28
1.28
1.28
1.28
1.28
1.28
1.28
1.28
1.28
1.28
1.28
1.28
1.28
1.28
1.28
1.28
1.28
1.28
1.28
1.28
1.28
1.28
1.28
1.28
1.28
1.28
1.28
1.28
1.28
1.28
1.28
1.28
1.28
1.28
1.28
1.28
1.28
1.28
1.28
1.28
1.28
1.28
1.28
1.28
1.28
1.28
1.28
1.28
1.28
1.28
1.28
1.28
1.28
1.28
1.28
1.28
1.28
1.28
1.28
1.28
1.28
1.28
1.28
1.28
1.28
1.28
1.28
1.28
1.28
1.28
1.28
1.28
1.28
1.28
1.28
1.28001
1.28
1.28
1.28
1.28
1.28
1.28
1.28
1.28
1.28
1.28
1.28
1.28
1.28
1.28
1.28
1.28
1.28
1.28
1.28
1.28
1.28
1.28
1.28
1.28
1.28
1.28
1.28
1.28
1.28
1.28
1.28
1.28
1.28
1.28
1.28
1.28
1.28
1.28
1.28
1.28
1.28
1.28
1.28
1.28
1.28
1.28
1.28
1.28
1.28
1.28
1.28
1.28
1.28
1.28
1.28
1.28
1.28
1.28
1.28
1.28
1.28
1.28
1.28
1.28
1.28
1.28
1.28
1.28
1.28
1.28
1.28
1.28
1.28
1.28
1.28
1.28
1.28
1.28
1.28
1.28
1.28
1.28
1.28
1.28
1.28
1.28
1.28
1.28
1.28
1.28
1.28
1.28
1.28
1.28
1.28
1.28
1.28
1.28
1.28
1.28001
1.28
1.28
1.28
1.28
1.28
1.28
1.28
1.28
1.28
1.28
1.28
1.28
1.28
1.28
1.28
1.28
1.28
1.28
1.28
1.28
1.28
1.28
1.28
1.28
1.28
1.28
1.28
1.28
1.28
1.28
1.28
1.28
1.28
1.28
1.28
1.28
1.28
1.28
1.28
1.28
1.28
1.28
1.28
1.28
1.28
1.28
1.28
1.28
1.28
1.28
1.28
1.28
1.28
1.28
1.28
1.28
1.28
1.28
1.28
1.28
1.28
1.28
1.28
1.28
1.28
1.28
1.28
1.28
1.28
1.28
1.28
1.28
1.28
1.28
1.28
1.28
1.28
1.28
1.28
1.28
1.28
1.28
1.28
1.28
1.28
1.28
1.28
1.28
1.28
1.28
1.28
1.28
1.28
1.28
1.28
1.28
1.28
1.28
1.28
1.28001
1.28
1.28
1.28
1.28
1.28
1.28
1.28
1.28
1.28
1.28
1.28
1.28
1.28
1.28
1.28
1.28
1.28
1.28
1.28
1.28
1.28
1.28
1.28
1.28
1.28
1.28
1.28
1.28
1.28
1.28
1.28
1.28
1.28
1.28
1.28
1.28
1.28
1.28
1.28
1.28
1.28
1.28
1.28
1.28
1.28
1.28
1.28
1.28
1.28
1.28
1.28
1.28
1.28
1.28
1.28
1.28
1.28
1.28
1.28
1.28
1.28
1.28
1.28
1.28
1.28
1.28
1.28
1.28
1.28
1.28
1.28
1.28
1.28
1.28
1.28
1.28
1.28
1.28
1.28
1.28
1.28
1.28
1.28
1.28
1.28
1.28
1.28
1.28
1.28
1.28
1.28
1.28
1.28
1.28
1.28
1.28
1.28
1.28
1.28
1.28001
1.28
1.28
1.28
1.28
1.28
1.28
1.28
1.28
1.28
1.28
1.28
1.28
1.28
1.28
1.28
1.28
1.28
1.28
1.28
1.28
1.28
1.28
1.28
1.28
1.28
1.28
1.28
1.28
1.28
1.28
1.28
1.28
1.28
1.28
1.28
1.28
1.28
1.28
1.28
1.28
1.28
1.28
1.28
1.28
1.28
1.28
1.28
1.28
1.28
1.28
1.28
1.28
1.28
1.28
1.28
1.28
1.28
1.28
1.28
1.28
1.28
1.28
1.28
1.28
1.28
1.28
1.28
1.28
1.28
1.28
1.28
1.28
1.28
1.28
1.28
1.28
1.28
1.28
1.28
1.28
1.28
1.28
1.28
1.28
1.28
1.28
1.28
1.28
1.28
1.28
1.28
1.28
1.28
1.28
1.28
1.28
1.28
1.28
1.28
1.28001
1.28
1.28
1.28
1.28
1.28
1.28
1.28
1.28
1.28
1.28
1.28
1.28
1.28
1.28
1.28
1.28
1.28
1.28
1.28
1.28
1.28
1.28
1.28
1.28
1.28
1.28
1.28
1.28
1.28
1.28
1.28
1.28
1.28
1.28
1.28
1.28
1.28
1.28
1.28
1.28
1.28
1.28
1.28
1.28
1.28
1.28
1.28
1.28
1.28
1.28
1.28
1.28
1.28
1.28
1.28
1.28
1.28
1.28
1.28
1.28
1.28
1.28
1.28
1.28
1.28
1.28
1.28
1.28
1.28
1.28
1.28
1.28
1.28
1.28
1.28
1.28
1.28
1.28
1.28
1.28
1.28
1.28
1.28
1.28
1.28
1.28
1.28
1.28
1.28
1.28
1.28
1.28
1.28
1.28
1.28
1.28
1.28
1.28
1.28
1.28001
1.28
1.28
1.28
1.28
1.28
1.28
1.28
1.28
1.28
1.28
1.28
1.28
1.28
1.28
1.28
1.28
1.28
1.28
1.28
1.28
1.28
1.28
1.28
1.28
1.28
1.28
1.28
1.28
1.28
1.28
1.28
1.28
1.28
1.28
1.28
1.28
1.28
1.28
1.28
1.28
1.28
1.28
1.28
1.28
1.28
1.28
1.28
1.28
1.28
1.28
1.28
1.28
1.28
1.28
1.28
1.28
1.28
1.28
1.28
1.28
1.28
1.28
1.28
1.28
1.28
1.28
1.28
1.28
1.28
1.28
1.28
1.28
1.28
1.28
1.28
1.28
1.28
1.28
1.28
1.28
1.28
1.28
1.28
1.28
1.28
1.28
1.28
1.28
1.28
1.28
1.28
1.28
1.28
1.28
1.28
1.28
1.28
1.28
1.28
1.28
1.28
1.28
1.28
1.28
1.28
1.28
1.28
1.28
1.28
1.28
1.28
1.28
1.28
1.28
1.28
1.28
1.28
1.28
1.28
1.28
1.28
1.28
1.28
1.28
1.28
1.28
1.28
1.28
1.28
1.28
1.28
1.28
1.28
1.28
1.28
1.28
1.28
1.28
1.28
1.28
1.28
1.28
1.28
1.28
1.28
1.28
1.28
1.28
1.28
1.28
1.28
1.28
1.28
1.28
1.28
1.28
1.28
1.28
1.28
1.28
1.28
1.28
1.28
1.28
1.28
1.28
1.28
1.28
1.28
1.28
1.28
1.28
1.28
1.28
1.28
1.28
1.28
1.28
1.28
1.28
1.28
1.28
1.28
1.28
1.28
1.28
1.28
1.28
1.28
1.28
1.28
1.28
1.28
1.28
1.28
1.28
1.28
1.28
1.28
1.28
1.28
1.28
1.28
1.28
1.28
1.28
1.28
1.28
1.28
1.28
1.28
1.28
1.28
1.28
1.28
1.28
1.28
1.28
1.28
1.28
1.28
1.28
1.28
1.28
1.28
1.28
1.28
1.28
1.28
1.28
1.28
1.28
1.28
1.28
1.28
1.28
1.28
1.28
1.28
1.28
1.28
1.28
1.28
1.28
1.28
1.28
1.28
1.28
1.28
1.28
1.28
1.28
1.28
1.28
1.28
1.28
1.28
1.28
1.28
1.28
1.28
1.28
1.28
1.28
1.28
1.28
1.28
1.28
1.28
1.28
1.28
1.28
1.28
1.28
1.28
1.28
1.28
1.28
1.28
1.28
1.28
1.28
1.28
1.28
1.28
1.28
1.28
1.28
1.28
1.28
1.28
1.28
1.28
1.28
1.28
1.28
1.28
1.28
1.28
1.28
1.28
1.28
1.28
1.28
1.28
1.28
1.28
1.28
1.28
1.28
1.28
1.28
1.28
1.28
1.28
1.28
1.28
1.28
1.28
1.28
1.28
1.28
1.28
1.28
1.28
1.28
1.28
1.28
1.28
1.28
1.28
1.28
1.28
1.28
1.28
1.28
1.28
1.28
1.28
1.28
1.28
1.28
1.28
1.28
1.28
1.28
1.28
1.28
1.28
1.28
1.28
1.28
1.28
1.28
1.28
1.28
1.28
1.28
1.28
1.28
1.28
1.28
1.28
1.28
1.28
1.28
1.28
1.28
1.28
1.28
1.28
1.28
1.28
1.28
1.28
1.28
1.28
1.28
1.28
1.28
1.28
1.28
1.28
1.28
1.28
1.28
1.28
1.28
1.28
1.28
1.28
1.28
1.28
1.28
1.28
1.28
1.28
1.28
1.28
1.28
1.28
1.28
1.28
1.28
1.28
1.28
1.28
1.28
1.28
1.28
1.28
1.28
1.28
1.28
1.28
1.28
1.28
1.28
1.28
1.28
1.28
1.28
1.28
1.28
1.28
1.28
1.28
1.28
1.28
1.28
1.28
1.28
1.28
1.28
1.28
1.28
1.28
1.28
1.28
1.28
1.28
1.28
1.28
1.28
1.28
1.28
1.28
1.28
1.28
1.28
1.28
1.28
1.28
1.28
1.28
1.28
1.28
1.28
1.28
1.28
1.28
1.28
1.28
1.28
1.28
1.28
1.28
1.28
1.28
1.28
1.28
1.28
1.28
1.28
1.28
1.28
1.28
1.28
1.28
1.28
1.28
1.28
1.28
1.28
1.28
1.28
1.28
1.28
1.28
1.28
1.28
1.28
1.28
1.28
1.28
1.28
1.28
1.28
1.28
1.28
1.28
1.28
1.28
1.28
1.28
1.28
1.28
1.28
1.28
1.28
1.28
1.28
1.28
1.28
1.28
1.28
1.28
1.28
1.28
1.28
1.28
1.28
1.28
1.28
1.28
1.28
1.28
1.28
1.28
1.28
1.28
1.28
1.28
1.28
1.28
1.28
1.28
1.28
1.28
1.28
1.28
1.28
1.28
1.28
1.28
1.28
1.28
1.28
1.28
1.28
1.28
1.28
1.28
1.28
1.28
1.28
1.28
1.28
1.28
1.28
1.28
1.28
1.28
1.28
1.28
1.28
1.28
1.28
1.28
1.28
1.28
1.28
1.28
1.28
1.28
1.28
1.28
1.28
1.28
1.28
1.28
1.28
1.28
1.28
1.28
1.28
1.28
1.28
1.28
1.28
1.28
1.28
1.28
1.28
1.28
1.28
1.28
1.28
1.28
1.28
1.28
1.28
1.28
1.28
1.28
1.28
1.28
1.28
1.28
1.28
1.28
1.28
1.28
1.28
1.28
1.28
1.28
1.28
1.28
1.28
1.28
1.28
1.28
1.28
1.28
1.28
1.28
1.28
1.28
1.28
1.28
1.28
1.28
1.28
1.28
1.28
1.28
1.28
1.28
1.28
1.28
1.28
1.28
1.28
1.28
1.28
1.28
1.28
1.28
1.28
1.28
1.28
1.28
1.28
1.28
1.28
1.28
1.28
1.28
1.28
1.28
1.28
1.28
1.28
1.28
1.28
1.28
1.28
1.28
1.28
1.28
1.28
1.28
1.28
1.28
1.28
1.28
1.28
1.28
1.28
1.28
1.28
1.28
1.28
1.28
1.28
1.28
1.28
1.28
1.28
1.28
1.28
1.28
1.28
1.28
1.28
1.28
1.28
1.28
1.28
1.28
1.28
1.28
1.28
1.28
1.28
1.28
1.28
1.28
1.28
1.28
1.28
1.28
1.28
1.28
1.28
1.28
1.28
1.28
1.28
1.28
1.28
1.28
1.28
1.28
1.28
1.28
1.28
1.28
1.28
1.28
1.28
1.28
1.28
1.28
1.28
1.28
1.28
1.28
1.28
1.28
1.28
1.28
1.28
1.28
1.28
1.28
1.28
1.28
1.28
1.28
1.28
1.28
1.28
1.28
1.28
1.28
1.28
1.28
1.28
1.28
1.28
1.28
1.28
1.28
1.28
1.28
1.28
1.28
1.28
1.28
1.28
1.28
1.28
1.28
1.28
1.28
1.28
1.28
1.28
1.28
1.28
1.28
1.28
1.28
1.28
1.28
1.28
1.28
1.28
1.28
1.28
1.28
1.28
1.28
1.28
1.28
1.28
1.28
1.28
1.28
1.28
1.28
1.28
1.28
1.28
1.28
1.28
1.28
1.28
1.28
1.28
1.28
1.28
1.28
1.28
1.28
1.28
1.28
1.28
1.28
1.28
1.28
1.28
1.28
1.28
1.28
1.28
1.28
1.28
1.28
1.28
1.28
1.28
1.28
1.28
1.28
1.28
1.28
1.28
1.28
1.28
1.28
1.28
1.28
1.28
1.28
1.28
1.28
1.28
1.28
1.28
1.28
1.28
1.28
1.28
1.28
1.28
1.28
1.28
1.28
1.28
1.28
1.28
1.28
1.28
1.28
1.28
1.28
1.28
1.28
1.28
1.28
1.28
1.28
1.28
1.28
1.28
1.28
1.28
1.28
1.28
1.28
1.28
1.28
1.28
1.28
1.28
1.28
1.28
1.28
1.28
1.28
1.28
1.28
1.28
1.28
1.28
1.28
1.28
1.28
1.28
1.28
1.28
1.28
1.28
1.28
1.28
1.28
1.28
1.28
1.28
1.28
1.28
1.28
1.28
1.28
1.28
1.28
1.28
1.28
1.28
1.28
1.28
1.28
1.28
1.28
1.28
1.28
1.28
1.28
1.28
1.28
1.28
1.28
1.28
1.28
1.28
1.28
1.28
1.28
1.28
1.28
1.28
1.28
1.28
1.28
1.28
1.28
1.28
1.28
1.28
1.28
1.28
1.28
1.28
1.28
1.28
1.28
1.28
1.28
1.28
1.28
1.28
1.28
1.28
1.28
1.28
1.28
1.28
1.28
1.28
1.28
1.28
1.28
1.28
1.28
1.28
1.28
1.28
1.28
1.28
1.28
1.28
1.28
1.28
1.28
1.28
1.28
1.28
1.28
1.28
1.28
1.28
1.28
1.28
1.28
1.28
1.28
1.28
1.28
1.28
1.28
1.28
1.28
1.28
1.28
1.28
1.28
1.28
1.28
1.28
1.28
1.28
1.28
1.28
1.28
1.28
1.28
1.28
1.28
1.28
1.28
1.28
1.28
1.28
1.28
1.28
1.28
1.28
1.28
1.28
1.28
1.28
1.28
1.28
1.28
1.28
1.28
1.28
1.28
1.28
1.28
1.28
1.28
1.28
1.28
1.28
1.28
1.28
1.28
1.28
1.28
1.28
1.28
1.28
1.28
1.28
1.28
1.28
1.28
1.28
1.28
1.28
1.28
1.28
1.28
1.28
1.28
1.28
1.28
1.28
1.28
1.28
1.28
1.28
1.28
1.28
1.28
1.28
1.28
1.28
1.28
1.28
1.28
1.28
1.28
1.28
1.28
1.28
1.28
1.28
1.28
1.28
1.28
1.28
1.28
1.28
1.28
1.28
1.28
1.28
1.28
1.28
1.28
1.28
1.28
1.28
1.28
1.28
1.28
1.28
1.28
1.28
1.28
1.28
1.28
1.28
1.28
1.28
1.28
1.28
1.28
1.28
1.28
1.28
1.28
1.28
1.28
1.28
1.28
1.28
1.28
1.28
1.28
1.28
1.28
1.28
1.28
1.28
1.28
1.28
1.28
1.28
1.28
1.28
1.28
1.28
1.28
1.28
1.28
1.28
1.28
1.28
1.28
1.28
1.28
1.28
1.28
1.28
1.28
1.28
1.28
1.28
1.28
1.28
1.28
1.28
1.28
1.28
1.28
1.28
1.28
1.28
1.28
1.28
1.28
1.28
1.28
1.28
1.28
1.28
1.28
1.28
1.28
1.28
1.28
1.28
1.28
1.28
1.28
1.28
1.28
1.28
1.28
1.28
1.28
1.28
1.28
1.28
1.28
1.28
1.28
1.28
1.28
1.28
1.28
1.28
1.28
1.28
1.28
1.28
1.28
1.28
1.28
1.28
1.28
1.28
1.28
1.28
1.28
1.28
1.28
1.28
1.28
1.28
1.28
1.28
1.28
1.28
1.28
1.28
1.28
1.28
1.28
1.28
1.28
1.28
1.28
1.28
1.28
1.28
1.28
1.28
1.28
1.28
1.28
1.28
1.28
1.28
1.28
1.28
1.28
1.28
1.28
1.28
1.28
1.28
1.28
1.28
1.28
1.28
1.28
1.28
1.28
1.28
1.28
1.28
1.28
1.28
1.28
1.28
1.28
1.28
1.28
1.28
1.28
1.28
1.28
1.28
1.28
1.28
1.28
1.28
1.28
1.28
1.28
1.28
1.28
1.28
1.28
1.28
1.28
1.28
1.28
1.28
1.28
1.28
1.28
1.28
1.28
1.28
1.28
1.28
1.28
1.28
1.28
1.28
1.28
1.28
1.28
1.28
1.28
1.28
1.28
1.28
1.28
1.28
1.28
1.28
1.28
1.28
1.28
1.28
1.28
1.28
1.28
1.28
1.28
1.28
1.28
1.28
1.28
1.28
1.28
1.28
1.28
1.28
1.28
1.28
1.28
1.28
1.28
1.28
1.28
1.28
1.28
1.28
1.28
1.28
1.28
1.28
1.28
1.28
1.28
1.28
1.28
1.28
1.28
1.28
1.28
1.28
1.28
1.28
1.28
1.28
1.28
1.28
1.28
1.28
1.28
1.28
1.28
1.28
1.28
1.28
1.28
1.28
1.28
1.28
1.28
1.28
1.28
1.28
1.28
1.28
1.28
1.28
1.28
1.28
1.28
1.28
1.28
1.28
1.28
1.28
1.28
1.28
1.28
1.28
1.28
1.28
1.28
1.28
1.28
1.28
1.28
1.28
1.28
1.28
1.28
1.28
1.28
1.28
1.28
1.28
1.28
1.28
1.28
1.28
1.28
1.28
1.28
1.28
1.28
1.28
1.28
1.28
1.28
1.28
1.28
1.28
1.28
1.28
1.28
1.28
1.28
1.28
1.28
1.28
1.28
1.28
1.28
1.28
1.28
1.28
1.28
1.28
1.28
1.28
1.28
1.28
1.28
1.28
1.28
1.28
1.28
1.28
1.28
1.28
1.28
1.28
1.28
1.28
1.28
1.28
1.28
1.28
1.28
1.28
1.28
1.28
1.28
1.28
1.28
1.28
1.28
1.28
1.28
1.28
1.28
1.28
1.28
1.28
1.28
1.28
1.28
1.28
1.28
1.28
1.28
1.28
1.28
1.28
1.28
1.28
1.28
1.28
1.28
1.28
1.28
1.28
1.28
1.28
1.28
1.28
1.28
1.28
1.28
1.28
1.28
1.28
1.28
1.28
1.28
1.28
1.28
1.28
1.28
1.28
1.28
1.28
1.28
1.28
1.28
1.28
1.28
1.28
1.28
1.28
1.28
1.28
1.28
1.28
1.28
1.28
1.28
1.28
1.28
1.28
1.28
1.28
1.28
1.28
1.28
1.28
1.28
1.28
1.28
1.28
1.28
1.28
1.28
1.28
1.28
1.28
1.28
1.28
1.28
1.28
1.28
1.28
1.28
1.28
1.28
1.28
1.28
1.28
1.28
1.28
1.28
1.28
1.28
1.28
1.28
1.28
1.28
1.28
1.28
1.28
1.28
1.28
1.28
1.28
1.28
1.28
1.28
1.28
1.28
1.28
1.28
1.28
1.28
1.28
1.28
1.28
1.28
1.28
1.28
1.28
1.28
1.28
1.28
1.28
1.28
1.28
1.28
1.28
1.28
1.28
1.28
1.28
1.28
1.28
1.28
1.28
1.28
1.28
1.28
1.28
1.28
1.28
1.28
1.28
1.28
1.28
1.28
1.28
1.28
1.28
1.28
1.28
1.28
1.28
1.28
1.28
1.28
1.28
1.28
1.28
1.28
1.28
1.28
1.28
1.28
1.28
1.28
1.28
1.28
1.28
1.28
1.28
1.28
1.28
1.28
1.28
1.28
1.28
1.28
1.28
1.28
1.28
1.28
1.28
1.28
1.28
1.28
1.28
1.28
1.28
1.28
1.28
1.28
1.28
1.28
1.28
1.28
1.28
1.28
1.28
1.28
1.28
1.28
1.28
1.28
1.28
1.28
1.28
1.28
1.28
1.28001
1.28001
1.28001
1.28001
1.28001
1.28001
1.28001
1.28001
1.28001
1.28001
8.20471
1.28126
1.27999
1.28
1.28
1.28
1.28
1.28
1.28
1.28
8.23686
1.29096
1.28
1.28
1.28
1.28
1.28
1.28
1.28
1.28
8.25485
1.29397
1.28
1.28
1.28
1.28
1.28
1.28
1.28
1.28
8.26206
1.29453
1.28001
1.28
1.28
1.28
1.28
1.28
1.28
1.28
8.26542
1.29472
1.28001
1.28
1.28
1.28
1.28
1.28
1.28
1.28
8.26671
1.29472
1.28001
1.28
1.28
1.28
1.28
1.28
1.28
1.28
8.26638
1.29457
1.28001
1.28
1.28
1.28
1.28
1.28
1.28
1.28
8.26356
1.29405
1.28001
1.28
1.28
1.28
1.28
1.28
1.28
1.28
8.25389
1.29122
1.28
1.28
1.28
1.28
1.28
1.28
1.28
1.28
8.23334
1.28213
1.27999
1.28
1.28
1.28
1.28
1.28
1.28
1.28
8.23535
1.29093
1.28
1.28
1.28
1.28
1.28
1.28
1.28
1.28
8.25443
1.29597
1.28001
1.28
1.28
1.28
1.28
1.28
1.28
1.28
8.26395
1.297
1.28001
1.28
1.28
1.28
1.28
1.28
1.28
1.28
8.26799
1.29707
1.28001
1.28
1.28
1.28
1.28
1.28
1.28
1.28
8.26995
1.29709
1.28001
1.28
1.28
1.28
1.28
1.28
1.28
1.28
8.27055
1.29708
1.28001
1.28
1.28
1.28
1.28
1.28
1.28
1.28
8.26997
1.29708
1.28001
1.28
1.28
1.28
1.28
1.28
1.28
1.28
8.26778
1.29702
1.28001
1.28
1.28
1.28
1.28
1.28
1.28
1.28
8.2613
1.29599
1.28001
1.28
1.28
1.28
1.28
1.28
1.28
1.28
8.24726
1.29108
1.28
1.28
1.28
1.28
1.28
1.28
1.28
1.28
8.252
1.29393
1.28
1.28
1.28
1.28
1.28
1.28
1.28
1.28
8.26272
1.297
1.28001
1.28
1.28
1.28
1.28
1.28
1.28
1.28
8.26787
1.29742
1.28001
1.28
1.28
1.28
1.28
1.28
1.28
1.28
8.27017
1.29739
1.28001
1.28
1.28
1.28
1.28
1.28
1.28
1.28
8.27126
1.29737
1.28001
1.28
1.28
1.28
1.28
1.28
1.28
1.28
8.27139
1.29737
1.28001
1.28
1.28
1.28
1.28
1.28
1.28
1.28
8.27056
1.29739
1.28001
1.28
1.28
1.28
1.28
1.28
1.28
1.28
8.26861
1.29743
1.28001
1.28
1.28
1.28
1.28
1.28
1.28
1.28
8.26402
1.297
1.28001
1.28
1.28
1.28
1.28
1.28
1.28
1.28
8.25413
1.29392
1.28
1.28
1.28
1.28
1.28
1.28
1.28
1.28
8.25796
1.29449
1.28001
1.28
1.28
1.28
1.28
1.28
1.28
1.28
8.26578
1.29706
1.28001
1.28
1.28
1.28
1.28
1.28
1.28
1.28
8.26935
1.29738
1.28001
1.28
1.28
1.28
1.28
1.28
1.28
1.28
8.27094
1.29735
1.28001
1.28
1.28
1.28
1.28
1.28
1.28
1.28
8.2716
1.29734
1.28001
1.28
1.28
1.28
1.28
1.28
1.28
1.28
8.27144
1.29734
1.28001
1.28
1.28
1.28
1.28
1.28
1.28
1.28
8.27042
1.29735
1.28001
1.28
1.28
1.28
1.28
1.28
1.28
1.28
8.26844
1.29738
1.28001
1.28
1.28
1.28
1.28
1.28
1.28
1.28
8.26442
1.29705
1.28001
1.28
1.28
1.28
1.28
1.28
1.28
1.28
8.25601
1.29446
1.28001
1.28
1.28
1.28
1.28
1.28
1.28
1.28
8.26009
1.29467
1.28001
1.28
1.28
1.28
1.28
1.28
1.28
1.28
8.26697
1.29707
1.28001
1.28
1.28
1.28
1.28
1.28
1.28
1.28
8.26998
1.29736
1.28001
1.28
1.28
1.28
1.28
1.28
1.28
1.28
8.27128
1.29734
1.28001
1.28
1.28
1.28
1.28
1.28
1.28
1.28
8.27175
1.29733
1.28001
1.28
1.28
1.28
1.28
1.28
1.28
1.28
8.27145
1.29732
1.28001
1.28
1.28
1.28
1.28
1.28
1.28
1.28
8.27033
1.29732
1.28001
1.28
1.28
1.28
1.28
1.28
1.28
1.28
8.26832
1.29734
1.28001
1.28
1.28
1.28
1.28
1.28
1.28
1.28
8.26448
1.29705
1.28001
1.28
1.28
1.28
1.28
1.28
1.28
1.28
8.25656
1.29462
1.28001
1.28
1.28
1.28
1.28
1.28
1.28
1.28
8.26009
1.29467
1.28001
1.28
1.28
1.28
1.28
1.28
1.28
1.28
8.26697
1.29707
1.28001
1.28
1.28
1.28
1.28
1.28
1.28
1.28
8.26998
1.29736
1.28001
1.28
1.28
1.28
1.28
1.28
1.28
1.28
8.27128
1.29734
1.28001
1.28
1.28
1.28
1.28
1.28
1.28
1.28
8.27175
1.29733
1.28001
1.28
1.28
1.28
1.28
1.28
1.28
1.28
8.27145
1.29732
1.28001
1.28
1.28
1.28
1.28
1.28
1.28
1.28
8.27033
1.29732
1.28001
1.28
1.28
1.28
1.28
1.28
1.28
1.28
8.26832
1.29734
1.28001
1.28
1.28
1.28
1.28
1.28
1.28
1.28
8.26448
1.29705
1.28001
1.28
1.28
1.28
1.28
1.28
1.28
1.28
8.25656
1.29462
1.28001
1.28
1.28
1.28
1.28
1.28
1.28
1.28
8.25796
1.29449
1.28001
1.28
1.28
1.28
1.28
1.28
1.28
1.28
8.26578
1.29706
1.28001
1.28
1.28
1.28
1.28
1.28
1.28
1.28
8.26935
1.29738
1.28001
1.28
1.28
1.28
1.28
1.28
1.28
1.28
8.27094
1.29735
1.28001
1.28
1.28
1.28
1.28
1.28
1.28
1.28
8.2716
1.29734
1.28001
1.28
1.28
1.28
1.28
1.28
1.28
1.28
8.27144
1.29734
1.28001
1.28
1.28
1.28
1.28
1.28
1.28
1.28
8.27042
1.29735
1.28001
1.28
1.28
1.28
1.28
1.28
1.28
1.28
8.26844
1.29738
1.28001
1.28
1.28
1.28
1.28
1.28
1.28
1.28
8.26442
1.29705
1.28001
1.28
1.28
1.28
1.28
1.28
1.28
1.28
8.25601
1.29446
1.28001
1.28
1.28
1.28
1.28
1.28
1.28
1.28
8.25201
1.29393
1.28
1.28
1.28
1.28
1.28
1.28
1.28
1.28
8.26272
1.297
1.28001
1.28
1.28
1.28
1.28
1.28
1.28
1.28
8.26787
1.29742
1.28001
1.28
1.28
1.28
1.28
1.28
1.28
1.28
8.27017
1.29739
1.28001
1.28
1.28
1.28
1.28
1.28
1.28
1.28
8.27126
1.29737
1.28001
1.28
1.28
1.28
1.28
1.28
1.28
1.28
8.27139
1.29737
1.28001
1.28
1.28
1.28
1.28
1.28
1.28
1.28
8.27056
1.29739
1.28001
1.28
1.28
1.28
1.28
1.28
1.28
1.28
8.26861
1.29743
1.28001
1.28
1.28
1.28
1.28
1.28
1.28
1.28
8.26402
1.297
1.28001
1.28
1.28
1.28
1.28
1.28
1.28
1.28
8.25413
1.29392
1.28
1.28
1.28
1.28
1.28
1.28
1.28
1.28
8.23536
1.29093
1.28
1.28
1.28
1.28
1.28
1.28
1.28
1.28
8.25443
1.29597
1.28001
1.28
1.28
1.28
1.28
1.28
1.28
1.28
8.26395
1.297
1.28001
1.28
1.28
1.28
1.28
1.28
1.28
1.28
8.26799
1.29707
1.28001
1.28
1.28
1.28
1.28
1.28
1.28
1.28
8.26995
1.29709
1.28001
1.28
1.28
1.28
1.28
1.28
1.28
1.28
8.27055
1.29708
1.28001
1.28
1.28
1.28
1.28
1.28
1.28
1.28
8.26997
1.29708
1.28001
1.28
1.28
1.28
1.28
1.28
1.28
1.28
8.26778
1.29702
1.28001
1.28
1.28
1.28
1.28
1.28
1.28
1.28
8.2613
1.29599
1.28001
1.28
1.28
1.28
1.28
1.28
1.28
1.28
8.24726
1.29108
1.28
1.28
1.28
1.28
1.28
1.28
1.28
1.28
8.20471
1.28126
1.27999
1.28
1.28
1.28
1.28
1.28
1.28
1.28
8.23686
1.29096
1.28
1.28
1.28
1.28
1.28
1.28
1.28
1.28
8.25485
1.29397
1.28
1.28
1.28
1.28
1.28
1.28
1.28
1.28
8.26206
1.29453
1.28001
1.28
1.28
1.28
1.28
1.28
1.28
1.28
8.26542
1.29472
1.28001
1.28
1.28
1.28
1.28
1.28
1.28
1.28
8.26671
1.29472
1.28001
1.28
1.28
1.28
1.28
1.28
1.28
1.28
8.26638
1.29457
1.28001
1.28
1.28
1.28
1.28
1.28
1.28
1.28
8.26356
1.29405
1.28001
1.28
1.28
1.28
1.28
1.28
1.28
1.28
8.25389
1.29122
1.28
1.28
1.28
1.28
1.28
1.28
1.28
1.28
8.23334
1.28213
1.27999
1.28
1.28
1.28
1.28
1.28
1.28
1.28
1.27843
1.27992
1.27994
1.27995
1.27996
1.27997
1.27997
1.27998
1.27998
1.28027
1.27859
1.27993
1.27994
1.27995
1.27995
1.27996
1.27996
1.27996
1.27997
1.28023
1.27875
1.27993
1.27994
1.27995
1.27995
1.27996
1.27996
1.27997
1.27997
1.28021
1.2789
1.27994
1.27995
1.27995
1.27996
1.27996
1.27996
1.27997
1.27997
1.28019
1.27906
1.27994
1.27995
1.27995
1.27996
1.27996
1.27996
1.27996
1.27997
1.28017
1.27922
1.27995
1.27995
1.27996
1.27996
1.27996
1.27996
1.27996
1.27997
1.28014
1.27938
1.27995
1.27995
1.27996
1.27996
1.27996
1.27996
1.27996
1.27996
1.28011
1.27954
1.27995
1.27995
1.27996
1.27996
1.27996
1.27996
1.27996
1.27996
1.28007
1.2797
1.27995
1.27995
1.27996
1.27996
1.27996
1.27996
1.27996
1.27996
1.28003
1.27986
1.27995
1.27994
1.27994
1.27993
1.27993
1.27993
1.27992
1.27992
1.27994
1.2789
1.28002
1.28002
1.28002
1.28002
1.28002
1.28002
1.28002
1.28001
1.28002
1.27901
1.28001
1.28002
1.28002
1.28002
1.28001
1.28001
1.28001
1.28001
1.28002
1.27911
1.28001
1.28001
1.28001
1.28001
1.28001
1.28001
1.28001
1.28001
1.28002
1.27922
1.28
1.28001
1.28001
1.28001
1.28001
1.28001
1.28001
1.28001
1.28002
1.27933
1.28
1.28
1.28
1.28
1.28001
1.28001
1.28001
1.28001
1.28001
1.27944
1.28
1.28
1.28
1.28
1.28
1.28
1.28
1.28
1.28001
1.27956
1.27999
1.28
1.28
1.28
1.28
1.28
1.28
1.28
1.28001
1.27967
1.27999
1.27999
1.28
1.28
1.28
1.28
1.28
1.28
1.28001
1.27979
1.27999
1.27999
1.27999
1.27999
1.27999
1.27999
1.28
1.28
1.28
1.27992
1.27999
1.27999
1.27999
1.27999
1.27999
1.27999
1.27999
1.27999
1.27999
1.27905
1.28
1.28
1.28
1.28
1.28
1.28
1.28
1.28
1.28
1.27914
1.28
1.28
1.28
1.28
1.28
1.28
1.28
1.28
1.28
1.27923
1.28
1.28
1.28
1.28
1.28
1.28
1.28
1.28
1.28
1.27933
1.28
1.28
1.28
1.28
1.28
1.28
1.28
1.28
1.28
1.27942
1.28
1.28
1.28
1.28
1.28
1.28
1.28
1.28
1.28
1.27952
1.28
1.28
1.28
1.28
1.28
1.28
1.28
1.28
1.28
1.27962
1.28
1.28
1.28
1.28
1.28
1.28
1.28
1.28
1.28
1.27973
1.28
1.28
1.28
1.28
1.28
1.28
1.28
1.28
1.28
1.27983
1.28
1.28
1.28
1.28
1.28
1.28
1.28
1.28
1.28
1.27994
1.28
1.28
1.28
1.28
1.28
1.28
1.28
1.28
1.28
1.27906
1.28
1.28
1.28
1.28
1.28
1.28
1.28
1.28
1.28
1.27915
1.28
1.28
1.28
1.28
1.28
1.28
1.28
1.28
1.28
1.27924
1.28
1.28
1.28
1.28
1.28
1.28
1.28
1.28
1.28
1.27933
1.28
1.28
1.28
1.28
1.28
1.28
1.28
1.28
1.28
1.27943
1.28
1.28
1.28
1.28
1.28
1.28
1.28
1.28
1.28
1.27953
1.28
1.28
1.28
1.28
1.28
1.28
1.28
1.28
1.28
1.27963
1.28
1.28
1.28
1.28
1.28
1.28
1.28
1.28
1.28
1.27974
1.28
1.28
1.28
1.28
1.28
1.28
1.28
1.28
1.28
1.27984
1.28
1.28
1.28
1.28
1.28
1.28
1.28
1.28
1.28
1.27995
1.28
1.28
1.28
1.28
1.28
1.28
1.28
1.28
1.28
1.279
1.27999
1.28
1.28
1.28
1.28
1.28
1.28
1.28
1.28
1.27909
1.28
1.28
1.28
1.28
1.28
1.28
1.28
1.28
1.28
1.27919
1.28
1.28
1.28
1.28
1.28
1.28
1.28
1.28
1.28
1.27929
1.28
1.28
1.28
1.28
1.28
1.28
1.28
1.28
1.28
1.27939
1.28
1.28
1.28
1.28
1.28
1.28
1.28
1.28
1.28
1.2795
1.28
1.28
1.28
1.28
1.28
1.28
1.28
1.28
1.28
1.27961
1.28
1.28
1.28
1.28
1.28
1.28
1.28
1.28
1.28
1.27972
1.28
1.28
1.28
1.28
1.28
1.28
1.28
1.28
1.28
1.27983
1.28
1.28
1.28
1.28
1.28
1.28
1.28
1.28
1.28
1.27994
1.28
1.28
1.28
1.28
1.28
1.28
1.28
1.28
1.28
1.27891
1.27999
1.28
1.28
1.28
1.28
1.28
1.28
1.28
1.28
1.27901
1.28
1.28
1.28
1.28
1.28
1.28
1.28
1.28
1.28
1.27912
1.28
1.28
1.28
1.28
1.28
1.28
1.28
1.28
1.28
1.27922
1.28
1.28
1.28
1.28
1.28
1.28
1.28
1.28
1.28
1.27933
1.28
1.28
1.28
1.28
1.28
1.28
1.28
1.28
1.28
1.27944
1.28
1.28
1.28
1.28
1.28
1.28
1.28
1.28
1.28
1.27955
1.28
1.28
1.28
1.28
1.28
1.28
1.28
1.28
1.28
1.27967
1.28
1.28
1.28
1.28
1.28
1.28
1.28
1.28
1.28
1.27979
1.28
1.28
1.28
1.28
1.28
1.28
1.28
1.28
1.28
1.27992
1.28
1.28
1.28
1.28
1.28
1.28
1.28
1.28
1.28
1.27886
1.27999
1.28
1.28
1.28
1.28
1.28
1.28
1.28
1.28
1.27896
1.28
1.28
1.28
1.28
1.28
1.28
1.28
1.28
1.28
1.27907
1.28
1.28
1.28
1.28
1.28
1.28
1.28
1.28
1.28
1.27917
1.28
1.28
1.28
1.28
1.28
1.28
1.28
1.28
1.28
1.27927
1.28
1.28
1.28
1.28
1.28
1.28
1.28
1.28
1.28
1.27938
1.28
1.28
1.28
1.28
1.28
1.28
1.28
1.28
1.28
1.2795
1.28
1.28
1.28
1.28
1.28
1.28
1.28
1.28
1.28
1.27962
1.28
1.28
1.28
1.28
1.28
1.28
1.28
1.28
1.28
1.27975
1.28
1.28
1.28
1.28
1.28
1.28
1.28
1.28
1.28
1.2799
1.28
1.28
1.28
1.28
1.28
1.28
1.28
1.28
1.28
1.27911
1.28
1.28
1.28
1.28
1.28
1.28
1.28
1.28
1.28
1.27919
1.28
1.28
1.28
1.28
1.28
1.28
1.28
1.28
1.28
1.27928
1.28
1.28
1.28
1.28
1.28
1.28
1.28
1.28
1.28
1.27936
1.28
1.28
1.28
1.28
1.28
1.28
1.28
1.28
1.28
1.27944
1.28
1.28
1.28
1.28
1.28
1.28
1.28
1.28
1.28
1.27952
1.28
1.28
1.28
1.28
1.28
1.28
1.28
1.28
1.28
1.27961
1.28
1.28
1.28
1.28
1.28
1.28
1.28
1.28
1.28
1.2797
1.28
1.28
1.28
1.28
1.28
1.28
1.28
1.28
1.28
1.27979
1.28
1.28
1.28
1.28
1.28
1.28
1.28
1.28
1.28
1.27993
1.28
1.28
1.28
1.28
1.28
1.28
1.28
1.28
1.28
1.28025
1.28001
1.28
1.28
1.28
1.28
1.28
1.28
1.28
1.28
1.28027
1.28001
1.28
1.28
1.28
1.28
1.28
1.28
1.28
1.28
1.28028
1.28
1.28
1.28
1.28
1.28
1.28
1.28
1.28
1.28
1.28036
1.28
1.28
1.28
1.28
1.28
1.28
1.28
1.28
1.28
1.28044
1.28
1.28
1.28
1.28
1.28
1.28
1.28
1.28
1.28
1.28051
1.28
1.28
1.28
1.28
1.28
1.28
1.28
1.28
1.28
1.28056
1.28
1.28
1.28
1.28
1.28
1.28
1.28
1.28
1.28
1.28058
1.28
1.28
1.28
1.28
1.28
1.28
1.28
1.28
1.28
1.28055
1.28
1.28
1.28
1.28
1.28
1.28
1.28
1.28
1.28
1.28046
1.28
1.28
1.28
1.28
1.28
1.28
1.28
1.28
1.28001
1.28241
1.28001
1.28
1.28
1.28
1.28
1.28
1.28
1.28
1.28
1.28236
1.28001
1.28
1.28
1.28
1.28
1.28
1.28
1.28
1.28
1.28225
1.28001
1.28
1.28
1.28
1.28
1.28
1.28
1.28
1.28
1.28245
1.28001
1.28
1.28
1.28
1.28
1.28
1.28
1.28
1.28
1.28266
1.28001
1.28
1.28
1.28
1.28
1.28
1.28
1.28
1.28
1.28288
1.28001
1.28
1.28
1.28
1.28
1.28
1.28
1.28
1.28
1.28312
1.28001
1.28
1.28
1.28
1.28
1.28
1.28
1.28
1.28
1.28341
1.28002
1.28
1.28
1.28
1.28
1.28
1.28
1.28
1.28
1.28373
1.28002
1.28
1.28
1.28
1.28
1.28
1.28
1.28
1.28
1.28407
1.28002
1.28
1.28
1.28
1.28
1.28
1.28
1.28002
1.28009
1.2805
1.27998
1.28
1.28
1.28
1.28
1.28
1.28
1.28
1.28
1.28058
1.28
1.28
1.28
1.28
1.28
1.28
1.28
1.28
1.28
1.28073
1.28002
1.28
1.28
1.28
1.28
1.28
1.28
1.28
1.28
1.28079
1.28005
1.28
1.28
1.28
1.28
1.28
1.28
1.28
1.28
1.28085
1.28007
1.28
1.28
1.28
1.28
1.28
1.28
1.28
1.28
1.28091
1.2801
1.28
1.28
1.28
1.28
1.28
1.28
1.28
1.28
1.28098
1.28013
1.28
1.28
1.28
1.28
1.28
1.28
1.28
1.28
1.28133
1.28017
1.28
1.28
1.28
1.28
1.28
1.28
1.28
1.28
1.28161
1.28021
1.28
1.28
1.28
1.28
1.28
1.28
1.28
1.28
1.28186
1.28025
1.28
1.28
1.28
1.28
1.28
1.28002
1.28014
1.28046
1.28085
1.28003
1.28
1.28
1.28
1.28
1.28
1.28
1.28
1.28
1.28093
1.28006
1.28
1.28
1.28
1.28
1.28
1.28
1.28
1.28
1.28094
1.28009
1.28
1.28
1.28
1.28
1.28
1.28
1.28
1.28
1.28095
1.28012
1.28
1.28
1.28
1.28
1.28
1.28
1.28
1.28
1.28126
1.28016
1.28
1.28
1.28
1.28
1.28
1.28
1.28
1.28
1.28154
1.28021
1.28
1.28
1.28
1.28
1.28
1.28
1.28
1.28
1.28177
1.28025
1.28
1.28
1.28
1.28
1.28
1.28
1.28
1.28
1.28168
1.2803
1.28
1.28
1.28
1.28
1.28
1.28
1.28
1.28
1.28165
1.28036
1.28
1.28
1.28
1.28
1.28
1.28
1.28
1.28
1.28164
1.28042
1.28
1.28
1.28
1.28
1.28
1.28
1.27999
1.28018
1.28085
1.28008
1.28
1.28
1.28
1.28
1.28
1.28
1.28
1.28
1.28088
1.28012
1.28
1.28
1.28
1.28
1.28
1.28
1.28
1.28
1.28124
1.28017
1.28
1.28
1.28
1.28
1.28
1.28
1.28
1.28
1.28153
1.28022
1.28
1.28
1.28
1.28
1.28
1.28
1.28
1.28
1.28145
1.28027
1.28
1.28
1.28
1.28
1.28
1.28
1.28
1.28
1.2814
1.28034
1.28
1.28
1.28
1.28
1.28
1.28
1.28
1.28
1.28139
1.2804
1.28
1.28
1.28
1.28
1.28
1.28
1.28
1.28
1.2814
1.28048
1.28
1.28
1.28
1.28
1.28
1.28
1.28
1.28
1.28142
1.28056
1.28001
1.28
1.28
1.28
1.28
1.28
1.28
1.28
1.28145
1.28066
1.28001
1.28
1.28
1.28
1.28
1.28
1.27999
1.27999
1.28104
1.28015
1.28
1.28
1.28
1.28
1.28
1.28
1.28
1.28
1.28129
1.2802
1.28
1.28
1.28
1.28
1.28
1.28
1.28
1.28
1.28115
1.28026
1.28
1.28
1.28
1.28
1.28
1.28
1.28
1.28
1.28108
1.28032
1.28
1.28
1.28
1.28
1.28
1.28
1.28
1.28
1.28105
1.2804
1.28001
1.28
1.28
1.28
1.28
1.28
1.28
1.28
1.28103
1.28048
1.28001
1.28
1.28
1.28
1.28
1.28
1.28
1.28
1.28104
1.28058
1.28001
1.28
1.28
1.28
1.28
1.28
1.28
1.28
1.28105
1.2807
1.28001
1.28
1.28
1.28
1.28
1.28
1.28
1.28
1.28109
1.28083
1.28001
1.28
1.28
1.28
1.28
1.28
1.28
1.28
1.28113
1.28098
1.28002
1.28
1.28
1.28
1.28
1.28
1.27999
1.27996
1.28084
1.2802
1.28
1.28
1.28
1.28
1.28
1.28
1.28
1.28
1.28072
1.28026
1.28
1.28
1.28
1.28
1.28
1.28
1.28
1.28
1.28064
1.28033
1.28001
1.28
1.28
1.28
1.28
1.28
1.28
1.28
1.28058
1.28042
1.28001
1.28
1.28
1.28
1.28
1.28
1.28
1.28
1.28053
1.28052
1.28001
1.28
1.28
1.28
1.28
1.28
1.28
1.28
1.28049
1.28064
1.28001
1.28
1.28
1.28
1.28
1.28
1.28
1.28
1.28046
1.28077
1.28002
1.28
1.28
1.28
1.28
1.28
1.28
1.28
1.28044
1.28094
1.28002
1.28
1.28
1.28
1.28
1.28
1.28
1.28
1.28045
1.28113
1.28003
1.28
1.28
1.28
1.28
1.28
1.28
1.28
1.28046
1.28136
1.28004
1.28
1.28
1.28
1.28
1.28
1.27999
1.27996
1.28027
1.28022
1.28
1.28
1.28
1.28
1.28
1.28
1.28
1.28
1.28012
1.28029
1.28001
1.28
1.28
1.28
1.28
1.28
1.28
1.28
1.27999
1.28037
1.28001
1.28
1.28
1.28
1.28
1.28
1.28
1.28
1.27986
1.28047
1.28001
1.28
1.28
1.28
1.28
1.28
1.28
1.28
1.27973
1.28059
1.28001
1.28
1.28
1.28
1.28
1.28
1.28
1.28
1.2796
1.28074
1.28002
1.28
1.28
1.28
1.28
1.28
1.28
1.28
1.27946
1.28092
1.28003
1.28
1.28
1.28
1.28
1.28
1.28
1.28
1.27933
1.28114
1.28003
1.28
1.28
1.28
1.28
1.28
1.28
1.28
1.27921
1.2814
1.28005
1.28
1.28
1.28
1.28
1.28
1.28
1.28
1.27908
1.28173
1.28006
1.28
1.28
1.28
1.28
1.28
1.27999
1.27995
1.27961
1.2802
1.28
1.28
1.28
1.28
1.28
1.28
1.28
1.28
1.27937
1.28027
1.28001
1.28
1.28
1.28
1.28
1.28
1.28
1.28
1.27913
1.28035
1.28001
1.28
1.28
1.28
1.28
1.28
1.28
1.28
1.27887
1.28044
1.28001
1.28
1.28
1.28
1.28
1.28
1.28
1.28
1.27858
1.28056
1.28002
1.28
1.28
1.28
1.28
1.28
1.28
1.28
1.27825
1.28071
1.28002
1.28
1.28
1.28
1.28
1.28
1.28
1.28
1.2779
1.2809
1.28003
1.28
1.28
1.28
1.28
1.28
1.28
1.28
1.2775
1.28114
1.28005
1.28
1.28
1.28
1.28
1.28
1.28
1.28
1.27707
1.28144
1.28007
1.28
1.28
1.28
1.28
1.28
1.28
1.28
1.27656
1.28183
1.28009
1.28
1.28
1.28
1.28
1.28
1.28
1.27996
1.27889
1.28013
1.28
1.28
1.28
1.28
1.28
1.28
1.28
1.28
1.27852
1.28017
1.28
1.28
1.28
1.28
1.28
1.28
1.28
1.28
1.27812
1.28022
1.28001
1.28
1.28
1.28
1.28
1.28
1.28
1.28
1.27766
1.28029
1.28001
1.28
1.28
1.28
1.28
1.28
1.28
1.28
1.27713
1.28037
1.28001
1.28
1.28
1.28
1.28
1.28
1.28
1.28
1.27651
1.28047
1.28002
1.28
1.28
1.28
1.28
1.28
1.28
1.28
1.2758
1.28061
1.28003
1.28
1.28
1.28
1.28
1.28
1.28
1.28
1.27495
1.28078
1.28005
1.28
1.28
1.28
1.28
1.28
1.28
1.28
1.27394
1.28101
1.28007
1.28
1.28
1.28
1.28
1.28
1.28
1.28
1.27271
1.2813
1.2801
1.28
1.28
1.28
1.28
1.28
1.28
1.27997
1.27824
1.28003
1.28
1.28
1.28
1.28
1.28
1.28
1.28
1.28
1.27773
1.28003
1.28
1.28
1.28
1.28
1.28
1.28
1.28
1.28
1.27716
1.28004
1.28
1.28
1.28
1.28
1.28
1.28
1.28
1.28
1.27649
1.28005
1.28
1.28
1.28
1.28
1.28
1.28
1.28
1.28
1.27571
1.28005
1.28001
1.28
1.28
1.28
1.28
1.28
1.28
1.28
1.27476
1.28006
1.28001
1.28
1.28
1.28
1.28
1.28
1.28
1.28
1.27363
1.28007
1.28001
1.28
1.28
1.28
1.28
1.28
1.28
1.28
1.27224
1.28007
1.28002
1.28
1.28
1.28
1.28
1.28
1.28
1.28
1.27053
1.28007
1.28002
1.28
1.28
1.28
1.28
1.28
1.28
1.28
1.26836
1.28004
1.28004
1.28
1.28
1.28
1.28
1.28
1.28
1.28002
1.27783
1.27995
1.28
1.28
1.28
1.28
1.28
1.28
1.28
1.28
1.27724
1.27993
1.28
1.28
1.28
1.28
1.28
1.28
1.28
1.28
1.27656
1.2799
1.28
1.28
1.28
1.28
1.28
1.28
1.28
1.28
1.27576
1.27986
1.28
1.28
1.28
1.28
1.28
1.28
1.28
1.28
1.2748
1.2798
1.27999
1.28
1.28
1.28
1.28
1.28
1.28
1.28
1.27364
1.27972
1.27999
1.28
1.28
1.28
1.28
1.28
1.28
1.28
1.27222
1.27961
1.27999
1.28
1.28
1.28
1.28
1.28
1.28
1.28
1.27046
1.27945
1.27998
1.28
1.28
1.28
1.28
1.28
1.28
1.28
1.26826
1.27921
1.27996
1.28
1.28
1.28
1.28
1.28
1.28
1.28
1.26542
1.27883
1.27993
1.28
1.28
1.28
1.28
1.28
1.28003
1.28025
1.27783
1.27995
1.28
1.28
1.28
1.28
1.28
1.28
1.28
1.28
1.27724
1.27993
1.28
1.28
1.28
1.28
1.28
1.28
1.28
1.28
1.27656
1.2799
1.28
1.28
1.28
1.28
1.28
1.28
1.28
1.28
1.27576
1.27986
1.28
1.28
1.28
1.28
1.28
1.28
1.28
1.28
1.2748
1.2798
1.27999
1.28
1.28
1.28
1.28
1.28
1.28
1.28
1.27364
1.27972
1.27999
1.28
1.28
1.28
1.28
1.28
1.28
1.28
1.27222
1.27961
1.27999
1.28
1.28
1.28
1.28
1.28
1.28
1.28
1.27046
1.27945
1.27998
1.28
1.28
1.28
1.28
1.28
1.28
1.28
1.26826
1.27921
1.27996
1.28
1.28
1.28
1.28
1.28
1.28
1.28
1.26542
1.27883
1.27993
1.28
1.28
1.28
1.28
1.28
1.28003
1.28025
1.27824
1.28003
1.28
1.28
1.28
1.28
1.28
1.28
1.28
1.28
1.27773
1.28003
1.28
1.28
1.28
1.28
1.28
1.28
1.28
1.28
1.27716
1.28004
1.28
1.28
1.28
1.28
1.28
1.28
1.28
1.28
1.27649
1.28005
1.28
1.28
1.28
1.28
1.28
1.28
1.28
1.28
1.27571
1.28005
1.28001
1.28
1.28
1.28
1.28
1.28
1.28
1.28
1.27476
1.28006
1.28001
1.28
1.28
1.28
1.28
1.28
1.28
1.28
1.27363
1.28007
1.28001
1.28
1.28
1.28
1.28
1.28
1.28
1.28
1.27224
1.28007
1.28002
1.28
1.28
1.28
1.28
1.28
1.28
1.28
1.27053
1.28007
1.28002
1.28
1.28
1.28
1.28
1.28
1.28
1.28
1.26836
1.28004
1.28004
1.28
1.28
1.28
1.28
1.28
1.28
1.28002
1.27889
1.28013
1.28
1.28
1.28
1.28
1.28
1.28
1.28
1.28
1.27852
1.28017
1.28
1.28
1.28
1.28
1.28
1.28
1.28
1.28
1.27812
1.28022
1.28001
1.28
1.28
1.28
1.28
1.28
1.28
1.28
1.27766
1.28029
1.28001
1.28
1.28
1.28
1.28
1.28
1.28
1.28
1.27713
1.28037
1.28001
1.28
1.28
1.28
1.28
1.28
1.28
1.28
1.27651
1.28047
1.28002
1.28
1.28
1.28
1.28
1.28
1.28
1.28
1.2758
1.28061
1.28003
1.28
1.28
1.28
1.28
1.28
1.28
1.28
1.27495
1.28078
1.28005
1.28
1.28
1.28
1.28
1.28
1.28
1.28
1.27394
1.28101
1.28007
1.28
1.28
1.28
1.28
1.28
1.28
1.28
1.27271
1.2813
1.2801
1.28
1.28
1.28
1.28
1.28
1.28
1.27997
1.27961
1.2802
1.28
1.28
1.28
1.28
1.28
1.28
1.28
1.28
1.27937
1.28027
1.28001
1.28
1.28
1.28
1.28
1.28
1.28
1.28
1.27913
1.28035
1.28001
1.28
1.28
1.28
1.28
1.28
1.28
1.28
1.27887
1.28044
1.28001
1.28
1.28
1.28
1.28
1.28
1.28
1.28
1.27858
1.28056
1.28002
1.28
1.28
1.28
1.28
1.28
1.28
1.28
1.27825
1.28071
1.28002
1.28
1.28
1.28
1.28
1.28
1.28
1.28
1.2779
1.2809
1.28003
1.28
1.28
1.28
1.28
1.28
1.28
1.28
1.2775
1.28114
1.28005
1.28
1.28
1.28
1.28
1.28
1.28
1.28
1.27707
1.28144
1.28007
1.28
1.28
1.28
1.28
1.28
1.28
1.28
1.27656
1.28183
1.28009
1.28
1.28
1.28
1.28
1.28
1.28
1.27996
1.28027
1.28022
1.28
1.28
1.28
1.28
1.28
1.28
1.28
1.28
1.28012
1.28029
1.28001
1.28
1.28
1.28
1.28
1.28
1.28
1.28
1.27999
1.28037
1.28001
1.28
1.28
1.28
1.28
1.28
1.28
1.28
1.27986
1.28047
1.28001
1.28
1.28
1.28
1.28
1.28
1.28
1.28
1.27973
1.28059
1.28001
1.28
1.28
1.28
1.28
1.28
1.28
1.28
1.2796
1.28074
1.28002
1.28
1.28
1.28
1.28
1.28
1.28
1.28
1.27946
1.28092
1.28003
1.28
1.28
1.28
1.28
1.28
1.28
1.28
1.27933
1.28114
1.28003
1.28
1.28
1.28
1.28
1.28
1.28
1.28
1.27921
1.2814
1.28005
1.28
1.28
1.28
1.28
1.28
1.28
1.28
1.27908
1.28173
1.28006
1.28
1.28
1.28
1.28
1.28
1.27999
1.27995
1.28084
1.2802
1.28
1.28
1.28
1.28
1.28
1.28
1.28
1.28
1.28072
1.28026
1.28
1.28
1.28
1.28
1.28
1.28
1.28
1.28
1.28064
1.28033
1.28001
1.28
1.28
1.28
1.28
1.28
1.28
1.28
1.28058
1.28042
1.28001
1.28
1.28
1.28
1.28
1.28
1.28
1.28
1.28053
1.28052
1.28001
1.28
1.28
1.28
1.28
1.28
1.28
1.28
1.28049
1.28064
1.28001
1.28
1.28
1.28
1.28
1.28
1.28
1.28
1.28046
1.28077
1.28002
1.28
1.28
1.28
1.28
1.28
1.28
1.28
1.28044
1.28094
1.28002
1.28
1.28
1.28
1.28
1.28
1.28
1.28
1.28045
1.28113
1.28003
1.28
1.28
1.28
1.28
1.28
1.28
1.28
1.28046
1.28136
1.28004
1.28
1.28
1.28
1.28
1.28
1.27999
1.27996
1.28104
1.28015
1.28
1.28
1.28
1.28
1.28
1.28
1.28
1.28
1.28129
1.2802
1.28
1.28
1.28
1.28
1.28
1.28
1.28
1.28
1.28115
1.28026
1.28
1.28
1.28
1.28
1.28
1.28
1.28
1.28
1.28108
1.28032
1.28
1.28
1.28
1.28
1.28
1.28
1.28
1.28
1.28105
1.2804
1.28001
1.28
1.28
1.28
1.28
1.28
1.28
1.28
1.28103
1.28048
1.28001
1.28
1.28
1.28
1.28
1.28
1.28
1.28
1.28104
1.28058
1.28001
1.28
1.28
1.28
1.28
1.28
1.28
1.28
1.28105
1.2807
1.28001
1.28
1.28
1.28
1.28
1.28
1.28
1.28
1.28109
1.28083
1.28001
1.28
1.28
1.28
1.28
1.28
1.28
1.28
1.28113
1.28098
1.28002
1.28
1.28
1.28
1.28
1.28
1.27999
1.27996
1.28085
1.28008
1.28
1.28
1.28
1.28
1.28
1.28
1.28
1.28
1.28088
1.28012
1.28
1.28
1.28
1.28
1.28
1.28
1.28
1.28
1.28124
1.28017
1.28
1.28
1.28
1.28
1.28
1.28
1.28
1.28
1.28153
1.28022
1.28
1.28
1.28
1.28
1.28
1.28
1.28
1.28
1.28145
1.28027
1.28
1.28
1.28
1.28
1.28
1.28
1.28
1.28
1.2814
1.28034
1.28
1.28
1.28
1.28
1.28
1.28
1.28
1.28
1.28139
1.2804
1.28
1.28
1.28
1.28
1.28
1.28
1.28
1.28
1.2814
1.28048
1.28
1.28
1.28
1.28
1.28
1.28
1.28
1.28
1.28142
1.28056
1.28001
1.28
1.28
1.28
1.28
1.28
1.28
1.28
1.28145
1.28066
1.28001
1.28
1.28
1.28
1.28
1.28
1.27999
1.27999
1.28085
1.28003
1.28
1.28
1.28
1.28
1.28
1.28
1.28
1.28
1.28093
1.28006
1.28
1.28
1.28
1.28
1.28
1.28
1.28
1.28
1.28094
1.28009
1.28
1.28
1.28
1.28
1.28
1.28
1.28
1.28
1.28095
1.28012
1.28
1.28
1.28
1.28
1.28
1.28
1.28
1.28
1.28126
1.28016
1.28
1.28
1.28
1.28
1.28
1.28
1.28
1.28
1.28154
1.28021
1.28
1.28
1.28
1.28
1.28
1.28
1.28
1.28
1.28177
1.28025
1.28
1.28
1.28
1.28
1.28
1.28
1.28
1.28
1.28168
1.2803
1.28
1.28
1.28
1.28
1.28
1.28
1.28
1.28
1.28165
1.28036
1.28
1.28
1.28
1.28
1.28
1.28
1.28
1.28
1.28164
1.28042
1.28
1.28
1.28
1.28
1.28
1.28
1.27999
1.28018
1.2805
1.27998
1.28
1.28
1.28
1.28
1.28
1.28
1.28
1.28
1.28058
1.28
1.28
1.28
1.28
1.28
1.28
1.28
1.28
1.28
1.28073
1.28002
1.28
1.28
1.28
1.28
1.28
1.28
1.28
1.28
1.28079
1.28005
1.28
1.28
1.28
1.28
1.28
1.28
1.28
1.28
1.28085
1.28007
1.28
1.28
1.28
1.28
1.28
1.28
1.28
1.28
1.28091
1.2801
1.28
1.28
1.28
1.28
1.28
1.28
1.28
1.28
1.28098
1.28013
1.28
1.28
1.28
1.28
1.28
1.28
1.28
1.28
1.28133
1.28017
1.28
1.28
1.28
1.28
1.28
1.28
1.28
1.28
1.28161
1.28021
1.28
1.28
1.28
1.28
1.28
1.28
1.28
1.28
1.28186
1.28025
1.28
1.28
1.28
1.28
1.28
1.28002
1.28014
1.28046
1.28241
1.28001
1.28
1.28
1.28
1.28
1.28
1.28
1.28
1.28
1.28236
1.28001
1.28
1.28
1.28
1.28
1.28
1.28
1.28
1.28
1.28225
1.28001
1.28
1.28
1.28
1.28
1.28
1.28
1.28
1.28
1.28245
1.28001
1.28
1.28
1.28
1.28
1.28
1.28
1.28
1.28
1.28266
1.28001
1.28
1.28
1.28
1.28
1.28
1.28
1.28
1.28
1.28288
1.28001
1.28
1.28
1.28
1.28
1.28
1.28
1.28
1.28
1.28313
1.28001
1.28
1.28
1.28
1.28
1.28
1.28
1.28
1.28
1.28341
1.28002
1.28
1.28
1.28
1.28
1.28
1.28
1.28
1.28
1.28373
1.28002
1.28
1.28
1.28
1.28
1.28
1.28
1.28
1.28
1.28407
1.28002
1.28
1.28
1.28
1.28
1.28
1.28
1.28002
1.28009
1.28025
1.28001
1.28
1.28
1.28
1.28
1.28
1.28
1.28
1.28
1.28027
1.28001
1.28
1.28
1.28
1.28
1.28
1.28
1.28
1.28
1.28028
1.28
1.28
1.28
1.28
1.28
1.28
1.28
1.28
1.28
1.28036
1.28
1.28
1.28
1.28
1.28
1.28
1.28
1.28
1.28
1.28044
1.28
1.28
1.28
1.28
1.28
1.28
1.28
1.28
1.28
1.28051
1.28
1.28
1.28
1.28
1.28
1.28
1.28
1.28
1.28
1.28056
1.28
1.28
1.28
1.28
1.28
1.28
1.28
1.28
1.28
1.28058
1.28
1.28
1.28
1.28
1.28
1.28
1.28
1.28
1.28
1.28055
1.28
1.28
1.28
1.28
1.28
1.28
1.28
1.28
1.28
1.28046
1.28
1.28
1.28
1.28
1.28
1.28
1.28
1.28
1.28001
1.27911
1.28
1.28
1.28
1.28
1.28
1.28
1.28
1.28
1.28
1.27919
1.28
1.28
1.28
1.28
1.28
1.28
1.28
1.28
1.28
1.27928
1.28
1.28
1.28
1.28
1.28
1.28
1.28
1.28
1.28
1.27936
1.28
1.28
1.28
1.28
1.28
1.28
1.28
1.28
1.28
1.27944
1.28
1.28
1.28
1.28
1.28
1.28
1.28
1.28
1.28
1.27952
1.28
1.28
1.28
1.28
1.28
1.28
1.28
1.28
1.28
1.27961
1.28
1.28
1.28
1.28
1.28
1.28
1.28
1.28
1.28
1.2797
1.28
1.28
1.28
1.28
1.28
1.28
1.28
1.28
1.28
1.27979
1.28
1.28
1.28
1.28
1.28
1.28
1.28
1.28
1.28
1.27993
1.28
1.28
1.28
1.28
1.28
1.28
1.28
1.28
1.28
1.27886
1.27999
1.28
1.28
1.28
1.28
1.28
1.28
1.28
1.28
1.27896
1.28
1.28
1.28
1.28
1.28
1.28
1.28
1.28
1.28
1.27907
1.28
1.28
1.28
1.28
1.28
1.28
1.28
1.28
1.28
1.27917
1.28
1.28
1.28
1.28
1.28
1.28
1.28
1.28
1.28
1.27927
1.28
1.28
1.28
1.28
1.28
1.28
1.28
1.28
1.28
1.27938
1.28
1.28
1.28
1.28
1.28
1.28
1.28
1.28
1.28
1.2795
1.28
1.28
1.28
1.28
1.28
1.28
1.28
1.28
1.28
1.27962
1.28
1.28
1.28
1.28
1.28
1.28
1.28
1.28
1.28
1.27975
1.28
1.28
1.28
1.28
1.28
1.28
1.28
1.28
1.28
1.2799
1.28
1.28
1.28
1.28
1.28
1.28
1.28
1.28
1.28
1.27891
1.27999
1.28
1.28
1.28
1.28
1.28
1.28
1.28
1.28
1.27901
1.28
1.28
1.28
1.28
1.28
1.28
1.28
1.28
1.28
1.27912
1.28
1.28
1.28
1.28
1.28
1.28
1.28
1.28
1.28
1.27922
1.28
1.28
1.28
1.28
1.28
1.28
1.28
1.28
1.28
1.27933
1.28
1.28
1.28
1.28
1.28
1.28
1.28
1.28
1.28
1.27944
1.28
1.28
1.28
1.28
1.28
1.28
1.28
1.28
1.28
1.27955
1.28
1.28
1.28
1.28
1.28
1.28
1.28
1.28
1.28
1.27967
1.28
1.28
1.28
1.28
1.28
1.28
1.28
1.28
1.28
1.27979
1.28
1.28
1.28
1.28
1.28
1.28
1.28
1.28
1.28
1.27992
1.28
1.28
1.28
1.28
1.28
1.28
1.28
1.28
1.28
1.279
1.27999
1.28
1.28
1.28
1.28
1.28
1.28
1.28
1.28
1.27909
1.28
1.28
1.28
1.28
1.28
1.28
1.28
1.28
1.28
1.27919
1.28
1.28
1.28
1.28
1.28
1.28
1.28
1.28
1.28
1.27929
1.28
1.28
1.28
1.28
1.28
1.28
1.28
1.28
1.28
1.27939
1.28
1.28
1.28
1.28
1.28
1.28
1.28
1.28
1.28
1.2795
1.28
1.28
1.28
1.28
1.28
1.28
1.28
1.28
1.28
1.27961
1.28
1.28
1.28
1.28
1.28
1.28
1.28
1.28
1.28
1.27972
1.28
1.28
1.28
1.28
1.28
1.28
1.28
1.28
1.28
1.27983
1.28
1.28
1.28
1.28
1.28
1.28
1.28
1.28
1.28
1.27994
1.28
1.28
1.28
1.28
1.28
1.28
1.28
1.28
1.28
1.27906
1.28
1.28
1.28
1.28
1.28
1.28
1.28
1.28
1.28
1.27915
1.28
1.28
1.28
1.28
1.28
1.28
1.28
1.28
1.28
1.27924
1.28
1.28
1.28
1.28
1.28
1.28
1.28
1.28
1.28
1.27933
1.28
1.28
1.28
1.28
1.28
1.28
1.28
1.28
1.28
1.27943
1.28
1.28
1.28
1.28
1.28
1.28
1.28
1.28
1.28
1.27953
1.28
1.28
1.28
1.28
1.28
1.28
1.28
1.28
1.28
1.27963
1.28
1.28
1.28
1.28
1.28
1.28
1.28
1.28
1.28
1.27974
1.28
1.28
1.28
1.28
1.28
1.28
1.28
1.28
1.28
1.27984
1.28
1.28
1.28
1.28
1.28
1.28
1.28
1.28
1.28
1.27995
1.28
1.28
1.28
1.28
1.28
1.28
1.28
1.28
1.28
1.27905
1.28
1.28
1.28
1.28
1.28
1.28
1.28
1.28
1.28
1.27914
1.28
1.28
1.28
1.28
1.28
1.28
1.28
1.28
1.28
1.27923
1.28
1.28
1.28
1.28
1.28
1.28
1.28
1.28
1.28
1.27933
1.28
1.28
1.28
1.28
1.28
1.28
1.28
1.28
1.28
1.27942
1.28
1.28
1.28
1.28
1.28
1.28
1.28
1.28
1.28
1.27952
1.28
1.28
1.28
1.28
1.28
1.28
1.28
1.28
1.28
1.27962
1.28
1.28
1.28
1.28
1.28
1.28
1.28
1.28
1.28
1.27973
1.28
1.28
1.28
1.28
1.28
1.28
1.28
1.28
1.28
1.27983
1.28
1.28
1.28
1.28
1.28
1.28
1.28
1.28
1.28
1.27994
1.28
1.28
1.28
1.28
1.28
1.28
1.28
1.28
1.28
1.2789
1.28002
1.28002
1.28002
1.28002
1.28002
1.28002
1.28002
1.28001
1.28002
1.27901
1.28001
1.28002
1.28002
1.28002
1.28001
1.28001
1.28001
1.28001
1.28002
1.27911
1.28001
1.28001
1.28001
1.28001
1.28001
1.28001
1.28001
1.28001
1.28002
1.27922
1.28
1.28001
1.28001
1.28001
1.28001
1.28001
1.28001
1.28001
1.28002
1.27933
1.28
1.28
1.28
1.28
1.28001
1.28001
1.28001
1.28001
1.28001
1.27944
1.28
1.28
1.28
1.28
1.28
1.28
1.28
1.28
1.28001
1.27956
1.27999
1.28
1.28
1.28
1.28
1.28
1.28
1.28
1.28001
1.27967
1.27999
1.27999
1.28
1.28
1.28
1.28
1.28
1.28
1.28001
1.27979
1.27999
1.27999
1.27999
1.27999
1.27999
1.27999
1.28
1.28
1.28
1.27992
1.27999
1.27999
1.27999
1.27999
1.27999
1.27999
1.27999
1.27999
1.27999
1.27843
1.27992
1.27994
1.27995
1.27996
1.27997
1.27997
1.27998
1.27998
1.28027
1.27859
1.27993
1.27994
1.27995
1.27995
1.27996
1.27996
1.27996
1.27997
1.28023
1.27875
1.27993
1.27994
1.27995
1.27995
1.27996
1.27996
1.27997
1.27997
1.28021
1.2789
1.27994
1.27995
1.27995
1.27996
1.27996
1.27996
1.27997
1.27997
1.28019
1.27906
1.27994
1.27995
1.27995
1.27996
1.27996
1.27996
1.27996
1.27997
1.28017
1.27922
1.27995
1.27995
1.27996
1.27996
1.27996
1.27996
1.27996
1.27997
1.28014
1.27938
1.27995
1.27995
1.27996
1.27996
1.27996
1.27996
1.27996
1.27996
1.28011
1.27954
1.27995
1.27995
1.27996
1.27996
1.27996
1.27996
1.27996
1.27996
1.28007
1.2797
1.27995
1.27995
1.27996
1.27996
1.27996
1.27996
1.27996
1.27996
1.28003
1.27986
1.27995
1.27994
1.27994
1.27993
1.27993
1.27993
1.27992
1.27992
1.27994
1.28027
1.27998
1.27998
1.27997
1.27997
1.27996
1.27995
1.27994
1.27992
1.27843
1.28023
1.27997
1.27996
1.27996
1.27996
1.27995
1.27995
1.27994
1.27993
1.27859
1.28021
1.27997
1.27997
1.27996
1.27996
1.27995
1.27995
1.27994
1.27993
1.27875
1.28019
1.27997
1.27997
1.27996
1.27996
1.27996
1.27995
1.27995
1.27994
1.2789
1.28017
1.27997
1.27996
1.27996
1.27996
1.27996
1.27995
1.27995
1.27994
1.27906
1.28014
1.27997
1.27996
1.27996
1.27996
1.27996
1.27996
1.27995
1.27995
1.27922
1.28011
1.27996
1.27996
1.27996
1.27996
1.27996
1.27996
1.27995
1.27995
1.27938
1.28007
1.27996
1.27996
1.27996
1.27996
1.27996
1.27996
1.27995
1.27995
1.27954
1.28003
1.27996
1.27996
1.27996
1.27996
1.27996
1.27996
1.27995
1.27995
1.2797
1.27994
1.27992
1.27992
1.27993
1.27993
1.27993
1.27994
1.27994
1.27995
1.27986
1.28002
1.28001
1.28002
1.28002
1.28002
1.28002
1.28002
1.28002
1.28002
1.2789
1.28002
1.28001
1.28001
1.28001
1.28001
1.28002
1.28002
1.28002
1.28001
1.27901
1.28002
1.28001
1.28001
1.28001
1.28001
1.28001
1.28001
1.28001
1.28001
1.27911
1.28002
1.28001
1.28001
1.28001
1.28001
1.28001
1.28001
1.28001
1.28
1.27922
1.28001
1.28001
1.28001
1.28001
1.28001
1.28
1.28
1.28
1.28
1.27933
1.28001
1.28
1.28
1.28
1.28
1.28
1.28
1.28
1.28
1.27944
1.28001
1.28
1.28
1.28
1.28
1.28
1.28
1.28
1.27999
1.27956
1.28001
1.28
1.28
1.28
1.28
1.28
1.28
1.27999
1.27999
1.27967
1.28
1.28
1.28
1.27999
1.27999
1.27999
1.27999
1.27999
1.27999
1.27979
1.27999
1.27999
1.27999
1.27999
1.27999
1.27999
1.27999
1.27999
1.27999
1.27992
1.28
1.28
1.28
1.28
1.28
1.28
1.28
1.28
1.28
1.27905
1.28
1.28
1.28
1.28
1.28
1.28
1.28
1.28
1.28
1.27914
1.28
1.28
1.28
1.28
1.28
1.28
1.28
1.28
1.28
1.27923
1.28
1.28
1.28
1.28
1.28
1.28
1.28
1.28
1.28
1.27933
1.28
1.28
1.28
1.28
1.28
1.28
1.28
1.28
1.28
1.27942
1.28
1.28
1.28
1.28
1.28
1.28
1.28
1.28
1.28
1.27952
1.28
1.28
1.28
1.28
1.28
1.28
1.28
1.28
1.28
1.27962
1.28
1.28
1.28
1.28
1.28
1.28
1.28
1.28
1.28
1.27973
1.28
1.28
1.28
1.28
1.28
1.28
1.28
1.28
1.28
1.27983
1.28
1.28
1.28
1.28
1.28
1.28
1.28
1.28
1.28
1.27994
1.28
1.28
1.28
1.28
1.28
1.28
1.28
1.28
1.28
1.27906
1.28
1.28
1.28
1.28
1.28
1.28
1.28
1.28
1.28
1.27915
1.28
1.28
1.28
1.28
1.28
1.28
1.28
1.28
1.28
1.27924
1.28
1.28
1.28
1.28
1.28
1.28
1.28
1.28
1.28
1.27933
1.28
1.28
1.28
1.28
1.28
1.28
1.28
1.28
1.28
1.27943
1.28
1.28
1.28
1.28
1.28
1.28
1.28
1.28
1.28
1.27953
1.28
1.28
1.28
1.28
1.28
1.28
1.28
1.28
1.28
1.27963
1.28
1.28
1.28
1.28
1.28
1.28
1.28
1.28
1.28
1.27974
1.28
1.28
1.28
1.28
1.28
1.28
1.28
1.28
1.28
1.27984
1.28
1.28
1.28
1.28
1.28
1.28
1.28
1.28
1.28
1.27995
1.28
1.28
1.28
1.28
1.28
1.28
1.28
1.28
1.27999
1.279
1.28
1.28
1.28
1.28
1.28
1.28
1.28
1.28
1.28
1.27909
1.28
1.28
1.28
1.28
1.28
1.28
1.28
1.28
1.28
1.27919
1.28
1.28
1.28
1.28
1.28
1.28
1.28
1.28
1.28
1.27929
1.28
1.28
1.28
1.28
1.28
1.28
1.28
1.28
1.28
1.27939
1.28
1.28
1.28
1.28
1.28
1.28
1.28
1.28
1.28
1.2795
1.28
1.28
1.28
1.28
1.28
1.28
1.28
1.28
1.28
1.27961
1.28
1.28
1.28
1.28
1.28
1.28
1.28
1.28
1.28
1.27972
1.28
1.28
1.28
1.28
1.28
1.28
1.28
1.28
1.28
1.27983
1.28
1.28
1.28
1.28
1.28
1.28
1.28
1.28
1.28
1.27994
1.28
1.28
1.28
1.28
1.28
1.28
1.28
1.28
1.27999
1.27891
1.28
1.28
1.28
1.28
1.28
1.28
1.28
1.28
1.28
1.27901
1.28
1.28
1.28
1.28
1.28
1.28
1.28
1.28
1.28
1.27912
1.28
1.28
1.28
1.28
1.28
1.28
1.28
1.28
1.28
1.27922
1.28
1.28
1.28
1.28
1.28
1.28
1.28
1.28
1.28
1.27933
1.28
1.28
1.28
1.28
1.28
1.28
1.28
1.28
1.28
1.27944
1.28
1.28
1.28
1.28
1.28
1.28
1.28
1.28
1.28
1.27955
1.28
1.28
1.28
1.28
1.28
1.28
1.28
1.28
1.28
1.27967
1.28
1.28
1.28
1.28
1.28
1.28
1.28
1.28
1.28
1.27979
1.28
1.28
1.28
1.28
1.28
1.28
1.28
1.28
1.28
1.27992
1.28
1.28
1.28
1.28
1.28
1.28
1.28
1.28
1.27999
1.27886
1.28
1.28
1.28
1.28
1.28
1.28
1.28
1.28
1.28
1.27896
1.28
1.28
1.28
1.28
1.28
1.28
1.28
1.28
1.28
1.27907
1.28
1.28
1.28
1.28
1.28
1.28
1.28
1.28
1.28
1.27917
1.28
1.28
1.28
1.28
1.28
1.28
1.28
1.28
1.28
1.27927
1.28
1.28
1.28
1.28
1.28
1.28
1.28
1.28
1.28
1.27938
1.28
1.28
1.28
1.28
1.28
1.28
1.28
1.28
1.28
1.2795
1.28
1.28
1.28
1.28
1.28
1.28
1.28
1.28
1.28
1.27962
1.28
1.28
1.28
1.28
1.28
1.28
1.28
1.28
1.28
1.27975
1.28
1.28
1.28
1.28
1.28
1.28
1.28
1.28
1.28
1.2799
1.28
1.28
1.28
1.28
1.28
1.28
1.28
1.28
1.28
1.27911
1.28
1.28
1.28
1.28
1.28
1.28
1.28
1.28
1.28
1.27919
1.28
1.28
1.28
1.28
1.28
1.28
1.28
1.28
1.28
1.27928
1.28
1.28
1.28
1.28
1.28
1.28
1.28
1.28
1.28
1.27936
1.28
1.28
1.28
1.28
1.28
1.28
1.28
1.28
1.28
1.27944
1.28
1.28
1.28
1.28
1.28
1.28
1.28
1.28
1.28
1.27952
1.28
1.28
1.28
1.28
1.28
1.28
1.28
1.28
1.28
1.27961
1.28
1.28
1.28
1.28
1.28
1.28
1.28
1.28
1.28
1.2797
1.28
1.28
1.28
1.28
1.28
1.28
1.28
1.28
1.28
1.27979
1.28
1.28
1.28
1.28
1.28
1.28
1.28
1.28
1.28
1.27993
1.28
1.28
1.28
1.28
1.28
1.28
1.28
1.28
1.28001
1.28025
1.28
1.28
1.28
1.28
1.28
1.28
1.28
1.28
1.28001
1.28027
1.28
1.28
1.28
1.28
1.28
1.28
1.28
1.28
1.28
1.28028
1.28
1.28
1.28
1.28
1.28
1.28
1.28
1.28
1.28
1.28036
1.28
1.28
1.28
1.28
1.28
1.28
1.28
1.28
1.28
1.28044
1.28
1.28
1.28
1.28
1.28
1.28
1.28
1.28
1.28
1.28051
1.28
1.28
1.28
1.28
1.28
1.28
1.28
1.28
1.28
1.28056
1.28
1.28
1.28
1.28
1.28
1.28
1.28
1.28
1.28
1.28058
1.28
1.28
1.28
1.28
1.28
1.28
1.28
1.28
1.28
1.28055
1.28001
1.28
1.28
1.28
1.28
1.28
1.28
1.28
1.28
1.28046
1.28
1.28
1.28
1.28
1.28
1.28
1.28
1.28
1.28001
1.28241
1.28
1.28
1.28
1.28
1.28
1.28
1.28
1.28
1.28001
1.28236
1.28
1.28
1.28
1.28
1.28
1.28
1.28
1.28
1.28001
1.28225
1.28
1.28
1.28
1.28
1.28
1.28
1.28
1.28
1.28001
1.28245
1.28
1.28
1.28
1.28
1.28
1.28
1.28
1.28
1.28001
1.28266
1.28
1.28
1.28
1.28
1.28
1.28
1.28
1.28
1.28001
1.28288
1.28
1.28
1.28
1.28
1.28
1.28
1.28
1.28
1.28001
1.28312
1.28
1.28
1.28
1.28
1.28
1.28
1.28
1.28
1.28002
1.28341
1.28
1.28
1.28
1.28
1.28
1.28
1.28
1.28
1.28002
1.28373
1.28009
1.28002
1.28
1.28
1.28
1.28
1.28
1.28
1.28002
1.28407
1.28
1.28
1.28
1.28
1.28
1.28
1.28
1.28
1.27998
1.2805
1.28
1.28
1.28
1.28
1.28
1.28
1.28
1.28
1.28
1.28058
1.28
1.28
1.28
1.28
1.28
1.28
1.28
1.28
1.28002
1.28073
1.28
1.28
1.28
1.28
1.28
1.28
1.28
1.28
1.28005
1.28079
1.28
1.28
1.28
1.28
1.28
1.28
1.28
1.28
1.28007
1.28085
1.28
1.28
1.28
1.28
1.28
1.28
1.28
1.28
1.2801
1.28091
1.28
1.28
1.28
1.28
1.28
1.28
1.28
1.28
1.28013
1.28098
1.28
1.28
1.28
1.28
1.28
1.28
1.28
1.28
1.28017
1.28133
1.28
1.28
1.28
1.28
1.28
1.28
1.28
1.28
1.28021
1.28161
1.28046
1.28014
1.28002
1.28
1.28
1.28
1.28
1.28
1.28025
1.28186
1.28
1.28
1.28
1.28
1.28
1.28
1.28
1.28
1.28003
1.28085
1.28
1.28
1.28
1.28
1.28
1.28
1.28
1.28
1.28006
1.28093
1.28
1.28
1.28
1.28
1.28
1.28
1.28
1.28
1.28009
1.28094
1.28
1.28
1.28
1.28
1.28
1.28
1.28
1.28
1.28012
1.28095
1.28
1.28
1.28
1.28
1.28
1.28
1.28
1.28
1.28016
1.28126
1.28
1.28
1.28
1.28
1.28
1.28
1.28
1.28
1.28021
1.28154
1.28
1.28
1.28
1.28
1.28
1.28
1.28
1.28
1.28025
1.28177
1.28
1.28
1.28
1.28
1.28
1.28
1.28
1.28
1.2803
1.28168
1.28
1.28
1.28
1.28
1.28
1.28
1.28
1.28
1.28036
1.28165
1.28018
1.27999
1.28
1.28
1.28
1.28
1.28
1.28
1.28042
1.28164
1.28
1.28
1.28
1.28
1.28
1.28
1.28
1.28
1.28008
1.28085
1.28
1.28
1.28
1.28
1.28
1.28
1.28
1.28
1.28012
1.28088
1.28
1.28
1.28
1.28
1.28
1.28
1.28
1.28
1.28017
1.28124
1.28
1.28
1.28
1.28
1.28
1.28
1.28
1.28
1.28022
1.28153
1.28
1.28
1.28
1.28
1.28
1.28
1.28
1.28
1.28027
1.28145
1.28
1.28
1.28
1.28
1.28
1.28
1.28
1.28
1.28034
1.2814
1.28
1.28
1.28
1.28
1.28
1.28
1.28
1.28
1.2804
1.28139
1.28
1.28
1.28
1.28
1.28
1.28
1.28
1.28
1.28048
1.2814
1.28
1.28
1.28
1.28
1.28
1.28
1.28
1.28001
1.28056
1.28142
1.27999
1.27999
1.28
1.28
1.28
1.28
1.28
1.28001
1.28066
1.28145
1.28
1.28
1.28
1.28
1.28
1.28
1.28
1.28
1.28015
1.28104
1.28
1.28
1.28
1.28
1.28
1.28
1.28
1.28
1.2802
1.28129
1.28
1.28
1.28
1.28
1.28
1.28
1.28
1.28
1.28026
1.28115
1.28
1.28
1.28
1.28
1.28
1.28
1.28
1.28
1.28032
1.28108
1.28
1.28
1.28
1.28
1.28
1.28
1.28
1.28001
1.2804
1.28105
1.28
1.28
1.28
1.28
1.28
1.28
1.28
1.28001
1.28048
1.28103
1.28
1.28
1.28
1.28
1.28
1.28
1.28
1.28001
1.28058
1.28104
1.28
1.28
1.28
1.28
1.28
1.28
1.28
1.28001
1.2807
1.28105
1.28
1.28
1.28
1.28
1.28
1.28
1.28
1.28001
1.28083
1.28109
1.27996
1.27999
1.28
1.28
1.28
1.28
1.28
1.28002
1.28098
1.28113
1.28
1.28
1.28
1.28
1.28
1.28
1.28
1.28
1.2802
1.28084
1.28
1.28
1.28
1.28
1.28
1.28
1.28
1.28
1.28026
1.28072
1.28
1.28
1.28
1.28
1.28
1.28
1.28
1.28001
1.28033
1.28064
1.28
1.28
1.28
1.28
1.28
1.28
1.28
1.28001
1.28042
1.28058
1.28
1.28
1.28
1.28
1.28
1.28
1.28
1.28001
1.28052
1.28053
1.28
1.28
1.28
1.28
1.28
1.28
1.28
1.28001
1.28064
1.28049
1.28
1.28
1.28
1.28
1.28
1.28
1.28
1.28002
1.28077
1.28046
1.28
1.28
1.28
1.28
1.28
1.28
1.28
1.28002
1.28094
1.28044
1.28
1.28
1.28
1.28
1.28
1.28
1.28
1.28003
1.28113
1.28045
1.27996
1.27999
1.28
1.28
1.28
1.28
1.28
1.28004
1.28136
1.28046
1.28
1.28
1.28
1.28
1.28
1.28
1.28
1.28
1.28022
1.28027
1.28
1.28
1.28
1.28
1.28
1.28
1.28
1.28001
1.28029
1.28012
1.28
1.28
1.28
1.28
1.28
1.28
1.28
1.28001
1.28037
1.27999
1.28
1.28
1.28
1.28
1.28
1.28
1.28
1.28001
1.28047
1.27986
1.28
1.28
1.28
1.28
1.28
1.28
1.28
1.28001
1.28059
1.27973
1.28
1.28
1.28
1.28
1.28
1.28
1.28
1.28002
1.28074
1.2796
1.28
1.28
1.28
1.28
1.28
1.28
1.28
1.28003
1.28092
1.27946
1.28
1.28
1.28
1.28
1.28
1.28
1.28
1.28003
1.28114
1.27933
1.28
1.28
1.28
1.28
1.28
1.28
1.28
1.28005
1.2814
1.27921
1.27995
1.27999
1.28
1.28
1.28
1.28
1.28
1.28006
1.28173
1.27908
1.28
1.28
1.28
1.28
1.28
1.28
1.28
1.28
1.2802
1.27961
1.28
1.28
1.28
1.28
1.28
1.28
1.28
1.28001
1.28027
1.27937
1.28
1.28
1.28
1.28
1.28
1.28
1.28
1.28001
1.28035
1.27913
1.28
1.28
1.28
1.28
1.28
1.28
1.28
1.28001
1.28044
1.27887
1.28
1.28
1.28
1.28
1.28
1.28
1.28
1.28002
1.28056
1.27858
1.28
1.28
1.28
1.28
1.28
1.28
1.28
1.28002
1.28071
1.27825
1.28
1.28
1.28
1.28
1.28
1.28
1.28
1.28003
1.2809
1.2779
1.28
1.28
1.28
1.28
1.28
1.28
1.28
1.28005
1.28114
1.2775
1.28
1.28
1.28
1.28
1.28
1.28
1.28
1.28007
1.28144
1.27707
1.27996
1.28
1.28
1.28
1.28
1.28
1.28
1.28009
1.28183
1.27656
1.28
1.28
1.28
1.28
1.28
1.28
1.28
1.28
1.28013
1.27889
1.28
1.28
1.28
1.28
1.28
1.28
1.28
1.28
1.28017
1.27852
1.28
1.28
1.28
1.28
1.28
1.28
1.28
1.28001
1.28022
1.27812
1.28
1.28
1.28
1.28
1.28
1.28
1.28
1.28001
1.28029
1.27766
1.28
1.28
1.28
1.28
1.28
1.28
1.28
1.28001
1.28037
1.27713
1.28
1.28
1.28
1.28
1.28
1.28
1.28
1.28002
1.28047
1.27651
1.28
1.28
1.28
1.28
1.28
1.28
1.28
1.28003
1.28061
1.2758
1.28
1.28
1.28
1.28
1.28
1.28
1.28
1.28005
1.28078
1.27495
1.28
1.28
1.28
1.28
1.28
1.28
1.28
1.28007
1.28101
1.27394
1.27997
1.28
1.28
1.28
1.28
1.28
1.28
1.2801
1.2813
1.27271
1.28
1.28
1.28
1.28
1.28
1.28
1.28
1.28
1.28003
1.27824
1.28
1.28
1.28
1.28
1.28
1.28
1.28
1.28
1.28003
1.27773
1.28
1.28
1.28
1.28
1.28
1.28
1.28
1.28
1.28004
1.27716
1.28
1.28
1.28
1.28
1.28
1.28
1.28
1.28
1.28005
1.27649
1.28
1.28
1.28
1.28
1.28
1.28
1.28
1.28001
1.28005
1.27571
1.28
1.28
1.28
1.28
1.28
1.28
1.28
1.28001
1.28006
1.27476
1.28
1.28
1.28
1.28
1.28
1.28
1.28
1.28001
1.28007
1.27363
1.28
1.28
1.28
1.28
1.28
1.28
1.28
1.28002
1.28007
1.27224
1.28
1.28
1.28
1.28
1.28
1.28
1.28
1.28002
1.28007
1.27053
1.28002
1.28
1.28
1.28
1.28
1.28
1.28
1.28004
1.28004
1.26836
1.28
1.28
1.28
1.28
1.28
1.28
1.28
1.28
1.27995
1.27784
1.28
1.28
1.28
1.28
1.28
1.28
1.28
1.28
1.27993
1.27724
1.28
1.28
1.28
1.28
1.28
1.28
1.28
1.28
1.2799
1.27657
1.28
1.28
1.28
1.28
1.28
1.28
1.28
1.28
1.27986
1.27576
1.28
1.28
1.28
1.28
1.28
1.28
1.28
1.27999
1.2798
1.2748
1.28
1.28
1.28
1.28
1.28
1.28
1.28
1.27999
1.27972
1.27364
1.28
1.28
1.28
1.28
1.28
1.28
1.28
1.27999
1.27961
1.27222
1.28
1.28
1.28
1.28
1.28
1.28
1.28
1.27998
1.27945
1.27046
1.28
1.28
1.28
1.28
1.28
1.28
1.28
1.27996
1.27921
1.26826
1.28025
1.28003
1.28
1.28
1.28
1.28
1.28
1.27993
1.27883
1.26542
1.28
1.28
1.28
1.28
1.28
1.28
1.28
1.28
1.27995
1.27783
1.28
1.28
1.28
1.28
1.28
1.28
1.28
1.28
1.27993
1.27724
1.28
1.28
1.28
1.28
1.28
1.28
1.28
1.28
1.2799
1.27656
1.28
1.28
1.28
1.28
1.28
1.28
1.28
1.28
1.27986
1.27576
1.28
1.28
1.28
1.28
1.28
1.28
1.28
1.27999
1.2798
1.2748
1.28
1.28
1.28
1.28
1.28
1.28
1.28
1.27999
1.27972
1.27364
1.28
1.28
1.28
1.28
1.28
1.28
1.28
1.27999
1.27961
1.27222
1.28
1.28
1.28
1.28
1.28
1.28
1.28
1.27998
1.27945
1.27046
1.28
1.28
1.28
1.28
1.28
1.28
1.28
1.27996
1.27921
1.26826
1.28026
1.28003
1.28
1.28
1.28
1.28
1.28
1.27993
1.27883
1.26542
1.28
1.28
1.28
1.28
1.28
1.28
1.28
1.28
1.28003
1.27822
1.28
1.28
1.28
1.28
1.28
1.28
1.28
1.28
1.28003
1.27772
1.28
1.28
1.28
1.28
1.28
1.28
1.28
1.28
1.28004
1.27715
1.28
1.28
1.28
1.28
1.28
1.28
1.28
1.28
1.28005
1.27648
1.28
1.28
1.28
1.28
1.28
1.28
1.28
1.28001
1.28005
1.2757
1.28
1.28
1.28
1.28
1.28
1.28
1.28
1.28001
1.28006
1.27475
1.28
1.28
1.28
1.28
1.28
1.28
1.28
1.28001
1.28007
1.27362
1.28
1.28
1.28
1.28
1.28
1.28
1.28
1.28002
1.28007
1.27223
1.28
1.28
1.28
1.28
1.28
1.28
1.28
1.28002
1.28007
1.27052
1.28002
1.28
1.28
1.28
1.28
1.28
1.28
1.28004
1.28004
1.26836
1.28
1.28
1.28
1.28
1.28
1.28
1.28
1.28
1.28013
1.27888
1.28
1.28
1.28
1.28
1.28
1.28
1.28
1.28
1.28017
1.27851
1.28
1.28
1.28
1.28
1.28
1.28
1.28
1.28001
1.28022
1.27811
1.28
1.28
1.28
1.28
1.28
1.28
1.28
1.28001
1.28029
1.27765
1.28
1.28
1.28
1.28
1.28
1.28
1.28
1.28002
1.28037
1.27712
1.28
1.28
1.28
1.28
1.28
1.28
1.28
1.28002
1.28047
1.27651
1.28
1.28
1.28
1.28
1.28
1.28
1.28
1.28003
1.28061
1.27579
1.28
1.28
1.28
1.28
1.28
1.28
1.28
1.28005
1.28078
1.27494
1.28
1.28
1.28
1.28
1.28
1.28
1.28
1.28007
1.28101
1.27394
1.27997
1.28
1.28
1.28
1.28
1.28
1.28
1.2801
1.2813
1.27271
1.28
1.28
1.28
1.28
1.28
1.28
1.28
1.28
1.28021
1.2796
1.28
1.28
1.28
1.28
1.28
1.28
1.28
1.28001
1.28027
1.27937
1.28
1.28
1.28
1.28
1.28
1.28
1.28
1.28001
1.28035
1.27912
1.28
1.28
1.28
1.28
1.28
1.28
1.28
1.28001
1.28044
1.27886
1.28
1.28
1.28
1.28
1.28
1.28
1.28
1.28002
1.28056
1.27857
1.28
1.28
1.28
1.28
1.28
1.28
1.28
1.28002
1.28071
1.27825
1.28
1.28
1.28
1.28
1.28
1.28
1.28
1.28003
1.2809
1.27789
1.28
1.28
1.28
1.28
1.28
1.28
1.28
1.28005
1.28114
1.2775
1.28
1.28
1.28
1.28
1.28
1.28
1.28
1.28007
1.28144
1.27706
1.27996
1.28
1.28
1.28
1.28
1.28
1.28
1.28009
1.28183
1.27656
1.28
1.28
1.28
1.28
1.28
1.28
1.28
1.28
1.28023
1.28027
1.28
1.28
1.28
1.28
1.28
1.28
1.28
1.28001
1.28029
1.28012
1.28
1.28
1.28
1.28
1.28
1.28
1.28
1.28001
1.28038
1.27999
1.28
1.28
1.28
1.28
1.28
1.28
1.28
1.28001
1.28048
1.27986
1.28
1.28
1.28
1.28
1.28
1.28
1.28
1.28001
1.2806
1.27973
1.28
1.28
1.28
1.28
1.28
1.28
1.28
1.28002
1.28074
1.2796
1.28
1.28
1.28
1.28
1.28
1.28
1.28
1.28003
1.28092
1.27946
1.28
1.28
1.28
1.28
1.28
1.28
1.28
1.28003
1.28114
1.27933
1.28
1.28
1.28
1.28
1.28
1.28
1.28
1.28005
1.2814
1.27921
1.27996
1.27999
1.28
1.28
1.28
1.28
1.28
1.28006
1.28173
1.27908
1.28
1.28
1.28
1.28
1.28
1.28
1.28
1.28
1.2802
1.28084
1.28
1.28
1.28
1.28
1.28
1.28
1.28
1.28
1.28026
1.28072
1.28
1.28
1.28
1.28
1.28
1.28
1.28
1.28001
1.28033
1.28064
1.28
1.28
1.28
1.28
1.28
1.28
1.28
1.28001
1.28042
1.28058
1.28
1.28
1.28
1.28
1.28
1.28
1.28
1.28001
1.28052
1.28053
1.28
1.28
1.28
1.28
1.28
1.28
1.28
1.28001
1.28064
1.28049
1.28
1.28
1.28
1.28
1.28
1.28
1.28
1.28002
1.28078
1.28046
1.28
1.28
1.28
1.28
1.28
1.28
1.28
1.28002
1.28094
1.28044
1.28
1.28
1.28
1.28
1.28
1.28
1.28
1.28003
1.28113
1.28045
1.27996
1.27999
1.28
1.28
1.28
1.28
1.28
1.28004
1.28136
1.28046
1.28
1.28
1.28
1.28
1.28
1.28
1.28
1.28
1.28015
1.28105
1.28
1.28
1.28
1.28
1.28
1.28
1.28
1.28
1.2802
1.28129
1.28
1.28
1.28
1.28
1.28
1.28
1.28
1.28
1.28026
1.28115
1.28
1.28
1.28
1.28
1.28
1.28
1.28
1.28
1.28032
1.28108
1.28
1.28
1.28
1.28
1.28
1.28
1.28
1.28001
1.2804
1.28105
1.28
1.28
1.28
1.28
1.28
1.28
1.28
1.28001
1.28048
1.28104
1.28
1.28
1.28
1.28
1.28
1.28
1.28
1.28001
1.28058
1.28104
1.28
1.28
1.28
1.28
1.28
1.28
1.28
1.28001
1.2807
1.28105
1.28
1.28
1.28
1.28
1.28
1.28
1.28
1.28001
1.28083
1.28109
1.27996
1.27999
1.28
1.28
1.28
1.28
1.28
1.28002
1.28098
1.28113
1.28
1.28
1.28
1.28
1.28
1.28
1.28
1.28
1.28008
1.28085
1.28
1.28
1.28
1.28
1.28
1.28
1.28
1.28
1.28012
1.28089
1.28
1.28
1.28
1.28
1.28
1.28
1.28
1.28
1.28017
1.28125
1.28
1.28
1.28
1.28
1.28
1.28
1.28
1.28
1.28022
1.28153
1.28
1.28
1.28
1.28
1.28
1.28
1.28
1.28
1.28027
1.28146
1.28
1.28
1.28
1.28
1.28
1.28
1.28
1.28
1.28034
1.28141
1.28
1.28
1.28
1.28
1.28
1.28
1.28
1.28
1.2804
1.28139
1.28
1.28
1.28
1.28
1.28
1.28
1.28
1.28
1.28048
1.2814
1.28
1.28
1.28
1.28
1.28
1.28
1.28
1.28001
1.28056
1.28142
1.27999
1.27999
1.28
1.28
1.28
1.28
1.28
1.28001
1.28066
1.28145
1.28
1.28
1.28
1.28
1.28
1.28
1.28
1.28
1.28003
1.28086
1.28
1.28
1.28
1.28
1.28
1.28
1.28
1.28
1.28006
1.28093
1.28
1.28
1.28
1.28
1.28
1.28
1.28
1.28
1.28009
1.28094
1.28
1.28
1.28
1.28
1.28
1.28
1.28
1.28
1.28012
1.28096
1.28
1.28
1.28
1.28
1.28
1.28
1.28
1.28
1.28016
1.28127
1.28
1.28
1.28
1.28
1.28
1.28
1.28
1.28
1.28021
1.28154
1.28
1.28
1.28
1.28
1.28
1.28
1.28
1.28
1.28025
1.28177
1.28
1.28
1.28
1.28
1.28
1.28
1.28
1.28
1.2803
1.28168
1.28
1.28
1.28
1.28
1.28
1.28
1.28
1.28
1.28036
1.28165
1.28018
1.27999
1.28
1.28
1.28
1.28
1.28
1.28
1.28042
1.28164
1.28
1.28
1.28
1.28
1.28
1.28
1.28
1.28
1.27998
1.2805
1.28
1.28
1.28
1.28
1.28
1.28
1.28
1.28
1.28
1.28058
1.28
1.28
1.28
1.28
1.28
1.28
1.28
1.28
1.28002
1.28074
1.28
1.28
1.28
1.28
1.28
1.28
1.28
1.28
1.28005
1.28079
1.28
1.28
1.28
1.28
1.28
1.28
1.28
1.28
1.28007
1.28085
1.28
1.28
1.28
1.28
1.28
1.28
1.28
1.28
1.2801
1.28091
1.28
1.28
1.28
1.28
1.28
1.28
1.28
1.28
1.28013
1.28098
1.28
1.28
1.28
1.28
1.28
1.28
1.28
1.28
1.28017
1.28133
1.28
1.28
1.28
1.28
1.28
1.28
1.28
1.28
1.28021
1.28161
1.28045
1.28013
1.28002
1.28
1.28
1.28
1.28
1.28
1.28025
1.28186
1.28
1.28
1.28
1.28
1.28
1.28
1.28
1.28
1.28001
1.28241
1.28
1.28
1.28
1.28
1.28
1.28
1.28
1.28
1.28001
1.28236
1.28
1.28
1.28
1.28
1.28
1.28
1.28
1.28
1.28001
1.28225
1.28
1.28
1.28
1.28
1.28
1.28
1.28
1.28
1.28001
1.28245
1.28
1.28
1.28
1.28
1.28
1.28
1.28
1.28
1.28001
1.28266
1.28
1.28
1.28
1.28
1.28
1.28
1.28
1.28
1.28001
1.28288
1.28
1.28
1.28
1.28
1.28
1.28
1.28
1.28
1.28001
1.28313
1.28
1.28
1.28
1.28
1.28
1.28
1.28
1.28
1.28002
1.28341
1.28
1.28
1.28
1.28
1.28
1.28
1.28
1.28
1.28002
1.28373
1.28009
1.28002
1.28
1.28
1.28
1.28
1.28
1.28
1.28002
1.28407
1.28
1.28
1.28
1.28
1.28
1.28
1.28
1.28
1.28001
1.28025
1.28
1.28
1.28
1.28
1.28
1.28
1.28
1.28
1.28001
1.28027
1.28
1.28
1.28
1.28
1.28
1.28
1.28
1.28
1.28
1.28028
1.28
1.28
1.28
1.28
1.28
1.28
1.28
1.28
1.28
1.28036
1.28
1.28
1.28
1.28
1.28
1.28
1.28
1.28
1.28
1.28044
1.28
1.28
1.28
1.28
1.28
1.28
1.28
1.28
1.28
1.28051
1.28
1.28
1.28
1.28
1.28
1.28
1.28
1.28
1.28
1.28056
1.28
1.28
1.28
1.28
1.28
1.28
1.28
1.28
1.28
1.28058
1.28
1.28
1.28
1.28
1.28
1.28
1.28
1.28
1.28
1.28055
1.28001
1.28
1.28
1.28
1.28
1.28
1.28
1.28
1.28
1.28046
1.28
1.28
1.28
1.28
1.28
1.28
1.28
1.28
1.28
1.27911
1.28
1.28
1.28
1.28
1.28
1.28
1.28
1.28
1.28
1.27919
1.28
1.28
1.28
1.28
1.28
1.28
1.28
1.28
1.28
1.27928
1.28
1.28
1.28
1.28
1.28
1.28
1.28
1.28
1.28
1.27936
1.28
1.28
1.28
1.28
1.28
1.28
1.28
1.28
1.28
1.27944
1.28
1.28
1.28
1.28
1.28
1.28
1.28
1.28
1.28
1.27952
1.28
1.28
1.28
1.28
1.28
1.28
1.28
1.28
1.28
1.27961
1.28
1.28
1.28
1.28
1.28
1.28
1.28
1.28
1.28
1.2797
1.28
1.28
1.28
1.28
1.28
1.28
1.28
1.28
1.28
1.27979
1.28
1.28
1.28
1.28
1.28
1.28
1.28
1.28
1.28
1.27993
1.28
1.28
1.28
1.28
1.28
1.28
1.28
1.28
1.27999
1.27886
1.28
1.28
1.28
1.28
1.28
1.28
1.28
1.28
1.28
1.27896
1.28
1.28
1.28
1.28
1.28
1.28
1.28
1.28
1.28
1.27907
1.28
1.28
1.28
1.28
1.28
1.28
1.28
1.28
1.28
1.27917
1.28
1.28
1.28
1.28
1.28
1.28
1.28
1.28
1.28
1.27927
1.28
1.28
1.28
1.28
1.28
1.28
1.28
1.28
1.28
1.27938
1.28
1.28
1.28
1.28
1.28
1.28
1.28
1.28
1.28
1.2795
1.28
1.28
1.28
1.28
1.28
1.28
1.28
1.28
1.28
1.27962
1.28
1.28
1.28
1.28
1.28
1.28
1.28
1.28
1.28
1.27975
1.28
1.28
1.28
1.28
1.28
1.28
1.28
1.28
1.28
1.2799
1.28
1.28
1.28
1.28
1.28
1.28
1.28
1.28
1.27999
1.27891
1.28
1.28
1.28
1.28
1.28
1.28
1.28
1.28
1.28
1.27901
1.28
1.28
1.28
1.28
1.28
1.28
1.28
1.28
1.28
1.27912
1.28
1.28
1.28
1.28
1.28
1.28
1.28
1.28
1.28
1.27922
1.28
1.28
1.28
1.28
1.28
1.28
1.28
1.28
1.28
1.27933
1.28
1.28
1.28
1.28
1.28
1.28
1.28
1.28
1.28
1.27944
1.28
1.28
1.28
1.28
1.28
1.28
1.28
1.28
1.28
1.27955
1.28
1.28
1.28
1.28
1.28
1.28
1.28
1.28
1.28
1.27967
1.28
1.28
1.28
1.28
1.28
1.28
1.28
1.28
1.28
1.27979
1.28
1.28
1.28
1.28
1.28
1.28
1.28
1.28
1.28
1.27992
1.28
1.28
1.28
1.28
1.28
1.28
1.28
1.28
1.27999
1.279
1.28
1.28
1.28
1.28
1.28
1.28
1.28
1.28
1.28
1.27909
1.28
1.28
1.28
1.28
1.28
1.28
1.28
1.28
1.28
1.27919
1.28
1.28
1.28
1.28
1.28
1.28
1.28
1.28
1.28
1.27929
1.28
1.28
1.28
1.28
1.28
1.28
1.28
1.28
1.28
1.27939
1.28
1.28
1.28
1.28
1.28
1.28
1.28
1.28
1.28
1.2795
1.28
1.28
1.28
1.28
1.28
1.28
1.28
1.28
1.28
1.27961
1.28
1.28
1.28
1.28
1.28
1.28
1.28
1.28
1.28
1.27972
1.28
1.28
1.28
1.28
1.28
1.28
1.28
1.28
1.28
1.27983
1.28
1.28
1.28
1.28
1.28
1.28
1.28
1.28
1.28
1.27994
1.28
1.28
1.28
1.28
1.28
1.28
1.28
1.28
1.28
1.27906
1.28
1.28
1.28
1.28
1.28
1.28
1.28
1.28
1.28
1.27915
1.28
1.28
1.28
1.28
1.28
1.28
1.28
1.28
1.28
1.27924
1.28
1.28
1.28
1.28
1.28
1.28
1.28
1.28
1.28
1.27933
1.28
1.28
1.28
1.28
1.28
1.28
1.28
1.28
1.28
1.27943
1.28
1.28
1.28
1.28
1.28
1.28
1.28
1.28
1.28
1.27953
1.28
1.28
1.28
1.28
1.28
1.28
1.28
1.28
1.28
1.27963
1.28
1.28
1.28
1.28
1.28
1.28
1.28
1.28
1.28
1.27974
1.28
1.28
1.28
1.28
1.28
1.28
1.28
1.28
1.28
1.27984
1.28
1.28
1.28
1.28
1.28
1.28
1.28
1.28
1.28
1.27995
1.28
1.28
1.28
1.28
1.28
1.28
1.28
1.28
1.28
1.27905
1.28
1.28
1.28
1.28
1.28
1.28
1.28
1.28
1.28
1.27914
1.28
1.28
1.28
1.28
1.28
1.28
1.28
1.28
1.28
1.27923
1.28
1.28
1.28
1.28
1.28
1.28
1.28
1.28
1.28
1.27933
1.28
1.28
1.28
1.28
1.28
1.28
1.28
1.28
1.28
1.27942
1.28
1.28
1.28
1.28
1.28
1.28
1.28
1.28
1.28
1.27952
1.28
1.28
1.28
1.28
1.28
1.28
1.28
1.28
1.28
1.27962
1.28
1.28
1.28
1.28
1.28
1.28
1.28
1.28
1.28
1.27973
1.28
1.28
1.28
1.28
1.28
1.28
1.28
1.28
1.28
1.27983
1.28
1.28
1.28
1.28
1.28
1.28
1.28
1.28
1.28
1.27994
1.28002
1.28001
1.28002
1.28002
1.28002
1.28002
1.28002
1.28002
1.28002
1.2789
1.28002
1.28001
1.28001
1.28001
1.28001
1.28002
1.28002
1.28002
1.28001
1.27901
1.28002
1.28001
1.28001
1.28001
1.28001
1.28001
1.28001
1.28001
1.28001
1.27911
1.28002
1.28001
1.28001
1.28001
1.28001
1.28001
1.28001
1.28001
1.28
1.27922
1.28001
1.28001
1.28001
1.28001
1.28001
1.28
1.28
1.28
1.28
1.27933
1.28001
1.28
1.28
1.28
1.28
1.28
1.28
1.28
1.28
1.27944
1.28001
1.28
1.28
1.28
1.28
1.28
1.28
1.28
1.27999
1.27956
1.28001
1.28
1.28
1.28
1.28
1.28
1.28
1.27999
1.27999
1.27967
1.28
1.28
1.28
1.27999
1.27999
1.27999
1.27999
1.27999
1.27999
1.27979
1.27999
1.27999
1.27999
1.27999
1.27999
1.27999
1.27999
1.27999
1.27999
1.27992
1.28027
1.27998
1.27998
1.27997
1.27997
1.27996
1.27995
1.27994
1.27992
1.27843
1.28023
1.27997
1.27996
1.27996
1.27996
1.27995
1.27995
1.27994
1.27993
1.27859
1.28021
1.27997
1.27997
1.27996
1.27996
1.27995
1.27995
1.27994
1.27993
1.27875
1.28019
1.27997
1.27997
1.27996
1.27996
1.27996
1.27995
1.27995
1.27994
1.2789
1.28017
1.27997
1.27996
1.27996
1.27996
1.27996
1.27995
1.27995
1.27994
1.27906
1.28014
1.27997
1.27996
1.27996
1.27996
1.27996
1.27996
1.27995
1.27995
1.27922
1.28011
1.27996
1.27996
1.27996
1.27996
1.27996
1.27996
1.27995
1.27995
1.27938
1.28007
1.27996
1.27996
1.27996
1.27996
1.27996
1.27996
1.27995
1.27995
1.27954
1.28003
1.27996
1.27996
1.27996
1.27996
1.27996
1.27996
1.27995
1.27995
1.2797
1.27994
1.27992
1.27992
1.27993
1.27993
1.27993
1.27994
1.27994
1.27995
1.27986
1.28
1.28
1.28
1.28
1.28
1.28
1.28
1.28
1.28
1.27895
1.28
1.28
1.28
1.28
1.28
1.28
1.28
1.28
1.28
1.27976
1.28
1.28
1.28
1.28
1.28
1.28
1.28
1.28
1.28
1.27989
1.28
1.28
1.28
1.28
1.28
1.28
1.28
1.28
1.28
1.27991
1.28
1.28
1.28
1.28
1.28
1.28
1.28
1.28
1.28
1.27992
1.28
1.28
1.28
1.28
1.28
1.28
1.28
1.28
1.28
1.27992
1.28
1.28
1.28
1.28
1.28
1.28
1.28
1.28
1.28
1.27991
1.28
1.28
1.28
1.28
1.28
1.28
1.28
1.28
1.28
1.27989
1.28
1.28
1.28
1.28
1.28
1.28
1.28
1.28
1.28
1.27975
1.28
1.28
1.28
1.28
1.28
1.28
1.28
1.28
1.28
1.27881
1.28
1.28
1.28
1.28
1.28
1.28
1.28
1.28
1.28
1.27976
1.28
1.28
1.28
1.28
1.28
1.28
1.28
1.28
1.28
1.28002
1.28
1.28
1.28
1.28
1.28
1.28
1.28
1.28
1.28
1.28005
1.28
1.28
1.28
1.28
1.28
1.28
1.28
1.28
1.28
1.28005
1.28
1.28
1.28
1.28
1.28
1.28
1.28
1.28
1.28
1.28005
1.28
1.28
1.28
1.28
1.28
1.28
1.28
1.28
1.28
1.28005
1.28
1.28
1.28
1.28
1.28
1.28
1.28
1.28
1.28
1.28005
1.28
1.28
1.28
1.28
1.28
1.28
1.28
1.28
1.28
1.28005
1.28
1.28
1.28
1.28
1.28
1.28
1.28
1.28
1.28
1.28002
1.28
1.28
1.28
1.28
1.28
1.28
1.28
1.28
1.28
1.27975
1.28
1.28
1.28
1.28
1.28
1.28
1.28
1.28
1.28
1.27989
1.28
1.28
1.28
1.28
1.28
1.28
1.28
1.28
1.28
1.28005
1.28
1.28
1.28
1.28
1.28
1.28
1.28
1.28
1.28
1.28006
1.28
1.28
1.28
1.28
1.28
1.28
1.28
1.28
1.28
1.28005
1.28
1.28
1.28
1.28
1.28
1.28
1.28
1.28
1.28
1.28005
1.28
1.28
1.28
1.28
1.28
1.28
1.28
1.28
1.28
1.28005
1.28
1.28
1.28
1.28
1.28
1.28
1.28
1.28
1.28
1.28005
1.28
1.28
1.28
1.28
1.28
1.28
1.28
1.28
1.28
1.28006
1.28
1.28
1.28
1.28
1.28
1.28
1.28
1.28
1.28
1.28005
1.28
1.28
1.28
1.28
1.28
1.28
1.28
1.28
1.28
1.27989
1.28
1.28
1.28
1.28
1.28
1.28
1.28
1.28
1.28
1.27991
1.28
1.28
1.28
1.28
1.28
1.28
1.28
1.28
1.28
1.28005
1.28
1.28
1.28
1.28
1.28
1.28
1.28
1.28
1.28
1.28005
1.28
1.28
1.28
1.28
1.28
1.28
1.28
1.28
1.28
1.28005
1.28
1.28
1.28
1.28
1.28
1.28
1.28
1.28
1.28
1.28005
1.28
1.28
1.28
1.28
1.28
1.28
1.28
1.28
1.28
1.28005
1.28
1.28
1.28
1.28
1.28
1.28
1.28
1.28
1.28
1.28005
1.28
1.28
1.28
1.28
1.28
1.28
1.28
1.28
1.28
1.28005
1.28
1.28
1.28
1.28
1.28
1.28
1.28
1.28
1.28
1.28005
1.28
1.28
1.28
1.28
1.28
1.28
1.28
1.28
1.28
1.27991
1.28
1.28
1.28
1.28
1.28
1.28
1.28
1.28
1.28
1.27992
1.28
1.28
1.28
1.28
1.28
1.28
1.28
1.28
1.28
1.28005
1.28
1.28
1.28
1.28
1.28
1.28
1.28
1.28
1.28
1.28005
1.28
1.28
1.28
1.28
1.28
1.28
1.28
1.28
1.28
1.28005
1.28
1.28
1.28
1.28
1.28
1.28
1.28
1.28
1.28
1.28005
1.28
1.28
1.28
1.28
1.28
1.28
1.28
1.28
1.28
1.28005
1.28
1.28
1.28
1.28
1.28
1.28
1.28
1.28
1.28
1.28005
1.28
1.28
1.28
1.28
1.28
1.28
1.28
1.28
1.28
1.28005
1.28
1.28
1.28
1.28
1.28
1.28
1.28
1.28
1.28
1.28005
1.28
1.28
1.28
1.28
1.28
1.28
1.28
1.28
1.28
1.27992
1.28
1.28
1.28
1.28
1.28
1.28
1.28
1.28
1.28
1.27992
1.28
1.28
1.28
1.28
1.28
1.28
1.28
1.28
1.28
1.28005
1.28
1.28
1.28
1.28
1.28
1.28
1.28
1.28
1.28
1.28005
1.28
1.28
1.28
1.28
1.28
1.28
1.28
1.28
1.28
1.28005
1.28
1.28
1.28
1.28
1.28
1.28
1.28
1.28
1.28
1.28005
1.28
1.28
1.28
1.28
1.28
1.28
1.28
1.28
1.28
1.28005
1.28
1.28
1.28
1.28
1.28
1.28
1.28
1.28
1.28
1.28005
1.28
1.28
1.28
1.28
1.28
1.28
1.28
1.28
1.28
1.28005
1.28
1.28
1.28
1.28
1.28
1.28
1.28
1.28
1.28
1.28005
1.28
1.28
1.28
1.28
1.28
1.28
1.28
1.28
1.28
1.27992
1.28
1.28
1.28
1.28
1.28
1.28
1.28
1.28
1.28
1.27991
1.28
1.28
1.28
1.28
1.28
1.28
1.28
1.28
1.28
1.28005
1.28
1.28
1.28
1.28
1.28
1.28
1.28
1.28
1.28
1.28005
1.28
1.28
1.28
1.28
1.28
1.28
1.28
1.28
1.28
1.28005
1.28
1.28
1.28
1.28
1.28
1.28
1.28
1.28
1.28
1.28005
1.28
1.28
1.28
1.28
1.28
1.28
1.28
1.28
1.28
1.28005
1.28
1.28
1.28
1.28
1.28
1.28
1.28
1.28
1.28
1.28005
1.28
1.28
1.28
1.28
1.28
1.28
1.28
1.28
1.28
1.28005
1.28
1.28
1.28
1.28
1.28
1.28
1.28
1.28
1.28
1.28005
1.28
1.28
1.28
1.28
1.28
1.28
1.28
1.28
1.28
1.27992
1.28
1.28
1.28
1.28
1.28
1.28
1.28
1.28
1.28
1.27989
1.28
1.28
1.28
1.28
1.28
1.28
1.28
1.28
1.28
1.28005
1.28
1.28
1.28
1.28
1.28
1.28
1.28
1.28
1.28
1.28006
1.28
1.28
1.28
1.28
1.28
1.28
1.28
1.28
1.28
1.28005
1.28
1.28
1.28
1.28
1.28
1.28
1.28
1.28
1.28
1.28005
1.28
1.28
1.28
1.28
1.28
1.28
1.28
1.28
1.28
1.28005
1.28
1.28
1.28
1.28
1.28
1.28
1.28
1.28
1.28
1.28005
1.28
1.28
1.28
1.28
1.28
1.28
1.28
1.28
1.28
1.28006
1.28
1.28
1.28
1.28
1.28
1.28
1.28
1.28
1.28
1.28005
1.28
1.28
1.28
1.28
1.28
1.28
1.28
1.28
1.28
1.27989
1.28
1.28
1.28
1.28
1.28
1.28
1.28
1.28
1.28
1.27975
1.28
1.28
1.28
1.28
1.28
1.28
1.28
1.28
1.28
1.28002
1.28
1.28
1.28
1.28
1.28
1.28
1.28
1.28
1.28
1.28005
1.28
1.28
1.28
1.28
1.28
1.28
1.28
1.28
1.28
1.28005
1.28
1.28
1.28
1.28
1.28
1.28
1.28
1.28
1.28
1.28005
1.28
1.28
1.28
1.28
1.28
1.28
1.28
1.28
1.28
1.28005
1.28
1.28
1.28
1.28
1.28
1.28
1.28
1.28
1.28
1.28005
1.28
1.28
1.28
1.28
1.28
1.28
1.28
1.28
1.28
1.28005
1.28
1.28
1.28
1.28
1.28
1.28
1.28
1.28
1.28
1.28002
1.28
1.28
1.28
1.28
1.28
1.28
1.28
1.28
1.28
1.27976
1.28
1.28
1.28
1.28
1.28
1.28
1.28
1.28
1.28
1.27881
1.28
1.28
1.28
1.28
1.28
1.28
1.28
1.28
1.28
1.27975
1.28
1.28
1.28
1.28
1.28
1.28
1.28
1.28
1.28
1.27989
1.28
1.28
1.28
1.28
1.28
1.28
1.28
1.28
1.28
1.27991
1.28
1.28
1.28
1.28
1.28
1.28
1.28
1.28
1.28
1.27992
1.28
1.28
1.28
1.28
1.28
1.28
1.28
1.28
1.28
1.27992
1.28
1.28
1.28
1.28
1.28
1.28
1.28
1.28
1.28
1.27991
1.28
1.28
1.28
1.28
1.28
1.28
1.28
1.28
1.28
1.27989
1.28
1.28
1.28
1.28
1.28
1.28
1.28
1.28
1.28
1.27976
1.28
1.28
1.28
1.28
1.28
1.28
1.28
1.28
1.28
1.27895
)
;

boundaryField
{
    walls
    {
        type            zeroGradient;
    }
    nozzleExt
    {
        type            zeroGradient;
    }
    nozzleInt
    {
        type            zeroGradient;
    }
    inlet
    {
        type            fixedValue;
        value           uniform 5;
    }
    outlet
    {
        type            zeroGradient;
    }
    defaultFaces
    {
        type            empty;
    }
}


// ************************************************************************* //
