/*--------------------------------*- C++ -*----------------------------------*\
| =========                 |                                                 |
| \\      /  F ield         | OpenFOAM: The Open Source CFD Toolbox           |
|  \\    /   O peration     | Version:  4.1                                   |
|   \\  /    A nd           | Web:      www.OpenFOAM.org                      |
|    \\/     M anipulation  |                                                 |
\*---------------------------------------------------------------------------*/
FoamFile
{
    version     2.0;
    format      ascii;
    class       volScalarField;
    location    "0.96";
    object      p;
}
// * * * * * * * * * * * * * * * * * * * * * * * * * * * * * * * * * * * * * //

dimensions      [1 -1 -2 0 0 0 0];

internalField   nonuniform List<scalar> 
18000
(
1.28
1.28
1.28
1.28
1.28
1.28
1.28
1.28
1.28
1.28
1.28
1.28
1.28
1.28
1.28
1.28
1.28
1.28
1.28
1.28
1.28
1.28
1.28
1.28
1.28
1.28
1.28
1.28
1.28
1.28
1.28
1.28
1.28
1.28
1.28
1.28
1.28
1.28
1.28
1.28
1.28
1.28
1.28
1.28
1.28
1.28
1.28
1.28
1.28
1.28
1.28
1.28
1.28
1.28
1.28
1.28
1.28
1.28
1.28
1.28
1.28
1.28
1.28
1.28
1.28
1.28
1.28
1.28
1.28
1.28
1.28
1.28
1.28
1.28
1.28
1.28
1.28
1.28
1.28
1.28
1.28
1.28
1.28
1.28
1.28
1.28
1.28
1.28
1.28
1.28
1.28001
1.28001
1.28001
1.28001
1.28001
1.28001
1.28001
1.28001
1.28001
1.28001
1.28
1.28
1.28
1.28
1.28
1.28
1.28
1.28
1.28
1.28
1.28
1.28
1.28
1.28
1.28
1.28
1.28
1.28
1.28
1.28
1.28
1.28
1.28
1.28
1.28
1.28
1.28
1.28
1.28
1.28
1.28
1.28
1.28
1.28
1.28
1.28
1.28
1.28
1.28
1.28
1.28
1.28
1.28
1.28
1.28
1.28
1.28
1.28
1.28
1.28
1.28
1.28
1.28
1.28
1.28
1.28
1.28
1.28
1.28
1.28
1.28
1.28
1.28
1.28
1.28
1.28
1.28
1.28
1.28
1.28
1.28
1.28
1.28
1.28
1.28
1.28
1.28
1.28
1.28
1.28
1.28
1.28
1.28
1.28
1.28
1.28
1.28
1.28
1.28
1.28
1.28
1.28
1.28
1.28
1.28
1.28
1.28
1.28
1.28
1.28
1.28
1.28
1.28
1.28
1.28
1.28
1.28
1.28
1.28
1.28
1.28
1.28
1.28
1.28
1.28
1.28
1.28
1.28
1.28
1.28
1.28
1.28
1.28
1.28
1.28
1.28
1.28
1.28
1.28
1.28
1.28
1.28
1.28
1.28
1.28
1.28
1.28
1.28
1.28
1.28
1.28
1.28
1.28
1.28
1.28
1.28
1.28
1.28
1.28
1.28
1.28
1.28
1.28
1.28
1.28
1.28
1.28
1.28
1.28
1.28
1.28
1.28
1.28
1.28
1.28
1.28
1.28
1.28
1.28
1.28
1.28
1.28
1.28
1.28
1.28
1.28
1.28
1.28
1.28
1.28
1.28
1.28
1.28
1.28
1.28
1.28
1.28
1.28
1.28
1.28
1.28
1.28
1.28
1.28
1.28
1.28
1.28
1.28
1.28
1.28
1.28
1.28
1.28
1.28
1.28
1.28
1.28
1.28
1.28
1.28
1.28
1.28
1.28
1.28
1.28
1.28
1.28
1.28
1.28
1.28
1.28
1.28
1.28
1.28
1.28
1.28
1.28
1.28
1.28
1.28
1.28
1.28
1.28
1.28
1.28
1.28
1.28
1.28
1.28
1.28
1.28
1.28
1.28
1.28
1.28
1.28
1.28
1.28
1.28
1.28
1.28
1.28
1.28
1.28
1.28
1.28
1.28
1.28
1.28
1.28
1.28
1.28
1.28
1.28
1.28
1.28
1.28
1.28
1.28
1.28
1.28
1.28
1.28
1.28
1.28
1.28
1.28
1.28
1.28
1.28
1.28
1.28
1.28
1.28
1.28
1.28
1.28
1.28
1.28
1.28
1.28
1.28
1.28
1.28
1.28
1.28
1.28
1.28
1.28
1.28
1.28
1.28
1.28
1.28
1.28
1.28
1.28
1.28
1.28
1.28
1.28
1.28
1.28
1.28
1.28
1.28
1.28
1.28
1.28
1.28
1.28
1.28
1.28
1.28
1.28
1.28
1.28
1.28
1.28
1.28
1.28
1.28
1.28
1.28
1.28
1.28
1.28
1.28
1.28
1.28
1.28
1.28
1.28
1.28
1.28
1.28
1.28
1.28
1.28
1.28
1.28
1.28
1.28
1.28
1.28
1.28
1.28
1.28
1.28
1.28
1.28
1.28
1.28
1.28
1.28
1.28
1.28
1.28
1.28
1.28
1.28
1.28
1.28
1.28
1.28
1.28
1.28
1.28
1.28
1.28
1.28
1.28
1.28
1.28
1.28
1.28
1.28
1.28
1.28
1.28
1.28
1.28
1.28
1.28
1.28
1.28
1.28
1.28
1.28
1.28
1.28
1.28
1.28
1.28
1.28
1.28
1.28
1.28
1.28
1.28
1.28
1.28
1.28
1.28
1.28
1.28
1.28
1.28
1.28
1.28
1.28
1.28
1.28
1.28
1.28
1.28
1.28
1.28
1.28
1.28
1.28
1.28
1.28
1.28
1.28
1.28
1.28
1.28
1.28
1.28
1.28
1.28
1.28
1.28
1.28
1.28
1.28
1.28
1.28
1.28
1.28
1.28
1.28
1.28
1.28
1.28
1.28
1.28
1.28
1.28
1.28
1.28
1.28
1.28
1.28
1.28
1.28
1.28
1.28
1.28
1.28
1.28
1.28
1.28
1.28
1.28
1.28
1.28
1.28
1.28
1.28
1.28
1.28
1.28
1.28
1.28
1.28
1.28
1.28
1.28
1.28
1.28
1.28
1.28
1.28
1.28
1.28
1.28
1.28
1.28
1.28
1.28
1.28
1.28
1.28
1.28
1.28
1.28
1.28
1.28
1.28
1.28
1.28
1.28
1.28
1.28
1.28
1.28
1.28
1.28
1.28
1.28
1.28
1.28
1.28
1.28
1.28
1.28
1.28
1.28
1.28
1.28
1.28
1.28
1.28
1.28
1.28
1.28
1.28
1.28
1.28
1.28
1.28
1.28
1.28
1.28
1.28
1.28
1.28
1.28
1.28
1.28
1.28
1.28
1.28
1.28
1.28
1.28
1.28
1.28
1.28
1.28
1.28
1.28
1.28
1.28
1.28
1.28
1.28
1.28
1.28
1.28
1.28
1.28
1.28
1.28
1.28
1.28
1.28
1.28
1.28
1.28
1.28
1.28
1.28
1.28
1.28
1.28
1.28
1.28
1.28
1.28
1.28
1.28
1.28
1.28
1.28
1.28
1.28
1.28
1.28
1.28
1.28
1.28
1.28
1.28
1.28
1.28
1.28
1.28
1.28
1.28
1.28
1.28
1.28
1.28
1.28
1.28
1.28
1.28
1.28
1.28
1.28
1.28
1.28
1.28
1.28
1.28
1.28
1.28
1.28
1.28
1.28
1.28
1.28
1.28
1.28
1.28
1.28
1.28
1.28
1.28
1.28
1.28
1.28
1.28
1.28
1.28
1.28
1.28
1.28
1.28
1.28
1.28
1.28
1.28
1.28
1.28
1.28
1.28
1.28
1.28
1.28
1.28
1.28
1.28
1.28
1.28
1.28
1.28
1.28
1.28
1.28
1.28
1.28
1.28
1.28
1.28
1.28
1.28
1.28
1.28
1.28
1.28
1.28
1.28
1.28
1.28
1.28
1.28
1.28
1.28
1.28
1.28
1.28
1.28
1.28
1.28
1.28
1.28
1.28
1.28
1.28
1.28
1.28
1.28
1.28
1.28
1.28
1.28
1.28
1.28
1.28
1.28
1.28
1.28
1.28
1.28
1.28
1.28
1.28
1.28
1.28
1.28
1.28
1.28
1.28
1.28
1.28
1.28
1.28
1.28
1.28
1.28
1.28
1.28
1.28
1.28
1.28
1.28
1.28
1.28
1.28
1.28
1.28
1.28
1.28
1.28
1.28
1.28
1.28
1.28
1.28
1.28
1.28
1.28
1.28
1.28
1.28
1.28
1.28
1.28
1.28
1.28
1.28
1.28
1.28
1.28
1.28
1.28
1.28
1.28
1.28
1.28
1.28
1.28
1.28
1.28
1.28
1.28
1.28
1.28
1.28
1.28
1.28
1.28
1.28
1.28
1.28
1.28
1.28
1.28
1.28
1.28
1.28
1.28
1.28
1.28
1.28
1.28
1.28
1.28
1.28
1.28
1.28
1.28
1.28
1.28
1.28
1.28
1.28
1.28
1.28
1.28
1.28
1.28
1.28
1.28
1.28
1.28
1.28
1.28
1.28
1.28
1.28
1.28
1.28
1.28
1.28
1.28
1.28
1.28
1.28
1.28
1.28
1.28
1.28
1.28
1.28
1.28
1.28
1.28
1.28
1.28
1.28
1.28
1.28
1.28
1.28
1.28
1.28
1.28
1.28
1.28
1.28
1.28
1.28
1.28
1.28
1.28
1.28
1.28
1.28
1.28
1.28
1.28
1.28
1.28
1.28
1.28
1.28
1.28
1.28
1.28
1.28
1.28
1.28
1.28
1.28
1.28
1.28
1.28
1.28
1.28
1.28
1.28
1.28
1.28
1.28
1.28
1.28
1.28
1.28
1.28
1.28
1.28
1.28
1.28
1.28
1.28
1.28
1.28
1.28
1.28
1.28
1.28
1.28
1.28
1.28
1.28
1.28
1.28
1.28
1.28
1.28
1.28
1.28
1.28
1.28
1.28
1.28
1.28
1.28
1.28
1.28
1.28
1.28
1.28
1.28
1.28
1.28
1.28
1.28
1.28
1.28
1.28
1.28
1.28
1.28
1.28
1.28
1.28
1.28
1.28
1.28
1.28
1.28
1.28
1.28
1.28
1.28
1.28
1.28
1.28
1.28
1.28
1.28
1.28
1.28
1.28
1.28
1.28
1.28
1.28
1.28
1.28
1.28
1.28
1.28
1.28
1.28
1.28
1.28
1.28
1.28
1.28
1.28
1.28
1.28
1.28
1.28
1.28
1.28
1.28
1.28
1.28
1.28
1.28
1.28
1.28
1.28
1.28
1.28
1.28
1.28
1.28
1.28
1.28
1.28
1.28
1.28
1.28
1.28
1.28
1.28
1.28
1.28
1.28
1.28
1.28
1.28
1.28
1.28
1.28
1.28
1.28
1.28
1.28
1.28
1.28
1.28
1.28
1.28
1.28
1.28
1.28
1.28
1.28
1.28
1.28
1.28
1.28
1.28
1.28
1.28
1.28
1.28
1.28
1.28
1.28
1.28
1.28
1.28
1.28
1.28
1.28
1.28
1.28
1.28
1.28
1.28
1.28
1.28
1.28
1.28
1.28
1.28
1.28
1.28
1.28
1.28
1.28
1.28
1.28
1.28
1.28
1.28
1.28
1.28
1.28
1.28
1.28
1.28
1.28
1.28
1.28
1.28
1.28
1.28
1.28
1.28
1.28
1.28
1.28
1.28
1.28
1.28
1.28
1.28
1.28
1.28
1.28
1.28
1.28
1.28
1.28
1.28
1.28
1.28
1.28
1.28
1.28
1.28
1.28
1.28
1.28
1.28
1.28
1.28
1.28
1.28
1.28
1.28
1.28
1.28
1.28
1.28
1.28
1.28
1.28
1.28
1.28
1.28
1.28
1.28
1.28
1.28
1.28
1.28
1.28
1.28
1.28
1.28
1.28
1.28
1.28
1.28
1.28
1.28
1.28
1.28
1.28
1.28
1.28
1.28
1.28
1.28
1.28
1.28
1.28
1.28
1.28
1.28
1.28
1.28
1.28
1.28
1.28
1.28
1.28
1.28
1.28
1.28
1.28
1.28
1.28
1.28
1.28
1.28
1.28
1.28
1.28
1.28
1.28
1.28
1.28
1.28
1.28
1.28
1.28
1.28
1.28
1.28
1.28
1.28
1.28
1.28
1.28
1.28
1.28
1.28
1.28
1.28
1.28
1.28
1.28
1.28
1.28
1.28
1.28
1.28
1.28
1.28
1.28
1.28
1.28
1.28
1.28
1.28
1.28
1.28
1.28
1.28
1.28
1.28
1.28
1.28
1.28
1.28
1.28
1.28
1.28
1.28
1.28
1.28
1.28
1.28
1.28
1.28
1.28
1.28
1.28
1.28
1.28
1.28
1.28
1.28
1.28
1.28
1.28
1.28
1.28
1.28
1.28
1.28
1.28
1.28
1.28
1.28
1.28
1.28
1.28
1.28
1.28
1.28
1.28
1.28
1.28
1.28
1.28
1.28
1.28
1.28
1.28
1.28
1.28
1.28
1.28
1.28
1.28
1.28
1.28
1.28
1.28
1.28
1.28
1.28
1.28
1.28
1.28
1.28
1.28
1.28
1.28
1.28
1.28
1.28
1.28
1.28
1.28
1.28
1.28
1.28
1.28
1.28
1.28
1.28
1.28
1.28
1.28
1.28
1.28
1.28
1.28
1.28
1.28
1.28
1.28
1.28
1.28
1.28
1.28
1.28
1.28
1.28
1.28
1.28
1.28
1.28
1.28
1.28
1.28
1.28
1.28
1.28
1.28
1.28
1.28
1.28
1.28
1.28
1.28
1.28
1.28
1.28
1.28
1.28
1.28
1.28
1.28
1.28
1.28
1.28
1.28
1.28
1.28
1.28
1.28
1.28
1.28
1.28
1.28
1.28
1.28
1.28
1.28
1.28
1.28
1.28
1.28
1.28
1.28
1.28
1.28
1.28
1.28
1.28
1.28
1.28
1.28
1.28
1.28
1.28
1.28
1.28
1.28
1.28
1.28
1.28
1.28
1.28
1.28
1.28
1.28
1.28
1.28
1.28
1.28
1.28
1.28
1.28
1.28
1.28
1.28
1.28
1.28
1.28
1.28
1.28
1.28
1.28
1.28
1.28
1.28
1.28
1.28
1.28
1.28
1.28
1.28
1.28
1.28
1.28
1.28
1.28
1.28
1.28
1.28
1.28
1.28
1.28
1.28
1.28
1.28
1.28
1.28
1.28
1.28
1.28
1.28
1.28
1.28
1.28
1.28
1.28
1.28
1.28
1.28
1.28
1.28
1.28
1.28
1.28
1.28
1.28
1.28
1.28
1.28
1.28
1.28
1.28
1.28
1.28
1.28
1.28
1.28
1.28
1.28
1.28
1.28
1.28
1.28
1.28
1.28
1.28
1.28
1.28
1.28
1.28
1.28
1.28
1.28
1.28
1.28
1.28
1.28
1.28
1.28
1.28
1.28
1.28
1.28
1.28
1.28
1.28
1.28
1.28
1.28
1.28
1.28
1.28
1.28
1.28
1.28
1.28
1.28
1.28
1.28
1.28
1.28
1.28
1.28
1.28
1.28
1.28
1.28
1.28
1.28
1.28
1.28
1.28
1.28
1.28
1.28
1.28
1.28
1.28
1.28
1.28
1.28
1.28
1.28
1.28
1.28
1.28
1.28
1.28
1.28
1.28
1.28
1.28
1.28
1.28
1.28
1.28
1.28
1.28
1.28
1.28
1.28
1.28
1.28
1.28
1.28
1.28
1.28
1.28
1.28
1.28
1.28
1.28
1.28
1.28
1.28
1.28
1.28
1.28
1.28
1.28
1.28
1.28
1.28
1.28
1.28
1.28
1.28
1.28
1.28
1.28
1.28
1.28
1.28
1.28
1.28
1.28
1.28
1.28
1.28
1.28
1.28
1.28
1.28
1.28
1.28
1.28
1.28
1.28
1.28
1.28
1.28
1.28001
1.28
1.28
1.28
1.28
1.28
1.28
1.28
1.28
1.28
1.28
1.28
1.28
1.28
1.28
1.28
1.28
1.28
1.28
1.28
1.28
1.28
1.28
1.28
1.28
1.28
1.28
1.28
1.28
1.28
1.28
1.28
1.28
1.28
1.28
1.28
1.28
1.28
1.28
1.28
1.28
1.28
1.28
1.28
1.28
1.28
1.28
1.28
1.28
1.28
1.28
1.28
1.28
1.28
1.28
1.28
1.28
1.28
1.28
1.28
1.28
1.28
1.28
1.28
1.28
1.28
1.28
1.28
1.28
1.28
1.28
1.28
1.28
1.28
1.28
1.28
1.28
1.28
1.28
1.28
1.28
1.28
1.28
1.28
1.28
1.28
1.28
1.28
1.28
1.28
1.28
1.28
1.28
1.28
1.28
1.28
1.28
1.28
1.28
1.28
1.28001
1.28
1.28
1.28
1.28
1.28
1.28
1.28
1.28
1.28
1.28
1.28
1.28
1.28
1.28
1.28
1.28
1.28
1.28
1.28
1.28
1.28
1.28
1.28
1.28
1.28
1.28
1.28
1.28
1.28
1.28
1.28
1.28
1.28
1.28
1.28
1.28
1.28
1.28
1.28
1.28
1.28
1.28
1.28
1.28
1.28
1.28
1.28
1.28
1.28
1.28
1.28
1.28
1.28
1.28
1.28
1.28
1.28
1.28
1.28
1.28
1.28
1.28
1.28
1.28
1.28
1.28
1.28
1.28
1.28
1.28
1.28
1.28
1.28
1.28
1.28
1.28
1.28
1.28
1.28
1.28
1.28
1.28
1.28
1.28
1.28
1.28
1.28
1.28
1.28
1.28
1.28
1.28
1.28
1.28
1.28
1.28
1.28
1.28
1.28
1.28001
1.28
1.28
1.28
1.28
1.28
1.28
1.28
1.28
1.28
1.28
1.28
1.28
1.28
1.28
1.28
1.28
1.28
1.28
1.28
1.28
1.28
1.28
1.28
1.28
1.28
1.28
1.28
1.28
1.28
1.28
1.28
1.28
1.28
1.28
1.28
1.28
1.28
1.28
1.28
1.28
1.28
1.28
1.28
1.28
1.28
1.28
1.28
1.28
1.28
1.28
1.28
1.28
1.28
1.28
1.28
1.28
1.28
1.28
1.28
1.28
1.28
1.28
1.28
1.28
1.28
1.28
1.28
1.28
1.28
1.28
1.28
1.28
1.28
1.28
1.28
1.28
1.28
1.28
1.28
1.28
1.28
1.28
1.28
1.28
1.28
1.28
1.28
1.28
1.28
1.28
1.28
1.28
1.28
1.28
1.28
1.28
1.28
1.28
1.28
1.28001
1.28
1.28
1.28
1.28
1.28
1.28
1.28
1.28
1.28
1.28
1.28
1.28
1.28
1.28
1.28
1.28
1.28
1.28
1.28
1.28
1.28
1.28
1.28
1.28
1.28
1.28
1.28
1.28
1.28
1.28
1.28
1.28
1.28
1.28
1.28
1.28
1.28
1.28
1.28
1.28
1.28
1.28
1.28
1.28
1.28
1.28
1.28
1.28
1.28
1.28
1.28
1.28
1.28
1.28
1.28
1.28
1.28
1.28
1.28
1.28
1.28
1.28
1.28
1.28
1.28
1.28
1.28
1.28
1.28
1.28
1.28
1.28
1.28
1.28
1.28
1.28
1.28
1.28
1.28
1.28
1.28
1.28
1.28
1.28
1.28
1.28
1.28
1.28
1.28
1.28
1.28
1.28
1.28
1.28
1.28
1.28
1.28
1.28
1.28
1.28001
1.28
1.28
1.28
1.28
1.28
1.28
1.28
1.28
1.28
1.28
1.28
1.28
1.28
1.28
1.28
1.28
1.28
1.28
1.28
1.28
1.28
1.28
1.28
1.28
1.28
1.28
1.28
1.28
1.28
1.28
1.28
1.28
1.28
1.28
1.28
1.28
1.28
1.28
1.28
1.28
1.28
1.28
1.28
1.28
1.28
1.28
1.28
1.28
1.28
1.28
1.28
1.28
1.28
1.28
1.28
1.28
1.28
1.28
1.28
1.28
1.28
1.28
1.28
1.28
1.28
1.28
1.28
1.28
1.28
1.28
1.28
1.28
1.28
1.28
1.28
1.28
1.28
1.28
1.28
1.28
1.28
1.28
1.28
1.28
1.28
1.28
1.28
1.28
1.28
1.28
1.28
1.28
1.28
1.28
1.28
1.28
1.28
1.28
1.28
1.28001
1.28
1.28
1.28
1.28
1.28
1.28
1.28
1.28
1.28
1.28
1.28
1.28
1.28
1.28
1.28
1.28
1.28
1.28
1.28
1.28
1.28
1.28
1.28
1.28
1.28
1.28
1.28
1.28
1.28
1.28
1.28
1.28
1.28
1.28
1.28
1.28
1.28
1.28
1.28
1.28
1.28
1.28
1.28
1.28
1.28
1.28
1.28
1.28
1.28
1.28
1.28
1.28
1.28
1.28
1.28
1.28
1.28
1.28
1.28
1.28
1.28
1.28
1.28
1.28
1.28
1.28
1.28
1.28
1.28
1.28
1.28
1.28
1.28
1.28
1.28
1.28
1.28
1.28
1.28
1.28
1.28
1.28
1.28
1.28
1.28
1.28
1.28
1.28
1.28
1.28
1.28
1.28
1.28
1.28
1.28
1.28
1.28
1.28
1.28
1.28001
1.28
1.28
1.28
1.28
1.28
1.28
1.28
1.28
1.28
1.28
1.28
1.28
1.28
1.28
1.28
1.28
1.28
1.28
1.28
1.28
1.28
1.28
1.28
1.28
1.28
1.28
1.28
1.28
1.28
1.28
1.28
1.28
1.28
1.28
1.28
1.28
1.28
1.28
1.28
1.28
1.28
1.28
1.28
1.28
1.28
1.28
1.28
1.28
1.28
1.28
1.28
1.28
1.28
1.28
1.28
1.28
1.28
1.28
1.28
1.28
1.28
1.28
1.28
1.28
1.28
1.28
1.28
1.28
1.28
1.28
1.28
1.28
1.28
1.28
1.28
1.28
1.28
1.28
1.28
1.28
1.28
1.28
1.28
1.28
1.28
1.28
1.28
1.28
1.28
1.28
1.28
1.28
1.28
1.28
1.28
1.28
1.28
1.28
1.28
1.28001
1.28
1.28
1.28
1.28
1.28
1.28
1.28
1.28
1.28
1.28
1.28
1.28
1.28
1.28
1.28
1.28
1.28
1.28
1.28
1.28
1.28
1.28
1.28
1.28
1.28
1.28
1.28
1.28
1.28
1.28
1.28
1.28
1.28
1.28
1.28
1.28
1.28
1.28
1.28
1.28
1.28
1.28
1.28
1.28
1.28
1.28
1.28
1.28
1.28
1.28
1.28
1.28
1.28
1.28
1.28
1.28
1.28
1.28
1.28
1.28
1.28
1.28
1.28
1.28
1.28
1.28
1.28
1.28
1.28
1.28
1.28
1.28
1.28
1.28
1.28
1.28
1.28
1.28
1.28
1.28
1.28
1.28
1.28
1.28
1.28
1.28
1.28
1.28
1.28
1.28
1.28
1.28
1.28
1.28
1.28
1.28
1.28
1.28
1.28
1.28
1.28
1.28
1.28
1.28
1.28
1.28
1.28
1.28
1.28
1.28
1.28
1.28
1.28
1.28
1.28
1.28
1.28
1.28
1.28
1.28
1.28
1.28
1.28
1.28
1.28
1.28
1.28
1.28
1.28
1.28
1.28
1.28
1.28
1.28
1.28
1.28
1.28
1.28
1.28
1.28
1.28
1.28
1.28
1.28
1.28
1.28
1.28
1.28
1.28
1.28
1.28
1.28
1.28
1.28
1.28
1.28
1.28
1.28
1.28
1.28
1.28
1.28
1.28
1.28
1.28
1.28
1.28
1.28
1.28
1.28
1.28
1.28
1.28
1.28
1.28
1.28
1.28
1.28
1.28
1.28
1.28
1.28
1.28
1.28
1.28
1.28
1.28
1.28
1.28
1.28
1.28
1.28
1.28
1.28
1.28
1.28
1.28
1.28
1.28
1.28
1.28
1.28
1.28
1.28
1.28
1.28
1.28
1.28
1.28
1.28
1.28
1.28
1.28
1.28
1.28
1.28
1.28
1.28
1.28
1.28
1.28
1.28
1.28
1.28
1.28
1.28
1.28
1.28
1.28
1.28
1.28
1.28
1.28
1.28
1.28
1.28
1.28
1.28
1.28
1.28
1.28
1.28
1.28
1.28
1.28
1.28
1.28
1.28
1.28
1.28
1.28
1.28
1.28
1.28
1.28
1.28
1.28
1.28
1.28
1.28
1.28
1.28
1.28
1.28
1.28
1.28
1.28
1.28
1.28
1.28
1.28
1.28
1.28
1.28
1.28
1.28
1.28
1.28
1.28
1.28
1.28
1.28
1.28
1.28
1.28
1.28
1.28
1.28
1.28
1.28
1.28
1.28
1.28
1.28
1.28
1.28
1.28
1.28
1.28
1.28
1.28
1.28
1.28
1.28
1.28
1.28
1.28
1.28
1.28
1.28
1.28
1.28
1.28
1.28
1.28
1.28
1.28
1.28
1.28
1.28
1.28
1.28
1.28
1.28
1.28
1.28
1.28
1.28
1.28
1.28
1.28
1.28
1.28
1.28
1.28
1.28
1.28
1.28
1.28
1.28
1.28
1.28
1.28
1.28
1.28
1.28
1.28
1.28
1.28
1.28
1.28
1.28
1.28
1.28
1.28
1.28
1.28
1.28
1.28
1.28
1.28
1.28
1.28
1.28
1.28
1.28
1.28
1.28
1.28
1.28
1.28
1.28
1.28
1.28
1.28
1.28
1.28
1.28
1.28
1.28
1.28
1.28
1.28
1.28
1.28
1.28
1.28
1.28
1.28
1.28
1.28
1.28
1.28
1.28
1.28
1.28
1.28
1.28
1.28
1.28
1.28
1.28
1.28
1.28
1.28
1.28
1.28
1.28
1.28
1.28
1.28
1.28
1.28
1.28
1.28
1.28
1.28
1.28
1.28
1.28
1.28
1.28
1.28
1.28
1.28
1.28
1.28
1.28
1.28
1.28
1.28
1.28
1.28
1.28
1.28
1.28
1.28
1.28
1.28
1.28
1.28
1.28
1.28
1.28
1.28
1.28
1.28
1.28
1.28
1.28
1.28
1.28
1.28
1.28
1.28
1.28
1.28
1.28
1.28
1.28
1.28
1.28
1.28
1.28
1.28
1.28
1.28
1.28
1.28
1.28
1.28
1.28
1.28
1.28
1.28
1.28
1.28
1.28
1.28
1.28
1.28
1.28
1.28
1.28
1.28
1.28
1.28
1.28
1.28
1.28
1.28
1.28
1.28
1.28
1.28
1.28
1.28
1.28
1.28
1.28
1.28
1.28
1.28
1.28
1.28
1.28
1.28
1.28
1.28
1.28
1.28
1.28
1.28
1.28
1.28
1.28
1.28
1.28
1.28
1.28
1.28
1.28
1.28
1.28
1.28
1.28
1.28
1.28
1.28
1.28
1.28
1.28
1.28
1.28
1.28
1.28
1.28
1.28
1.28
1.28
1.28
1.28
1.28
1.28
1.28
1.28
1.28
1.28
1.28
1.28
1.28
1.28
1.28
1.28
1.28
1.28
1.28
1.28
1.28
1.28
1.28
1.28
1.28
1.28
1.28
1.28
1.28
1.28
1.28
1.28
1.28
1.28
1.28
1.28
1.28
1.28
1.28
1.28
1.28
1.28
1.28
1.28
1.28
1.28
1.28
1.28
1.28
1.28
1.28
1.28
1.28
1.28
1.28
1.28
1.28
1.28
1.28
1.28
1.28
1.28
1.28
1.28
1.28
1.28
1.28
1.28
1.28
1.28
1.28
1.28
1.28
1.28
1.28
1.28
1.28
1.28
1.28
1.28
1.28
1.28
1.28
1.28
1.28
1.28
1.28
1.28
1.28
1.28
1.28
1.28
1.28
1.28
1.28
1.28
1.28
1.28
1.28
1.28
1.28
1.28
1.28
1.28
1.28
1.28
1.28
1.28
1.28
1.28
1.28
1.28
1.28
1.28
1.28
1.28
1.28
1.28
1.28
1.28
1.28
1.28
1.28
1.28
1.28
1.28
1.28
1.28
1.28
1.28
1.28
1.28
1.28
1.28
1.28
1.28
1.28
1.28
1.28
1.28
1.28
1.28
1.28
1.28
1.28
1.28
1.28
1.28
1.28
1.28
1.28
1.28
1.28
1.28
1.28
1.28
1.28
1.28
1.28
1.28
1.28
1.28
1.28
1.28
1.28
1.28
1.28
1.28
1.28
1.28
1.28
1.28
1.28
1.28
1.28
1.28
1.28
1.28
1.28
1.28
1.28
1.28
1.28
1.28
1.28
1.28
1.28
1.28
1.28
1.28
1.28
1.28
1.28
1.28
1.28
1.28
1.28
1.28
1.28
1.28
1.28
1.28
1.28
1.28
1.28
1.28
1.28
1.28
1.28
1.28
1.28
1.28
1.28
1.28
1.28
1.28
1.28
1.28
1.28
1.28
1.28
1.28
1.28
1.28
1.28
1.28
1.28
1.28
1.28
1.28
1.28
1.28
1.28
1.28
1.28
1.28
1.28
1.28
1.28
1.28
1.28
1.28
1.28
1.28
1.28
1.28
1.28
1.28
1.28
1.28
1.28
1.28
1.28
1.28
1.28
1.28
1.28
1.28
1.28
1.28
1.28
1.28
1.28
1.28
1.28
1.28
1.28
1.28
1.28
1.28
1.28
1.28
1.28
1.28
1.28
1.28
1.28
1.28
1.28
1.28
1.28
1.28
1.28
1.28
1.28
1.28
1.28
1.28
1.28
1.28
1.28
1.28
1.28
1.28
1.28
1.28
1.28
1.28
1.28
1.28
1.28
1.28
1.28
1.28
1.28
1.28
1.28
1.28
1.28
1.28
1.28
1.28
1.28
1.28
1.28
1.28
1.28
1.28
1.28
1.28
1.28
1.28
1.28
1.28
1.28
1.28
1.28
1.28
1.28
1.28
1.28
1.28
1.28
1.28
1.28
1.28
1.28
1.28
1.28
1.28
1.28
1.28
1.28
1.28
1.28
1.28
1.28
1.28
1.28
1.28
1.28
1.28
1.28
1.28
1.28
1.28
1.28
1.28
1.28
1.28
1.28
1.28
1.28
1.28
1.28
1.28
1.28
1.28
1.28
1.28
1.28
1.28
1.28
1.28
1.28
1.28
1.28
1.28
1.28
1.28
1.28
1.28
1.28
1.28
1.28
1.28
1.28
1.28
1.28
1.28
1.28
1.28
1.28
1.28
1.28
1.28
1.28
1.28
1.28
1.28
1.28
1.28
1.28
1.28
1.28
1.28
1.28
1.28
1.28
1.28
1.28
1.28
1.28
1.28
1.28
1.28
1.28
1.28
1.28
1.28
1.28
1.28
1.28
1.28
1.28
1.28
1.28
1.28
1.28
1.28
1.28
1.28
1.28
1.28
1.28
1.28
1.28
1.28
1.28
1.28
1.28
1.28
1.28
1.28
1.28
1.28
1.28
1.28
1.28
1.28
1.28
1.28
1.28
1.28
1.28
1.28
1.28
1.28
1.28
1.28
1.28
1.28
1.28
1.28
1.28
1.28
1.28
1.28
1.28
1.28
1.28
1.28
1.28
1.28
1.28
1.28
1.28
1.28
1.28
1.28
1.28
1.28
1.28
1.28
1.28
1.28
1.28
1.28
1.28
1.28
1.28
1.28
1.28
1.28
1.28
1.28
1.28
1.28
1.28
1.28
1.28
1.28
1.28
1.28
1.28
1.28
1.28
1.28
1.28
1.28
1.28
1.28
1.28
1.28
1.28
1.28
1.28
1.28
1.28
1.28
1.28
1.28
1.28
1.28
1.28
1.28
1.28
1.28
1.28
1.28
1.28
1.28
1.28
1.28
1.28
1.28
1.28
1.28
1.28
1.28
1.28
1.28
1.28
1.28
1.28
1.28
1.28
1.28
1.28
1.28
1.28
1.28
1.28
1.28
1.28
1.28
1.28
1.28
1.28
1.28
1.28
1.28
1.28
1.28
1.28
1.28
1.28
1.28
1.28
1.28
1.28
1.28
1.28
1.28
1.28
1.28
1.28
1.28
1.28
1.28
1.28
1.28
1.28
1.28
1.28
1.28
1.28
1.28
1.28
1.28
1.28
1.28
1.28
1.28
1.28
1.28
1.28
1.28
1.28
1.28
1.28
1.28
1.28
1.28
1.28
1.28
1.28
1.28
1.28
1.28
1.28
1.28
1.28
1.28
1.28
1.28
1.28
1.28
1.28
1.28
1.28
1.28
1.28
1.28
1.28
1.28
1.28
1.28
1.28
1.28
1.28
1.28
1.28
1.28
1.28
1.28
1.28
1.28
1.28
1.28
1.28
1.28
1.28
1.28
1.28
1.28
1.28
1.28
1.28
1.28
1.28
1.28
1.28
1.28
1.28
1.28
1.28
1.28
1.28
1.28
1.28
1.28
1.28
1.28
1.28
1.28
1.28
1.28
1.28
1.28
1.28
1.28
1.28
1.28
1.28
1.28
1.28
1.28
1.28
1.28
1.28
1.28
1.28
1.28
1.28
1.28
1.28
1.28
1.28
1.28
1.28
1.28
1.28
1.28
1.28
1.28
1.28
1.28
1.28
1.28
1.28
1.28
1.28
1.28
1.28
1.28
1.28
1.28
1.28
1.28
1.28
1.28
1.28
1.28
1.28
1.28
1.28
1.28
1.28
1.28
1.28
1.28
1.28
1.28
1.28
1.28
1.28
1.28
1.28
1.28
1.28
1.28
1.28
1.28
1.28
1.28
1.28
1.28
1.28
1.28
1.28
1.28
1.28
1.28
1.28
1.28
1.28
1.28
1.28
1.28
1.28
1.28
1.28
1.28
1.28
1.28
1.28
1.28
1.28
1.28
1.28
1.28
1.28
1.28
1.28
1.28
1.28
1.28
1.28
1.28
1.28
1.28
1.28
1.28
1.28
1.28
1.28
1.28
1.28
1.28
1.28
1.28
1.28
1.28
1.28
1.28
1.28
1.28
1.28
1.28
1.28
1.28
1.28
1.28
1.28
1.28
1.28
1.28
1.28
1.28
1.28
1.28
1.28
1.28
1.28
1.28
1.28
1.28
1.28
1.28
1.28
1.28
1.28
1.28
1.28
1.28
1.28
1.28
1.28
1.28
1.28
1.28
1.28
1.28
1.28
1.28
1.28
1.28
1.28
1.28
1.28
1.28
1.28
1.28
1.28
1.28
1.28
1.28
1.28
1.28
1.28
1.28
1.28
1.28
1.28
1.28
1.28
1.28
1.28
1.28
1.28
1.28
1.28
1.28
1.28
1.28
1.28
1.28
1.28
1.28
1.28
1.28
1.28
1.28
1.28
1.28
1.28
1.28
1.28
1.28
1.28
1.28
1.28
1.28
1.28
1.28
1.28
1.28
1.28
1.28
1.28
1.28
1.28
1.28
1.28
1.28
1.28
1.28
1.28
1.28
1.28
1.28
1.28
1.28
1.28
1.28
1.28
1.28
1.28
1.28
1.28
1.28
1.28
1.28
1.28
1.28
1.28
1.28
1.28
1.28
1.28
1.28
1.28
1.28
1.28
1.28
1.28
1.28
1.28
1.28
1.28
1.28
1.28
1.28
1.28
1.28
1.28
1.28
1.28
1.28
1.28
1.28
1.28
1.28
1.28
1.28
1.28
1.28
1.28
1.28
1.28
1.28
1.28
1.28
1.28
1.28
1.28
1.28
1.28
1.28
1.28
1.28
1.28
1.28
1.28
1.28
1.28
1.28
1.28
1.28
1.28
1.28
1.28
1.28
1.28
1.28
1.28
1.28
1.28
1.28
1.28
1.28
1.28
1.28
1.28
1.28
1.28
1.28
1.28
1.28
1.28
1.28
1.28
1.28
1.28
1.28
1.28
1.28
1.28
1.28
1.28
1.28
1.28
1.28
1.28
1.28
1.28
1.28
1.28
1.28
1.28
1.28
1.28
1.28
1.28
1.28
1.28
1.28
1.28
1.28
1.28
1.28
1.28
1.28
1.28
1.28
1.28
1.28
1.28
1.28
1.28
1.28
1.28
1.28
1.28
1.28
1.28
1.28
1.28
1.28
1.28
1.28
1.28
1.28
1.28
1.28
1.28
1.28
1.28
1.28
1.28
1.28
1.28
1.28
1.28
1.28
1.28
1.28
1.28
1.28
1.28
1.28
1.28
1.28
1.28
1.28
1.28
1.28
1.28
1.28
1.28
1.28001
1.28001
1.28001
1.28001
1.28001
1.28001
1.28001
1.28001
1.28001
1.28001
1.28
1.28
1.28
1.28
1.28
1.28
1.28
1.28
1.28
1.28
1.28
1.28
1.28
1.28
1.28
1.28
1.28
1.28
1.28
1.28
1.28
1.28
1.28
1.28
1.28
1.28
1.28
1.28
1.28
1.28
1.28
1.28
1.28
1.28
1.28
1.28
1.28
1.28
1.28
1.28
1.28
1.28
1.28
1.28
1.28
1.28
1.28
1.28
1.28
1.28
1.28
1.28
1.28
1.28
1.28
1.28
1.28
1.28
1.28
1.28
1.28
1.28
1.28
1.28
1.28
1.28
1.28
1.28
1.28
1.28
1.28
1.28
1.28
1.28
1.28
1.28
1.28
1.28
1.28
1.28
1.28
1.28
1.28
1.28
1.28
1.28
1.28
1.28
1.28
1.28
1.28001
1.28001
1.28001
1.28001
1.28001
1.28001
1.28001
1.28001
1.28001
1.28001
1.28
1.28
1.28
1.28
1.28
1.28
1.28
1.28
1.28
1.28
1.28
1.28
1.28
1.28
1.28
1.28
1.28
1.28
1.28
1.28
1.28
1.28
1.28
1.28
1.28
1.28
1.28
1.28
1.28
1.28
1.28
1.28
1.28
1.28
1.28
1.28
1.28
1.28
1.28
1.28
1.28
1.28
1.28
1.28
1.28
1.28
1.28
1.28
1.28
1.28
1.28
1.28
1.28
1.28
1.28
1.28
1.28
1.28
1.28
1.28
1.28
1.28
1.28
1.28
1.28
1.28
1.28
1.28
1.28
1.28
1.28
1.28
1.28
1.28
1.28
1.28
1.28
1.28
1.28
1.28
1.28
1.28
1.28
1.28
1.28
1.28
1.28
1.28
1.28
1.28
1.28
1.28
1.28
1.28
1.28
1.28
1.28
1.28
1.28
1.28
1.28
1.28
1.28
1.28
1.28
1.28
1.28
1.28
1.28
1.28
1.28
1.28
1.28
1.28
1.28
1.28
1.28
1.28
1.28
1.28
1.28
1.28
1.28
1.28
1.28
1.28
1.28
1.28
1.28
1.28
1.28
1.28
1.28
1.28
1.28
1.28
1.28
1.28
1.28
1.28
1.28
1.28
1.28
1.28
1.28
1.28
1.28
1.28
1.28
1.28
1.28
1.28
1.28
1.28
1.28
1.28
1.28
1.28
1.28
1.28
1.28
1.28
1.28
1.28
1.28
1.28
1.28
1.28
1.28
1.28
1.28
1.28
1.28
1.28
1.28
1.28
1.28
1.28
1.28
1.28
1.28
1.28
1.28
1.28
1.28
1.28
1.28
1.28
1.28
1.28
1.28
1.28
1.28
1.28
1.28
1.28
1.28
1.28
1.28
1.28
1.28
1.28
1.28
1.28
1.28
1.28
1.28
1.28
1.28
1.28
1.28
1.28
1.28
1.28
1.28
1.28
1.28
1.28
1.28
1.28
1.28
1.28
1.28
1.28
1.28
1.28
1.28
1.28
1.28
1.28
1.28
1.28
1.28
1.28
1.28
1.28
1.28
1.28
1.28
1.28
1.28
1.28
1.28
1.28
1.28
1.28
1.28
1.28
1.28
1.28
1.28
1.28
1.28
1.28
1.28
1.28
1.28
1.28
1.28
1.28
1.28
1.28
1.28
1.28
1.28
1.28
1.28
1.28
1.28
1.28
1.28
1.28
1.28
1.28
1.28
1.28
1.28
1.28
1.28
1.28
1.28
1.28
1.28
1.28
1.28
1.28
1.28
1.28
1.28
1.28
1.28
1.28
1.28
1.28
1.28
1.28
1.28
1.28
1.28
1.28
1.28
1.28
1.28
1.28
1.28
1.28
1.28
1.28
1.28
1.28
1.28
1.28
1.28
1.28
1.28
1.28
1.28
1.28
1.28
1.28
1.28
1.28
1.28
1.28
1.28
1.28
1.28
1.28
1.28
1.28
1.28
1.28
1.28
1.28
1.28
1.28
1.28
1.28
1.28
1.28
1.28
1.28
1.28
1.28
1.28
1.28
1.28
1.28
1.28
1.28
1.28
1.28
1.28
1.28
1.28
1.28
1.28
1.28
1.28
1.28
1.28
1.28
1.28
1.28
1.28
1.28
1.28
1.28
1.28
1.28
1.28
1.28
1.28
1.28
1.28
1.28
1.28
1.28
1.28
1.28
1.28
1.28
1.28
1.28
1.28
1.28
1.28
1.28
1.28
1.28
1.28
1.28
1.28
1.28
1.28
1.28
1.28
1.28
1.28
1.28
1.28
1.28
1.28
1.28
1.28
1.28
1.28
1.28
1.28
1.28
1.28
1.28
1.28
1.28
1.28
1.28
1.28
1.28
1.28
1.28
1.28
1.28
1.28
1.28
1.28
1.28
1.28
1.28
1.28
1.28
1.28
1.28
1.28
1.28
1.28
1.28
1.28
1.28
1.28
1.28
1.28
1.28
1.28
1.28
1.28
1.28
1.28
1.28
1.28
1.28
1.28
1.28
1.28
1.28
1.28
1.28
1.28
1.28
1.28
1.28
1.28
1.28
1.28
1.28
1.28
1.28
1.28
1.28
1.28
1.28
1.28
1.28
1.28
1.28
1.28
1.28
1.28
1.28
1.28
1.28
1.28
1.28
1.28
1.28
1.28
1.28
1.28
1.28
1.28
1.28
1.28
1.28
1.28
1.28
1.28
1.28
1.28
1.28
1.28
1.28
1.28
1.28
1.28
1.28
1.28
1.28
1.28
1.28
1.28
1.28
1.28
1.28
1.28
1.28
1.28
1.28
1.28
1.28
1.28
1.28
1.28
1.28
1.28
1.28
1.28
1.28
1.28
1.28
1.28
1.28
1.28
1.28
1.28
1.28
1.28
1.28
1.28
1.28
1.28
1.28
1.28
1.28
1.28
1.28
1.28
1.28
1.28
1.28
1.28
1.28
1.28
1.28
1.28
1.28
1.28
1.28
1.28
1.28
1.28
1.28
1.28
1.28
1.28
1.28
1.28
1.28
1.28
1.28
1.28
1.28
1.28
1.28
1.28
1.28
1.28
1.28
1.28
1.28
1.28
1.28
1.28
1.28
1.28
1.28
1.28
1.28
1.28
1.28
1.28
1.28
1.28
1.28
1.28
1.28
1.28
1.28
1.28
1.28
1.28
1.28
1.28
1.28
1.28
1.28
1.28
1.28
1.28
1.28
1.28
1.28
1.28
1.28
1.28
1.28
1.28
1.28
1.28
1.28
1.28
1.28
1.28
1.28
1.28
1.28
1.28
1.28
1.28
1.28
1.28
1.28
1.28
1.28
1.28
1.28
1.28
1.28
1.28
1.28
1.28
1.28
1.28
1.28
1.28
1.28
1.28
1.28
1.28
1.28
1.28
1.28
1.28
1.28
1.28
1.28
1.28
1.28
1.28
1.28
1.28
1.28
1.28
1.28
1.28
1.28
1.28
1.28
1.28
1.28
1.28
1.28
1.28
1.28
1.28
1.28
1.28
1.28
1.28
1.28
1.28
1.28
1.28
1.28
1.28
1.28
1.28
1.28
1.28
1.28
1.28
1.28
1.28
1.28
1.28
1.28
1.28
1.28
1.28
1.28
1.28
1.28
1.28
1.28
1.28
1.28
1.28
1.28
1.28
1.28
1.28
1.28
1.28
1.28
1.28
1.28
1.28
1.28
1.28
1.28
1.28
1.28
1.28
1.28
1.28
1.28
1.28
1.28
1.28
1.28
1.28
1.28
1.28
1.28
1.28
1.28
1.28
1.28
1.28
1.28
1.28
1.28
1.28
1.28
1.28
1.28
1.28
1.28
1.28
1.28
1.28
1.28
1.28
1.28
1.28
1.28
1.28
1.28
1.28
1.28
1.28
1.28
1.28
1.28
1.28
1.28
1.28
1.28
1.28
1.28
1.28
1.28
1.28
1.28
1.28
1.28
1.28
1.28
1.28
1.28
1.28
1.28
1.28
1.28
1.28
1.28
1.28
1.28
1.28
1.28
1.28
1.28
1.28
1.28
1.28
1.28
1.28
1.28
1.28
1.28
1.28
1.28
1.28
1.28
1.28
1.28
1.28
1.28
1.28
1.28
1.28
1.28
1.28
1.28
1.28
1.28
1.28
1.28
1.28
1.28
1.28
1.28
1.28
1.28
1.28
1.28
1.28
1.28
1.28
1.28
1.28
1.28
1.28
1.28
1.28
1.28
1.28
1.28
1.28
1.28
1.28
1.28
1.28
1.28
1.28
1.28
1.28
1.28
1.28
1.28
1.28
1.28
1.28
1.28
1.28
1.28
1.28
1.28
1.28
1.28
1.28
1.28
1.28
1.28
1.28
1.28
1.28
1.28
1.28
1.28
1.28
1.28
1.28
1.28
1.28
1.28
1.28
1.28
1.28
1.28
1.28
1.28
1.28
1.28
1.28
1.28
1.28
1.28
1.28
1.28
1.28
1.28
1.28
1.28
1.28
1.28
1.28
1.28
1.28
1.28
1.28
1.28
1.28
1.28
1.28
1.28
1.28
1.28
1.28
1.28
1.28
1.28
1.28
1.28
1.28
1.28
1.28
1.28
1.28
1.28
1.28
1.28
1.28
1.28
1.28
1.28
1.28
1.28
1.28
1.28
1.28
1.28
1.28
1.28
1.28
1.28
1.28
1.28
1.28
1.28
1.28
1.28
1.28
1.28
1.28
1.28
1.28
1.28
1.28
1.28
1.28
1.28
1.28
1.28
1.28
1.28
1.28
1.28
1.28
1.28
1.28
1.28
1.28
1.28
1.28
1.28
1.28
1.28
1.28
1.28
1.28
1.28
1.28
1.28
1.28
1.28
1.28
1.28
1.28
1.28
1.28
1.28
1.28
1.28
1.28
1.28
1.28
1.28
1.28
1.28
1.28
1.28
1.28
1.28
1.28
1.28
1.28
1.28
1.28
1.28
1.28
1.28
1.28
1.28
1.28
1.28
1.28
1.28
1.28
1.28
1.28
1.28
1.28
1.28
1.28
1.28
1.28
1.28
1.28
1.28
1.28
1.28
1.28
1.28
1.28
1.28
1.28
1.28
1.28
1.28
1.28
1.28
1.28
1.28
1.28
1.28
1.28
1.28
1.28
1.28
1.28
1.28
1.28
1.28
1.28
1.28
1.28
1.28
1.28
1.28
1.28
1.28
1.28
1.28
1.28
1.28
1.28
1.28
1.28
1.28
1.28
1.28
1.28
1.28
1.28
1.28
1.28
1.28
1.28
1.28
1.28
1.28
1.28
1.28
1.28
1.28
1.28
1.28
1.28
1.28
1.28
1.28
1.28
1.28
1.28
1.28
1.28
1.28
1.28
1.28
1.28
1.28
1.28
1.28
1.28
1.28
1.28
1.28
1.28
1.28
1.28
1.28
1.28
1.28
1.28
1.28
1.28
1.28
1.28
1.28
1.28
1.28
1.28
1.28
1.28
1.28
1.28
1.28
1.28
1.28
1.28
1.28
1.28
1.28
1.28
1.28
1.28
1.28
1.28
1.28
1.28
1.28
1.28
1.28
1.28
1.28
1.28
1.28
1.28
1.28
1.28
1.28
1.28
1.28
1.28
1.28
1.28
1.28
1.28
1.28
1.28
1.28
1.28
1.28
1.28
1.28
1.28
1.28
1.28
1.28
1.28
1.28
1.28
1.28
1.28
1.28
1.28
1.28
1.28
1.28
1.28
1.28
1.28
1.28
1.28
1.28
1.28
1.28
1.28
1.28
1.28
1.28
1.28
1.28
1.28
1.28
1.28
1.28
1.28
1.28
1.28
1.28
1.28
1.28
1.28
1.28
1.28
1.28
1.28
1.28
1.28
1.28
1.28
1.28
1.28
1.28
1.28
1.28
1.28
1.28
1.28
1.28
1.28
1.28
1.28
1.28
1.28
1.28
1.28
1.28
1.28
1.28
1.28
1.28
1.28
1.28
1.28
1.28
1.28
1.28
1.28
1.28
1.28
1.28
1.28
1.28
1.28
1.28
1.28
1.28
1.28
1.28
1.28
1.28
1.28
1.28
1.28
1.28
1.28
1.28
1.28
1.28
1.28
1.28
1.28
1.28
1.28
1.28
1.28
1.28
1.28
1.28
1.28
1.28
1.28
1.28
1.28
1.28
1.28
1.28
1.28
1.28
1.28
1.28
1.28
1.28
1.28
1.28
1.28
1.28
1.28
1.28
1.28
1.28
1.28
1.28
1.28
1.28
1.28
1.28
1.28
1.28
1.28
1.28
1.28
1.28
1.28
1.28
1.28
1.28
1.28
1.28
1.28
1.28
1.28
1.28
1.28
1.28
1.28
1.28
1.28
1.28
1.28
1.28
1.28
1.28
1.28
1.28
1.28
1.28
1.28
1.28
1.28
1.28
1.28
1.28
1.28
1.28
1.28
1.28
1.28
1.28
1.28
1.28
1.28
1.28
1.28
1.28
1.28
1.28
1.28
1.28
1.28
1.28
1.28
1.28
1.28
1.28
1.28
1.28
1.28
1.28
1.28
1.28
1.28
1.28
1.28
1.28
1.28
1.28
1.28
1.28
1.28
1.28
1.28
1.28
1.28
1.28
1.28
1.28
1.28
1.28
1.28
1.28
1.28
1.28
1.28
1.28
1.28
1.28
1.28
1.28
1.28
1.28
1.28
1.28
1.28
1.28
1.28
1.28
1.28
1.28
1.28
1.28
1.28
1.28
1.28
1.28
1.28
1.28
1.28
1.28
1.28
1.28
1.28
1.28
1.28
1.28
1.28
1.28
1.28
1.28
1.28
1.28
1.28
1.28
1.28
1.28
1.28
1.28
1.28
1.28
1.28
1.28
1.28
1.28
1.28
1.28
1.28
1.28
1.28
1.28
1.28
1.28
1.28
1.28
1.28
1.28
1.28
1.28
1.28
1.28
1.28
1.28
1.28
1.28
1.28
1.28
1.28
1.28
1.28
1.28
1.28
1.28
1.28
1.28
1.28
1.28
1.28
1.28
1.28
1.28
1.28
1.28
1.28
1.28
1.28
1.28
1.28
1.28
1.28
1.28
1.28
1.28
1.28
1.28
1.28
1.28
1.28
1.28
1.28
1.28
1.28
1.28
1.28
1.28
1.28
1.28
1.28
1.28
1.28
1.28
1.28
1.28
1.28
1.28
1.28
1.28
1.28
1.28
1.28
1.28
1.28
1.28
1.28
1.28
1.28
1.28
1.28
1.28
1.28
1.28
1.28
1.28
1.28
1.28
1.28
1.28
1.28
1.28
1.28
1.28
1.28
1.28
1.28
1.28
1.28
1.28
1.28
1.28
1.28
1.28
1.28
1.28
1.28
1.28
1.28
1.28
1.28
1.28
1.28
1.28
1.28
1.28
1.28
1.28
1.28
1.28
1.28
1.28
1.28
1.28
1.28
1.28
1.28
1.28
1.28
1.28
1.28
1.28
1.28
1.28
1.28
1.28
1.28
1.28
1.28
1.28
1.28
1.28
1.28
1.28
1.28
1.28
1.28
1.28
1.28
1.28
1.28
1.28
1.28
1.28
1.28
1.28
1.28
1.28
1.28
1.28
1.28
1.28
1.28
1.28
1.28
1.28
1.28
1.28
1.28
1.28
1.28
1.28
1.28
1.28001
1.28
1.28
1.28
1.28
1.28
1.28
1.28
1.28
1.28
1.28
1.28
1.28
1.28
1.28
1.28
1.28
1.28
1.28
1.28
1.28
1.28
1.28
1.28
1.28
1.28
1.28
1.28
1.28
1.28
1.28
1.28
1.28
1.28
1.28
1.28
1.28
1.28
1.28
1.28
1.28
1.28
1.28
1.28
1.28
1.28
1.28
1.28
1.28
1.28
1.28
1.28
1.28
1.28
1.28
1.28
1.28
1.28
1.28
1.28
1.28
1.28
1.28
1.28
1.28
1.28
1.28
1.28
1.28
1.28
1.28
1.28
1.28
1.28
1.28
1.28
1.28
1.28
1.28
1.28
1.28
1.28
1.28
1.28
1.28
1.28
1.28
1.28
1.28
1.28
1.28
1.28
1.28
1.28
1.28
1.28
1.28
1.28
1.28
1.28
1.28001
1.28
1.28
1.28
1.28
1.28
1.28
1.28
1.28
1.28
1.28
1.28
1.28
1.28
1.28
1.28
1.28
1.28
1.28
1.28
1.28
1.28
1.28
1.28
1.28
1.28
1.28
1.28
1.28
1.28
1.28
1.28
1.28
1.28
1.28
1.28
1.28
1.28
1.28
1.28
1.28
1.28
1.28
1.28
1.28
1.28
1.28
1.28
1.28
1.28
1.28
1.28
1.28
1.28
1.28
1.28
1.28
1.28
1.28
1.28
1.28
1.28
1.28
1.28
1.28
1.28
1.28
1.28
1.28
1.28
1.28
1.28
1.28
1.28
1.28
1.28
1.28
1.28
1.28
1.28
1.28
1.28
1.28
1.28
1.28
1.28
1.28
1.28
1.28
1.28
1.28
1.28
1.28
1.28
1.28
1.28
1.28
1.28
1.28
1.28
1.28001
1.28
1.28
1.28
1.28
1.28
1.28
1.28
1.28
1.28
1.28
1.28
1.28
1.28
1.28
1.28
1.28
1.28
1.28
1.28
1.28
1.28
1.28
1.28
1.28
1.28
1.28
1.28
1.28
1.28
1.28
1.28
1.28
1.28
1.28
1.28
1.28
1.28
1.28
1.28
1.28
1.28
1.28
1.28
1.28
1.28
1.28
1.28
1.28
1.28
1.28
1.28
1.28
1.28
1.28
1.28
1.28
1.28
1.28
1.28
1.28
1.28
1.28
1.28
1.28
1.28
1.28
1.28
1.28
1.28
1.28
1.28
1.28
1.28
1.28
1.28
1.28
1.28
1.28
1.28
1.28
1.28
1.28
1.28
1.28
1.28
1.28
1.28
1.28
1.28
1.28
1.28
1.28
1.28
1.28
1.28
1.28
1.28
1.28
1.28
1.28001
1.28
1.28
1.28
1.28
1.28
1.28
1.28
1.28
1.28
1.28
1.28
1.28
1.28
1.28
1.28
1.28
1.28
1.28
1.28
1.28
1.28
1.28
1.28
1.28
1.28
1.28
1.28
1.28
1.28
1.28
1.28
1.28
1.28
1.28
1.28
1.28
1.28
1.28
1.28
1.28
1.28
1.28
1.28
1.28
1.28
1.28
1.28
1.28
1.28
1.28
1.28
1.28
1.28
1.28
1.28
1.28
1.28
1.28
1.28
1.28
1.28
1.28
1.28
1.28
1.28
1.28
1.28
1.28
1.28
1.28
1.28
1.28
1.28
1.28
1.28
1.28
1.28
1.28
1.28
1.28
1.28
1.28
1.28
1.28
1.28
1.28
1.28
1.28
1.28
1.28
1.28
1.28
1.28
1.28
1.28
1.28
1.28
1.28
1.28
1.28001
1.28
1.28
1.28
1.28
1.28
1.28
1.28
1.28
1.28
1.28
1.28
1.28
1.28
1.28
1.28
1.28
1.28
1.28
1.28
1.28
1.28
1.28
1.28
1.28
1.28
1.28
1.28
1.28
1.28
1.28
1.28
1.28
1.28
1.28
1.28
1.28
1.28
1.28
1.28
1.28
1.28
1.28
1.28
1.28
1.28
1.28
1.28
1.28
1.28
1.28
1.28
1.28
1.28
1.28
1.28
1.28
1.28
1.28
1.28
1.28
1.28
1.28
1.28
1.28
1.28
1.28
1.28
1.28
1.28
1.28
1.28
1.28
1.28
1.28
1.28
1.28
1.28
1.28
1.28
1.28
1.28
1.28
1.28
1.28
1.28
1.28
1.28
1.28
1.28
1.28
1.28
1.28
1.28
1.28
1.28
1.28
1.28
1.28
1.28
1.28001
1.28
1.28
1.28
1.28
1.28
1.28
1.28
1.28
1.28
1.28
1.28
1.28
1.28
1.28
1.28
1.28
1.28
1.28
1.28
1.28
1.28
1.28
1.28
1.28
1.28
1.28
1.28
1.28
1.28
1.28
1.28
1.28
1.28
1.28
1.28
1.28
1.28
1.28
1.28
1.28
1.28
1.28
1.28
1.28
1.28
1.28
1.28
1.28
1.28
1.28
1.28
1.28
1.28
1.28
1.28
1.28
1.28
1.28
1.28
1.28
1.28
1.28
1.28
1.28
1.28
1.28
1.28
1.28
1.28
1.28
1.28
1.28
1.28
1.28
1.28
1.28
1.28
1.28
1.28
1.28
1.28
1.28
1.28
1.28
1.28
1.28
1.28
1.28
1.28
1.28
1.28
1.28
1.28
1.28
1.28
1.28
1.28
1.28
1.28
1.28001
1.28
1.28
1.28
1.28
1.28
1.28
1.28
1.28
1.28
1.28
1.28
1.28
1.28
1.28
1.28
1.28
1.28
1.28
1.28
1.28
1.28
1.28
1.28
1.28
1.28
1.28
1.28
1.28
1.28
1.28
1.28
1.28
1.28
1.28
1.28
1.28
1.28
1.28
1.28
1.28
1.28
1.28
1.28
1.28
1.28
1.28
1.28
1.28
1.28
1.28
1.28
1.28
1.28
1.28
1.28
1.28
1.28
1.28
1.28
1.28
1.28
1.28
1.28
1.28
1.28
1.28
1.28
1.28
1.28
1.28
1.28
1.28
1.28
1.28
1.28
1.28
1.28
1.28
1.28
1.28
1.28
1.28
1.28
1.28
1.28
1.28
1.28
1.28
1.28
1.28
1.28
1.28
1.28
1.28
1.28
1.28
1.28
1.28
1.28
1.28001
1.28
1.28
1.28
1.28
1.28
1.28
1.28
1.28
1.28
1.28
1.28
1.28
1.28
1.28
1.28
1.28
1.28
1.28
1.28
1.28
1.28
1.28
1.28
1.28
1.28
1.28
1.28
1.28
1.28
1.28
1.28
1.28
1.28
1.28
1.28
1.28
1.28
1.28
1.28
1.28
1.28
1.28
1.28
1.28
1.28
1.28
1.28
1.28
1.28
1.28
1.28
1.28
1.28
1.28
1.28
1.28
1.28
1.28
1.28
1.28
1.28
1.28
1.28
1.28
1.28
1.28
1.28
1.28
1.28
1.28
1.28
1.28
1.28
1.28
1.28
1.28
1.28
1.28
1.28
1.28
1.28
1.28
1.28
1.28
1.28
1.28
1.28
1.28
1.28
1.28
1.28
1.28
1.28
1.28
1.28
1.28
1.28
1.28
1.28
1.28
1.28
1.28
1.28
1.28
1.28
1.28
1.28
1.28
1.28
1.28
1.28
1.28
1.28
1.28
1.28
1.28
1.28
1.28
1.28
1.28
1.28
1.28
1.28
1.28
1.28
1.28
1.28
1.28
1.28
1.28
1.28
1.28
1.28
1.28
1.28
1.28
1.28
1.28
1.28
1.28
1.28
1.28
1.28
1.28
1.28
1.28
1.28
1.28
1.28
1.28
1.28
1.28
1.28
1.28
1.28
1.28
1.28
1.28
1.28
1.28
1.28
1.28
1.28
1.28
1.28
1.28
1.28
1.28
1.28
1.28
1.28
1.28
1.28
1.28
1.28
1.28
1.28
1.28
1.28
1.28
1.28
1.28
1.28
1.28
1.28
1.28
1.28
1.28
1.28
1.28
1.28
1.28
1.28
1.28
1.28
1.28
1.28
1.28
1.28
1.28
1.28
1.28
1.28
1.28
1.28
1.28
1.28
1.28
1.28
1.28
1.28
1.28
1.28
1.28
1.28
1.28
1.28
1.28
1.28
1.28
1.28
1.28
1.28
1.28
1.28
1.28
1.28
1.28
1.28
1.28
1.28
1.28
1.28
1.28
1.28
1.28
1.28
1.28
1.28
1.28
1.28
1.28
1.28
1.28
1.28
1.28
1.28
1.28
1.28
1.28
1.28
1.28
1.28
1.28
1.28
1.28
1.28
1.28
1.28
1.28
1.28
1.28
1.28
1.28
1.28
1.28
1.28
1.28
1.28
1.28
1.28
1.28
1.28
1.28
1.28
1.28
1.28
1.28
1.28
1.28
1.28
1.28
1.28
1.28
1.28
1.28
1.28
1.28
1.28
1.28
1.28
1.28
1.28
1.28
1.28
1.28
1.28
1.28
1.28
1.28
1.28
1.28
1.28
1.28
1.28
1.28
1.28
1.28
1.28
1.28
1.28
1.28
1.28
1.28
1.28
1.28
1.28
1.28
1.28
1.28
1.28
1.28
1.28
1.28
1.28
1.28
1.28
1.28
1.28
1.28
1.28
1.28
1.28
1.28
1.28
1.28
1.28
1.28
1.28
1.28
1.28
1.28
1.28
1.28
1.28
1.28
1.28
1.28
1.28
1.28
1.28
1.28
1.28
1.28
1.28
1.28
1.28
1.28
1.28
1.28
1.28
1.28
1.28
1.28
1.28
1.28
1.28
1.28
1.28
1.28
1.28
1.28
1.28
1.28
1.28
1.28
1.28
1.28
1.28
1.28
1.28
1.28
1.28
1.28
1.28
1.28
1.28
1.28
1.28
1.28
1.28
1.28
1.28
1.28
1.28
1.28
1.28
1.28
1.28
1.28
1.28
1.28
1.28
1.28
1.28
1.28
1.28
1.28
1.28
1.28
1.28
1.28
1.28
1.28
1.28
1.28
1.28
1.28
1.28
1.28
1.28
1.28
1.28
1.28
1.28
1.28
1.28
1.28
1.28
1.28
1.28
1.28
1.28
1.28
1.28
1.28
1.28
1.28
1.28
1.28
1.28
1.28
1.28
1.28
1.28
1.28
1.28
1.28
1.28
1.28
1.28
1.28
1.28
1.28
1.28
1.28
1.28
1.28
1.28
1.28
1.28
1.28
1.28
1.28
1.28
1.28
1.28
1.28
1.28
1.28
1.28
1.28
1.28
1.28
1.28
1.28
1.28
1.28
1.28
1.28
1.28
1.28
1.28
1.28
1.28
1.28
1.28
1.28
1.28
1.28
1.28
1.28
1.28
1.28
1.28
1.28
1.28
1.28
1.28
1.28
1.28
1.28
1.28
1.28
1.28
1.28
1.28
1.28
1.28
1.28
1.28
1.28
1.28
1.28
1.28
1.28
1.28
1.28
1.28
1.28
1.28
1.28
1.28
1.28
1.28
1.28
1.28
1.28
1.28
1.28
1.28
1.28
1.28
1.28
1.28
1.28
1.28
1.28
1.28
1.28
1.28
1.28
1.28
1.28
1.28
1.28
1.28
1.28
1.28
1.28
1.28
1.28
1.28
1.28
1.28
1.28
1.28
1.28
1.28
1.28
1.28
1.28
1.28
1.28
1.28
1.28
1.28
1.28
1.28
1.28
1.28
1.28
1.28
1.28
1.28
1.28
1.28
1.28
1.28
1.28
1.28
1.28
1.28
1.28
1.28
1.28
1.28
1.28
1.28
1.28
1.28
1.28
1.28
1.28
1.28
1.28
1.28
1.28
1.28
1.28
1.28
1.28
1.28
1.28
1.28
1.28
1.28
1.28
1.28
1.28
1.28
1.28
1.28
1.28
1.28
1.28
1.28
1.28
1.28
1.28
1.28
1.28
1.28
1.28
1.28
1.28
1.28
1.28
1.28
1.28
1.28
1.28
1.28
1.28
1.28
1.28
1.28
1.28
1.28
1.28
1.28
1.28
1.28
1.28
1.28
1.28
1.28
1.28
1.28
1.28
1.28
1.28
1.28
1.28
1.28
1.28
1.28
1.28
1.28
1.28
1.28
1.28
1.28
1.28
1.28
1.28
1.28
1.28
1.28
1.28
1.28
1.28
1.28
1.28
1.28
1.28
1.28
1.28
1.28
1.28
1.28
1.28
1.28
1.28
1.28
1.28
1.28
1.28
1.28
1.28
1.28
1.28
1.28
1.28
1.28
1.28
1.28
1.28
1.28
1.28
1.28
1.28
1.28
1.28
1.28
1.28
1.28
1.28
1.28
1.28
1.28
1.28
1.28
1.28
1.28
1.28
1.28
1.28
1.28
1.28
1.28
1.28
1.28
1.28
1.28
1.28
1.28
1.28
1.28
1.28
1.28
1.28
1.28
1.28
1.28
1.28
1.28
1.28
1.28
1.28
1.28
1.28
1.28
1.28
1.28
1.28
1.28
1.28
1.28
1.28
1.28
1.28
1.28
1.28
1.28
1.28
1.28
1.28
1.28
1.28
1.28
1.28
1.28
1.28
1.28
1.28
1.28
1.28
1.28
1.28
1.28
1.28
1.28
1.28
1.28
1.28
1.28
1.28
1.28
1.28
1.28
1.28
1.28
1.28
1.28
1.28
1.28
1.28
1.28
1.28
1.28
1.28
1.28
1.28
1.28
1.28
1.28
1.28
1.28
1.28
1.28
1.28
1.28
1.28
1.28
1.28
1.28
1.28
1.28
1.28
1.28
1.28
1.28
1.28
1.28
1.28
1.28
1.28
1.28
1.28
1.28
1.28
1.28
1.28
1.28
1.28
1.28
1.28
1.28
1.28
1.28
1.28
1.28
1.28
1.28
1.28
1.28
1.28
1.28
1.28
1.28
1.28
1.28
1.28
1.28
1.28
1.28
1.28
1.28
1.28
1.28
1.28
1.28
1.28
1.28
1.28
1.28
1.28
1.28
1.28
1.28
1.28
1.28
1.28
1.28
1.28
1.28
1.28
1.28
1.28
1.28
1.28
1.28
1.28
1.28
1.28
1.28
1.28
1.28
1.28
1.28
1.28
1.28
1.28
1.28
1.28
1.28
1.28
1.28
1.28
1.28
1.28
1.28
1.28
1.28
1.28
1.28
1.28
1.28
1.28
1.28
1.28
1.28
1.28
1.28
1.28
1.28
1.28
1.28
1.28
1.28
1.28
1.28
1.28
1.28
1.28
1.28
1.28
1.28
1.28
1.28
1.28
1.28
1.28
1.28
1.28
1.28
1.28
1.28
1.28
1.28
1.28
1.28
1.28
1.28
1.28
1.28
1.28
1.28
1.28
1.28
1.28
1.28
1.28
1.28
1.28
1.28
1.28
1.28
1.28
1.28
1.28
1.28
1.28
1.28
1.28
1.28
1.28
1.28
1.28
1.28
1.28
1.28
1.28
1.28
1.28
1.28
1.28
1.28
1.28
1.28
1.28
1.28
1.28
1.28
1.28
1.28
1.28
1.28
1.28
1.28
1.28
1.28
1.28
1.28
1.28
1.28
1.28
1.28
1.28
1.28
1.28
1.28
1.28
1.28
1.28
1.28
1.28
1.28
1.28
1.28
1.28
1.28
1.28
1.28
1.28
1.28
1.28
1.28
1.28
1.28
1.28
1.28
1.28
1.28
1.28
1.28
1.28
1.28
1.28
1.28
1.28
1.28
1.28
1.28
1.28
1.28
1.28
1.28
1.28
1.28
1.28
1.28
1.28
1.28
1.28
1.28
1.28
1.28
1.28
1.28
1.28
1.28
1.28
1.28
1.28
1.28
1.28
1.28
1.28
1.28
1.28
1.28
1.28
1.28
1.28
1.28
1.28
1.28
1.28
1.28
1.28
1.28
1.28
1.28
1.28
1.28
1.28
1.28
1.28
1.28
1.28
1.28
1.28
1.28
1.28
1.28
1.28
1.28
1.28
1.28
1.28
1.28
1.28
1.28
1.28
1.28
1.28
1.28
1.28
1.28
1.28
1.28
1.28
1.28
1.28
1.28
1.28
1.28
1.28
1.28
1.28
1.28
1.28
1.28
1.28
1.28
1.28
1.28
1.28
1.28
1.28
1.28
1.28
1.28
1.28
1.28
1.28
1.28
1.28
1.28
1.28
1.28
1.28
1.28
1.28
1.28
1.28
1.28
1.28
1.28
1.28
1.28
1.28
1.28
1.28
1.28
1.28
1.28
1.28
1.28
1.28
1.28
1.28
1.28
1.28
1.28
1.28
1.28
1.28
1.28
1.28
1.28
1.28
1.28
1.28
1.28
1.28
1.28
1.28
1.28
1.28
1.28
1.28
1.28
1.28
1.28
1.28
1.28
1.28
1.28
1.28
1.28
1.28
1.28
1.28
1.28
1.28
1.28
1.28
1.28
1.28
1.28
1.28
1.28
1.28
1.28
1.28
1.28
1.28
1.28
1.28
1.28
1.28
1.28
1.28
1.28
1.28
1.28
1.28
1.28
1.28
1.28
1.28
1.28
1.28
1.28
1.28
1.28
1.28
1.28
1.28
1.28
1.28
1.28
1.28
1.28
1.28
1.28
1.28
1.28
1.28
1.28
1.28
1.28
1.28
1.28
1.28
1.28
1.28
1.28
1.28
1.28
1.28
1.28
1.28
1.28
1.28
1.28
1.28
1.28
1.28
1.28
1.28
1.28
1.28
1.28
1.28
1.28
1.28
1.28
1.28
1.28
1.28
1.28
1.28
1.28
1.28
1.28
1.28
1.28
1.28
1.28
1.28
1.28
1.28
1.28
1.28
1.28
1.28
1.28
1.28
1.28
1.28
1.28
1.28
1.28
1.28
1.28
1.28
1.28
1.28
1.28
1.28
1.28
1.28
1.28
1.28
1.28
1.28
1.28
1.28
1.28
1.28
1.28
1.28
1.28
1.28
1.28
1.28
1.28
1.28
1.28
1.28
1.28
1.28
1.28
1.28
1.28
1.28
1.28
1.28
1.28
1.28
1.28
1.28
1.28
1.28
1.28
1.28
1.28
1.28
1.28
1.28
1.28
1.28
1.28
1.28
1.28
1.28
1.28
1.28
1.28
1.28
1.28
1.28
1.28
1.28
1.28
1.28
1.28
1.28
1.28
1.28
1.28
1.28
1.28
1.28
1.28
1.28
1.28
1.28
1.28
1.28
1.28
1.28
1.28
1.28
1.28
1.28
1.28
1.28
1.28
1.28
1.28
1.28
1.28
1.28
1.28
1.28
1.28
1.28
1.28
1.28
1.28
1.28
1.28
1.28
1.28
1.28
1.28
1.28
1.28
1.28
1.28
1.28
1.28
1.28
1.28
1.28
1.28
1.28
1.28
1.28
1.28
1.28
1.28
1.28
1.28
1.28
1.28
1.28
1.28
1.28
1.28
1.28
1.28
1.28
1.28
1.28
1.28
1.28
1.28
1.28
1.28
1.28
1.28
1.28
1.28
1.28
1.28
1.28
1.28
1.28
1.28
1.28
1.28
1.28
1.28
1.28
1.28
1.28
1.28
1.28
1.28
1.28
1.28
1.28
1.28
1.28
1.28
1.28
1.28
1.28
1.28
1.28
1.28
1.28
1.28
1.28
1.28
1.28
1.28
1.28
1.28
1.28
1.28
1.28
1.28
1.28
1.28
1.28
1.28
1.28
1.28
1.28
1.28
1.28
1.28
1.28
1.28
1.28
1.28
1.28
1.28
1.28
1.28
1.28
1.28
1.28
1.28
1.28
1.28
1.28
1.28
1.28
1.28
1.28
1.28
1.28
1.28
1.28
1.28
1.28
1.28
1.28
1.28
1.28
1.28
1.28
1.28
1.28
1.28
1.28
1.28
1.28
1.28
1.28
1.28
1.28
1.28
1.28
1.28
1.28
1.28
1.28
1.28
1.28
1.28
1.28
1.28
1.28
1.28
1.28
1.28
1.28
1.28
1.28
1.28
1.28
1.28
1.28
1.28
1.28
1.28
1.28
1.28
1.28
1.28
1.28
1.28
1.28
1.28
1.28
1.28
1.28
1.28
1.28
1.28
1.28
1.28
1.28
1.28
1.28
1.28
1.28
1.28
1.28
1.28
1.28
1.28
1.28
1.28
1.28
1.28
1.28
1.28
1.28
1.28
1.28
1.28
1.28
1.28
1.28
1.28
1.28
1.28
1.28
1.28
1.28
1.28
1.28
1.28
1.28
1.28
1.28
1.28
1.28
1.28
1.28
1.28001
1.28001
1.28001
1.28001
1.28001
1.28001
1.28001
1.28001
1.28001
1.28001
8.83327
1.28202
1.27998
1.28
1.28
1.28
1.28
1.28
1.28
1.28
8.86525
1.29323
1.28
1.28
1.28
1.28
1.28
1.28
1.28
1.28
8.88461
1.29683
1.28001
1.28
1.28
1.28
1.28
1.28
1.28
1.28
8.89248
1.2975
1.28001
1.28
1.28
1.28
1.28
1.28
1.28
1.28
8.89614
1.29773
1.28001
1.28
1.28
1.28
1.28
1.28
1.28
1.28
8.89756
1.29773
1.28001
1.28
1.28
1.28
1.28
1.28
1.28
1.28
8.8972
1.29755
1.28001
1.28
1.28
1.28
1.28
1.28
1.28
1.28
8.89413
1.29692
1.28001
1.28
1.28
1.28
1.28
1.28
1.28
1.28
8.88385
1.29354
1.28
1.28
1.28
1.28
1.28
1.28
1.28
1.28
8.86311
1.283
1.27999
1.28
1.28
1.28
1.28
1.28
1.28
1.28
8.86362
1.29319
1.28
1.28
1.28
1.28
1.28
1.28
1.28
1.28
8.88384
1.29913
1.28001
1.28
1.28
1.28
1.28
1.28
1.28
1.28
8.89426
1.30041
1.28002
1.28
1.28
1.28
1.28
1.28
1.28
1.28
8.89871
1.3005
1.28002
1.28
1.28
1.28
1.28
1.28
1.28
1.28
8.90085
1.30052
1.28002
1.28
1.28
1.28
1.28
1.28
1.28
1.28
8.90151
1.30052
1.28002
1.28
1.28
1.28
1.28
1.28
1.28
1.28
8.90087
1.30051
1.28002
1.28
1.28
1.28
1.28
1.28
1.28
1.28
8.89846
1.30043
1.28002
1.28
1.28
1.28
1.28
1.28
1.28
1.28
8.89145
1.29916
1.28001
1.28
1.28
1.28
1.28
1.28
1.28
1.28
8.87665
1.29338
1.28
1.28
1.28
1.28
1.28
1.28
1.28
1.28
8.88151
1.29679
1.28001
1.28
1.28
1.28
1.28
1.28
1.28
1.28
8.89292
1.30041
1.28002
1.28
1.28
1.28
1.28
1.28
1.28
1.28
8.89855
1.30094
1.28002
1.28
1.28
1.28
1.28
1.28
1.28
1.28
8.90108
1.30089
1.28002
1.28
1.28
1.28
1.28
1.28
1.28
1.28
8.90228
1.30087
1.28002
1.28
1.28
1.28
1.28
1.28
1.28
1.28
8.90241
1.30088
1.28002
1.28
1.28
1.28
1.28
1.28
1.28
1.28
8.90151
1.3009
1.28002
1.28
1.28
1.28
1.28
1.28
1.28
1.28
8.89937
1.30094
1.28002
1.28
1.28
1.28
1.28
1.28
1.28
1.28
8.89437
1.3004
1.28002
1.28
1.28
1.28
1.28
1.28
1.28
1.28
8.88387
1.29678
1.28001
1.28
1.28
1.28
1.28
1.28
1.28
1.28
8.88802
1.29746
1.28001
1.28
1.28
1.28
1.28
1.28
1.28
1.28
8.8963
1.30048
1.28002
1.28
1.28
1.28
1.28
1.28
1.28
1.28
8.90018
1.30089
1.28002
1.28
1.28
1.28
1.28
1.28
1.28
1.28
8.90193
1.30085
1.28002
1.28
1.28
1.28
1.28
1.28
1.28
1.28
8.90266
1.30084
1.28002
1.28
1.28
1.28
1.28
1.28
1.28
1.28
8.90248
1.30084
1.28002
1.28
1.28
1.28
1.28
1.28
1.28
1.28
8.90137
1.30085
1.28002
1.28
1.28
1.28
1.28
1.28
1.28
1.28
8.8992
1.30088
1.28002
1.28
1.28
1.28
1.28
1.28
1.28
1.28
8.89482
1.30047
1.28002
1.28
1.28
1.28
1.28
1.28
1.28
1.28
8.88591
1.29742
1.28001
1.28
1.28
1.28
1.28
1.28
1.28
1.28
8.89034
1.29767
1.28001
1.28
1.28
1.28
1.28
1.28
1.28
1.28
8.89761
1.3005
1.28002
1.28
1.28
1.28
1.28
1.28
1.28
1.28
8.90088
1.30086
1.28002
1.28
1.28
1.28
1.28
1.28
1.28
1.28
8.9023
1.30083
1.28002
1.28
1.28
1.28
1.28
1.28
1.28
1.28
8.90281
1.30082
1.28002
1.28
1.28
1.28
1.28
1.28
1.28
1.28
8.90249
1.30082
1.28002
1.28
1.28
1.28
1.28
1.28
1.28
1.28
8.90127
1.30082
1.28002
1.28
1.28
1.28
1.28
1.28
1.28
1.28
8.89908
1.30084
1.28002
1.28
1.28
1.28
1.28
1.28
1.28
1.28
8.8949
1.30047
1.28002
1.28
1.28
1.28
1.28
1.28
1.28
1.28
8.8865
1.29761
1.28001
1.28
1.28
1.28
1.28
1.28
1.28
1.28
8.89034
1.29767
1.28001
1.28
1.28
1.28
1.28
1.28
1.28
1.28
8.89761
1.3005
1.28002
1.28
1.28
1.28
1.28
1.28
1.28
1.28
8.90088
1.30086
1.28002
1.28
1.28
1.28
1.28
1.28
1.28
1.28
8.9023
1.30083
1.28002
1.28
1.28
1.28
1.28
1.28
1.28
1.28
8.90281
1.30082
1.28002
1.28
1.28
1.28
1.28
1.28
1.28
1.28
8.90249
1.30082
1.28002
1.28
1.28
1.28
1.28
1.28
1.28
1.28
8.90127
1.30082
1.28002
1.28
1.28
1.28
1.28
1.28
1.28
1.28
8.89908
1.30084
1.28002
1.28
1.28
1.28
1.28
1.28
1.28
1.28
8.8949
1.30047
1.28002
1.28
1.28
1.28
1.28
1.28
1.28
1.28
8.8865
1.29761
1.28001
1.28
1.28
1.28
1.28
1.28
1.28
1.28
8.88802
1.29746
1.28001
1.28
1.28
1.28
1.28
1.28
1.28
1.28
8.8963
1.30048
1.28002
1.28
1.28
1.28
1.28
1.28
1.28
1.28
8.90018
1.30089
1.28002
1.28
1.28
1.28
1.28
1.28
1.28
1.28
8.90193
1.30085
1.28002
1.28
1.28
1.28
1.28
1.28
1.28
1.28
8.90266
1.30084
1.28002
1.28
1.28
1.28
1.28
1.28
1.28
1.28
8.90248
1.30084
1.28002
1.28
1.28
1.28
1.28
1.28
1.28
1.28
8.90137
1.30085
1.28002
1.28
1.28
1.28
1.28
1.28
1.28
1.28
8.8992
1.30088
1.28002
1.28
1.28
1.28
1.28
1.28
1.28
1.28
8.89482
1.30047
1.28002
1.28
1.28
1.28
1.28
1.28
1.28
1.28
8.88591
1.29742
1.28001
1.28
1.28
1.28
1.28
1.28
1.28
1.28
8.88151
1.29679
1.28001
1.28
1.28
1.28
1.28
1.28
1.28
1.28
8.89292
1.30041
1.28002
1.28
1.28
1.28
1.28
1.28
1.28
1.28
8.89855
1.30094
1.28002
1.28
1.28
1.28
1.28
1.28
1.28
1.28
8.90108
1.30089
1.28002
1.28
1.28
1.28
1.28
1.28
1.28
1.28
8.90228
1.30087
1.28002
1.28
1.28
1.28
1.28
1.28
1.28
1.28
8.90241
1.30088
1.28002
1.28
1.28
1.28
1.28
1.28
1.28
1.28
8.90151
1.3009
1.28002
1.28
1.28
1.28
1.28
1.28
1.28
1.28
8.89937
1.30094
1.28002
1.28
1.28
1.28
1.28
1.28
1.28
1.28
8.89437
1.3004
1.28002
1.28
1.28
1.28
1.28
1.28
1.28
1.28
8.88387
1.29678
1.28001
1.28
1.28
1.28
1.28
1.28
1.28
1.28
8.86363
1.29319
1.28
1.28
1.28
1.28
1.28
1.28
1.28
1.28
8.88384
1.29913
1.28001
1.28
1.28
1.28
1.28
1.28
1.28
1.28
8.89426
1.30041
1.28002
1.28
1.28
1.28
1.28
1.28
1.28
1.28
8.89871
1.3005
1.28002
1.28
1.28
1.28
1.28
1.28
1.28
1.28
8.90085
1.30052
1.28002
1.28
1.28
1.28
1.28
1.28
1.28
1.28
8.90151
1.30052
1.28002
1.28
1.28
1.28
1.28
1.28
1.28
1.28
8.90087
1.30051
1.28002
1.28
1.28
1.28
1.28
1.28
1.28
1.28
8.89846
1.30043
1.28002
1.28
1.28
1.28
1.28
1.28
1.28
1.28
8.89145
1.29916
1.28001
1.28
1.28
1.28
1.28
1.28
1.28
1.28
8.87665
1.29338
1.28
1.28
1.28
1.28
1.28
1.28
1.28
1.28
8.83326
1.28202
1.27998
1.28
1.28
1.28
1.28
1.28
1.28
1.28
8.86525
1.29323
1.28
1.28
1.28
1.28
1.28
1.28
1.28
1.28
8.88461
1.29683
1.28001
1.28
1.28
1.28
1.28
1.28
1.28
1.28
8.89248
1.2975
1.28001
1.28
1.28
1.28
1.28
1.28
1.28
1.28
8.89614
1.29773
1.28001
1.28
1.28
1.28
1.28
1.28
1.28
1.28
8.89756
1.29773
1.28001
1.28
1.28
1.28
1.28
1.28
1.28
1.28
8.8972
1.29755
1.28001
1.28
1.28
1.28
1.28
1.28
1.28
1.28
8.89413
1.29692
1.28001
1.28
1.28
1.28
1.28
1.28
1.28
1.28
8.88385
1.29354
1.28
1.28
1.28
1.28
1.28
1.28
1.28
1.28
8.86311
1.283
1.27999
1.28
1.28
1.28
1.28
1.28
1.28
1.28
1.2783
1.27991
1.27994
1.27995
1.27996
1.27996
1.27997
1.27998
1.27998
1.28029
1.27847
1.27992
1.27994
1.27995
1.27995
1.27996
1.27996
1.27996
1.27997
1.28025
1.27864
1.27993
1.27994
1.27995
1.27995
1.27996
1.27996
1.27996
1.27997
1.28023
1.27881
1.27994
1.27995
1.27995
1.27996
1.27996
1.27996
1.27996
1.27997
1.28021
1.27898
1.27994
1.27995
1.27995
1.27996
1.27996
1.27996
1.27996
1.27997
1.28018
1.27915
1.27995
1.27995
1.27996
1.27996
1.27996
1.27996
1.27996
1.27997
1.28015
1.27933
1.27995
1.27995
1.27996
1.27996
1.27996
1.27996
1.27996
1.27996
1.28012
1.2795
1.27995
1.27995
1.27996
1.27996
1.27996
1.27996
1.27996
1.27996
1.28008
1.27968
1.27995
1.27995
1.27996
1.27996
1.27996
1.27996
1.27996
1.27996
1.28003
1.27986
1.27995
1.27994
1.27994
1.27993
1.27993
1.27992
1.27992
1.27991
1.27994
1.2788
1.28002
1.28002
1.28002
1.28002
1.28002
1.28002
1.28002
1.28002
1.28002
1.27891
1.28001
1.28002
1.28002
1.28002
1.28002
1.28001
1.28001
1.28001
1.28002
1.27903
1.28001
1.28001
1.28001
1.28001
1.28001
1.28001
1.28001
1.28001
1.28002
1.27914
1.28
1.28001
1.28001
1.28001
1.28001
1.28001
1.28001
1.28001
1.28002
1.27927
1.28
1.28
1.28
1.28001
1.28001
1.28001
1.28001
1.28001
1.28002
1.27939
1.28
1.28
1.28
1.28
1.28
1.28
1.28
1.28
1.28001
1.27951
1.27999
1.28
1.28
1.28
1.28
1.28
1.28
1.28
1.28001
1.27964
1.27999
1.27999
1.28
1.28
1.28
1.28
1.28
1.28
1.28001
1.27978
1.27999
1.27999
1.27999
1.27999
1.27999
1.27999
1.28
1.28
1.28
1.27991
1.27999
1.27999
1.27999
1.27999
1.27999
1.27999
1.27999
1.27999
1.27999
1.27896
1.28
1.28
1.28
1.28
1.28
1.28
1.28
1.28
1.28
1.27906
1.28
1.28
1.28
1.28
1.28
1.28
1.28
1.28
1.28
1.27916
1.28
1.28
1.28
1.28
1.28
1.28
1.28
1.28
1.28
1.27926
1.28
1.28
1.28
1.28
1.28
1.28
1.28
1.28
1.28
1.27937
1.28
1.28
1.28
1.28
1.28
1.28
1.28
1.28
1.28
1.27948
1.28
1.28
1.28
1.28
1.28
1.28
1.28
1.28
1.28
1.27959
1.28
1.28
1.28
1.28
1.28
1.28
1.28
1.28
1.28
1.2797
1.28
1.28
1.28
1.28
1.28
1.28
1.28
1.28
1.28
1.27982
1.28
1.28
1.28
1.28
1.28
1.28
1.28
1.28
1.28
1.27994
1.28
1.28
1.28
1.28
1.28
1.28
1.28
1.28
1.28
1.27897
1.27999
1.28
1.28
1.28
1.28
1.28
1.28
1.28
1.28
1.27907
1.28
1.28
1.28
1.28
1.28
1.28
1.28
1.28
1.28
1.27917
1.28
1.28
1.28
1.28
1.28
1.28
1.28
1.28
1.28
1.27927
1.28
1.28
1.28
1.28
1.28
1.28
1.28
1.28
1.28
1.27938
1.28
1.28
1.28
1.28
1.28
1.28
1.28
1.28
1.28
1.27949
1.28
1.28
1.28
1.28
1.28
1.28
1.28
1.28
1.28
1.2796
1.28
1.28
1.28
1.28
1.28
1.28
1.28
1.28
1.28
1.27971
1.28
1.28
1.28
1.28
1.28
1.28
1.28
1.28
1.28
1.27983
1.28
1.28
1.28
1.28
1.28
1.28
1.28
1.28
1.28
1.27994
1.28
1.28
1.28
1.28
1.28
1.28
1.28
1.28
1.28
1.2789
1.27999
1.28
1.28
1.28
1.28
1.28
1.28
1.28
1.28
1.27901
1.27999
1.28
1.28
1.28
1.28
1.28
1.28
1.28
1.28
1.27912
1.28
1.28
1.28
1.28
1.28
1.28
1.28
1.28
1.28
1.27922
1.28
1.28
1.28
1.28
1.28
1.28
1.28
1.28
1.28
1.27934
1.28
1.28
1.28
1.28
1.28
1.28
1.28
1.28
1.28
1.27945
1.28
1.28
1.28
1.28
1.28
1.28
1.28
1.28
1.28
1.27957
1.28
1.28
1.28
1.28
1.28
1.28
1.28
1.28
1.28
1.27969
1.28
1.28
1.28
1.28
1.28
1.28
1.28
1.28
1.28
1.27981
1.28
1.28
1.28
1.28
1.28
1.28
1.28
1.28
1.28
1.27993
1.28
1.28
1.28
1.28
1.28
1.28
1.28
1.28
1.28
1.27881
1.27999
1.28
1.28
1.28
1.28
1.28
1.28
1.28
1.28
1.27892
1.27999
1.28
1.28
1.28
1.28
1.28
1.28
1.28
1.28
1.27903
1.27999
1.28
1.28
1.28
1.28
1.28
1.28
1.28
1.28
1.27915
1.28
1.28
1.28
1.28
1.28
1.28
1.28
1.28
1.28
1.27926
1.28
1.28
1.28
1.28
1.28
1.28
1.28
1.28
1.28
1.27938
1.28
1.28
1.28
1.28
1.28
1.28
1.28
1.28
1.28
1.27951
1.28
1.28
1.28
1.28
1.28
1.28
1.28
1.28
1.28
1.27964
1.28
1.28
1.28
1.28
1.28
1.28
1.28
1.28
1.28
1.27977
1.28
1.28
1.28
1.28
1.28
1.28
1.28
1.28
1.28
1.27992
1.28
1.28
1.28
1.28
1.28
1.28
1.28
1.28
1.28
1.27876
1.27999
1.28
1.28
1.28
1.28
1.28
1.28
1.28
1.28
1.27887
1.27999
1.28
1.28
1.28
1.28
1.28
1.28
1.28
1.28
1.27899
1.27999
1.28
1.28
1.28
1.28
1.28
1.28
1.28
1.28
1.2791
1.28
1.28
1.28
1.28
1.28
1.28
1.28
1.28
1.28
1.27921
1.28
1.28
1.28
1.28
1.28
1.28
1.28
1.28
1.28
1.27933
1.28
1.28
1.28
1.28
1.28
1.28
1.28
1.28
1.28
1.27945
1.28
1.28
1.28
1.28
1.28
1.28
1.28
1.28
1.28
1.27958
1.28
1.28
1.28
1.28
1.28
1.28
1.28
1.28
1.28
1.27973
1.28
1.28
1.28
1.28
1.28
1.28
1.28
1.28
1.28
1.27989
1.28
1.28
1.28
1.28
1.28
1.28
1.28
1.28
1.28
1.27906
1.28
1.28
1.28
1.28
1.28
1.28
1.28
1.28
1.28
1.27914
1.28
1.28
1.28
1.28
1.28
1.28
1.28
1.28
1.28
1.27923
1.28
1.28
1.28
1.28
1.28
1.28
1.28
1.28
1.28
1.27932
1.28
1.28
1.28
1.28
1.28
1.28
1.28
1.28
1.28
1.27941
1.28
1.28
1.28
1.28
1.28
1.28
1.28
1.28
1.28
1.2795
1.28
1.28
1.28
1.28
1.28
1.28
1.28
1.28
1.28
1.27959
1.28
1.28
1.28
1.28
1.28
1.28
1.28
1.28
1.28
1.27968
1.28
1.28
1.28
1.28
1.28
1.28
1.28
1.28
1.28
1.27979
1.28
1.28
1.28
1.28
1.28
1.28
1.28
1.28
1.28
1.27993
1.28
1.28
1.28
1.28
1.28
1.28
1.28
1.28
1.28
1.28029
1.28001
1.28
1.28
1.28
1.28
1.28
1.28
1.28
1.28
1.28032
1.28001
1.28
1.28
1.28
1.28
1.28
1.28
1.28
1.28
1.28032
1.28
1.28
1.28
1.28
1.28
1.28
1.28
1.28
1.28
1.28042
1.28
1.28
1.28
1.28
1.28
1.28
1.28
1.28
1.28
1.2805
1.28
1.28
1.28
1.28
1.28
1.28
1.28
1.28
1.28
1.28058
1.28
1.28
1.28
1.28
1.28
1.28
1.28
1.28
1.28
1.28063
1.28001
1.28
1.28
1.28
1.28
1.28
1.28
1.28
1.28
1.28066
1.28
1.28
1.28
1.28
1.28
1.28
1.28
1.28
1.28
1.28062
1.28
1.28
1.28
1.28
1.28
1.28
1.28
1.28
1.28
1.28052
1.28
1.28
1.28
1.28
1.28
1.28
1.28
1.28
1.28001
1.28259
1.28001
1.28
1.28
1.28
1.28
1.28
1.28
1.28
1.28
1.28254
1.28001
1.28
1.28
1.28
1.28
1.28
1.28
1.28
1.28
1.28241
1.28001
1.28
1.28
1.28
1.28
1.28
1.28
1.28
1.28
1.28263
1.28001
1.28
1.28
1.28
1.28
1.28
1.28
1.28
1.28
1.28286
1.28001
1.28
1.28
1.28
1.28
1.28
1.28
1.28
1.28
1.2831
1.28002
1.28
1.28
1.28
1.28
1.28
1.28
1.28
1.28
1.28337
1.28002
1.28
1.28
1.28
1.28
1.28
1.28
1.28
1.28
1.28368
1.28002
1.28
1.28
1.28
1.28
1.28
1.28
1.28
1.28
1.28404
1.28002
1.28
1.28
1.28
1.28
1.28
1.28
1.28
1.28
1.2844
1.28002
1.28
1.28
1.28
1.28
1.28
1.28
1.28002
1.2801
1.28055
1.27998
1.28
1.28
1.28
1.28
1.28
1.28
1.28
1.28
1.28063
1.28
1.28
1.28
1.28
1.28
1.28
1.28
1.28
1.28
1.2808
1.28002
1.28
1.28
1.28
1.28
1.28
1.28
1.28
1.28
1.28087
1.28005
1.28
1.28
1.28
1.28
1.28
1.28
1.28
1.28
1.28093
1.28008
1.28
1.28
1.28
1.28
1.28
1.28
1.28
1.28
1.28099
1.28011
1.28
1.28
1.28
1.28
1.28
1.28
1.28
1.28
1.28107
1.28015
1.28
1.28
1.28
1.28
1.28
1.28
1.28
1.28
1.28145
1.28018
1.28
1.28
1.28
1.28
1.28
1.28
1.28
1.28
1.28175
1.28023
1.28
1.28
1.28
1.28
1.28
1.28
1.28
1.28
1.28203
1.28027
1.28
1.28
1.28
1.28
1.28
1.28002
1.28014
1.28046
1.28093
1.28003
1.28
1.28
1.28
1.28
1.28
1.28
1.28
1.28
1.28101
1.28006
1.28
1.28
1.28
1.28
1.28
1.28
1.28
1.28
1.28103
1.2801
1.28
1.28
1.28
1.28
1.28
1.28
1.28
1.28
1.28104
1.28013
1.28
1.28
1.28
1.28
1.28
1.28
1.28
1.28
1.28138
1.28018
1.28
1.28
1.28
1.28
1.28
1.28
1.28
1.28
1.28168
1.28023
1.28
1.28
1.28
1.28
1.28
1.28
1.28
1.28
1.28193
1.28028
1.28
1.28
1.28
1.28
1.28
1.28
1.28
1.28
1.28183
1.28033
1.28
1.28
1.28
1.28
1.28
1.28
1.28
1.28
1.2818
1.28039
1.28
1.28
1.28
1.28
1.28
1.28
1.28
1.28
1.28179
1.28046
1.28
1.28
1.28
1.28
1.28
1.28
1.28
1.2802
1.28092
1.28009
1.28
1.28
1.28
1.28
1.28
1.28
1.28
1.28
1.28096
1.28013
1.28
1.28
1.28
1.28
1.28
1.28
1.28
1.28
1.28136
1.28018
1.28
1.28
1.28
1.28
1.28
1.28
1.28
1.28
1.28167
1.28024
1.28
1.28
1.28
1.28
1.28
1.28
1.28
1.28
1.28159
1.2803
1.28
1.28
1.28
1.28
1.28
1.28
1.28
1.28
1.28153
1.28037
1.28
1.28
1.28
1.28
1.28
1.28
1.28
1.28
1.28152
1.28044
1.28
1.28
1.28
1.28
1.28
1.28
1.28
1.28
1.28152
1.28052
1.28
1.28
1.28
1.28
1.28
1.28
1.28
1.28
1.28155
1.28061
1.28001
1.28
1.28
1.28
1.28
1.28
1.28
1.28
1.28158
1.28072
1.28001
1.28
1.28
1.28
1.28
1.28
1.27999
1.27999
1.28113
1.28016
1.28
1.28
1.28
1.28
1.28
1.28
1.28
1.28
1.28141
1.28022
1.28
1.28
1.28
1.28
1.28
1.28
1.28
1.28
1.28125
1.28028
1.28
1.28
1.28
1.28
1.28
1.28
1.28
1.28
1.28118
1.28035
1.28
1.28
1.28
1.28
1.28
1.28
1.28
1.28
1.28114
1.28043
1.28001
1.28
1.28
1.28
1.28
1.28
1.28
1.28
1.28113
1.28053
1.28001
1.28
1.28
1.28
1.28
1.28
1.28
1.28
1.28113
1.28064
1.28001
1.28
1.28
1.28
1.28
1.28
1.28
1.28
1.28115
1.28076
1.28001
1.28
1.28
1.28
1.28
1.28
1.28
1.28
1.28119
1.2809
1.28002
1.28
1.28
1.28
1.28
1.28
1.28
1.28
1.28123
1.28106
1.28002
1.28
1.28
1.28
1.28
1.28
1.27999
1.27996
1.28092
1.28022
1.28
1.28
1.28
1.28
1.28
1.28
1.28
1.28
1.28079
1.28029
1.28
1.28
1.28
1.28
1.28
1.28
1.28
1.28
1.2807
1.28036
1.28001
1.28
1.28
1.28
1.28
1.28
1.28
1.28
1.28063
1.28046
1.28001
1.28
1.28
1.28
1.28
1.28
1.28
1.28
1.28058
1.28056
1.28001
1.28
1.28
1.28
1.28
1.28
1.28
1.28
1.28053
1.28069
1.28002
1.28
1.28
1.28
1.28
1.28
1.28
1.28
1.2805
1.28084
1.28002
1.28
1.28
1.28
1.28
1.28
1.28
1.28
1.28048
1.28102
1.28003
1.28
1.28
1.28
1.28
1.28
1.28
1.28
1.28049
1.28123
1.28003
1.28
1.28
1.28
1.28
1.28
1.28
1.28
1.2805
1.28148
1.28004
1.28
1.28
1.28
1.28
1.28
1.27999
1.27995
1.2803
1.28024
1.28001
1.28
1.28
1.28
1.28
1.28
1.28
1.28
1.28014
1.28032
1.28001
1.28
1.28
1.28
1.28
1.28
1.28
1.28
1.27999
1.28041
1.28001
1.28
1.28
1.28
1.28
1.28
1.28
1.28
1.27985
1.28052
1.28001
1.28
1.28
1.28
1.28
1.28
1.28
1.28
1.27971
1.28065
1.28002
1.28
1.28
1.28
1.28
1.28
1.28
1.28
1.27956
1.2808
1.28002
1.28
1.28
1.28
1.28
1.28
1.28
1.28
1.27942
1.281
1.28003
1.28
1.28
1.28
1.28
1.28
1.28
1.28
1.27928
1.28123
1.28004
1.28
1.28
1.28
1.28
1.28
1.28
1.28
1.27914
1.28152
1.28005
1.28
1.28
1.28
1.28
1.28
1.28
1.28
1.27901
1.28187
1.28007
1.28
1.28
1.28
1.28
1.28
1.27999
1.27995
1.27958
1.28022
1.28
1.28
1.28
1.28
1.28
1.28
1.28
1.28
1.27932
1.28029
1.28001
1.28
1.28
1.28
1.28
1.28
1.28
1.28
1.27906
1.28037
1.28001
1.28
1.28
1.28
1.28
1.28
1.28
1.28
1.27877
1.28048
1.28001
1.28
1.28
1.28
1.28
1.28
1.28
1.28
1.27845
1.28061
1.28002
1.28
1.28
1.28
1.28
1.28
1.28
1.28
1.2781
1.28077
1.28003
1.28
1.28
1.28
1.28
1.28
1.28
1.28
1.27772
1.28097
1.28004
1.28
1.28
1.28
1.28
1.28
1.28
1.28
1.27729
1.28123
1.28005
1.28
1.28
1.28
1.28
1.28
1.28
1.28
1.27681
1.28155
1.28008
1.28
1.28
1.28
1.28
1.28
1.28
1.28
1.27627
1.28197
1.28011
1.28
1.28
1.28
1.28
1.28
1.27999
1.27995
1.27879
1.28014
1.28
1.28
1.28
1.28
1.28
1.28
1.28
1.28
1.27839
1.28018
1.28001
1.28
1.28
1.28
1.28
1.28
1.28
1.28
1.27795
1.28024
1.28001
1.28
1.28
1.28
1.28
1.28
1.28
1.28
1.27745
1.2803
1.28001
1.28
1.28
1.28
1.28
1.28
1.28
1.28
1.27688
1.28039
1.28002
1.28
1.28
1.28
1.28
1.28
1.28
1.28
1.27621
1.2805
1.28003
1.28
1.28
1.28
1.28
1.28
1.28
1.28
1.27543
1.28064
1.28004
1.28
1.28
1.28
1.28
1.28
1.28
1.28
1.27452
1.28082
1.28005
1.28
1.28
1.28
1.28
1.28
1.28
1.28
1.27343
1.28106
1.28008
1.28
1.28
1.28
1.28
1.28
1.28
1.28
1.2721
1.28136
1.28012
1.28001
1.28
1.28
1.28
1.28
1.28
1.27997
1.27808
1.28002
1.28
1.28
1.28
1.28
1.28
1.28
1.28
1.28
1.27753
1.28003
1.28
1.28
1.28
1.28
1.28
1.28
1.28
1.28
1.27691
1.28003
1.28
1.28
1.28
1.28
1.28
1.28
1.28
1.28
1.27619
1.28004
1.28
1.28
1.28
1.28
1.28
1.28
1.28
1.28
1.27533
1.28004
1.28001
1.28
1.28
1.28
1.28
1.28
1.28
1.28
1.27431
1.28005
1.28001
1.28
1.28
1.28
1.28
1.28
1.28
1.28
1.27308
1.28004
1.28001
1.28
1.28
1.28
1.28
1.28
1.28
1.28
1.27158
1.28004
1.28002
1.28
1.28
1.28
1.28
1.28
1.28
1.28
1.26974
1.28001
1.28003
1.28
1.28
1.28
1.28
1.28
1.28
1.28
1.26739
1.27996
1.28004
1.28
1.28
1.28
1.28
1.28
1.28
1.28002
1.27764
1.27994
1.28
1.28
1.28
1.28
1.28
1.28
1.28
1.28
1.277
1.27991
1.28
1.28
1.28
1.28
1.28
1.28
1.28
1.28
1.27627
1.27988
1.28
1.28
1.28
1.28
1.28
1.28
1.28
1.28
1.27539
1.27983
1.28
1.28
1.28
1.28
1.28
1.28
1.28
1.28
1.27435
1.27976
1.27999
1.28
1.28
1.28
1.28
1.28
1.28
1.28
1.27309
1.27967
1.27999
1.28
1.28
1.28
1.28
1.28
1.28
1.28
1.27156
1.27954
1.27998
1.28
1.28
1.28
1.28
1.28
1.28
1.28
1.26966
1.27935
1.27997
1.28
1.28
1.28
1.28
1.28
1.28
1.28
1.26728
1.27906
1.27995
1.28
1.28
1.28
1.28
1.28
1.28
1.28
1.26423
1.27862
1.27991
1.28
1.28
1.28
1.28
1.28
1.28003
1.28027
1.27764
1.27994
1.28
1.28
1.28
1.28
1.28
1.28
1.28
1.28
1.277
1.27991
1.28
1.28
1.28
1.28
1.28
1.28
1.28
1.28
1.27627
1.27988
1.28
1.28
1.28
1.28
1.28
1.28
1.28
1.28
1.27539
1.27983
1.28
1.28
1.28
1.28
1.28
1.28
1.28
1.28
1.27435
1.27976
1.27999
1.28
1.28
1.28
1.28
1.28
1.28
1.28
1.27309
1.27967
1.27999
1.28
1.28
1.28
1.28
1.28
1.28
1.28
1.27156
1.27954
1.27998
1.28
1.28
1.28
1.28
1.28
1.28
1.28
1.26966
1.27935
1.27997
1.28
1.28
1.28
1.28
1.28
1.28
1.28
1.26728
1.27906
1.27995
1.28
1.28
1.28
1.28
1.28
1.28
1.28
1.26423
1.27862
1.27991
1.28
1.28
1.28
1.28
1.28
1.28003
1.28027
1.27808
1.28002
1.28
1.28
1.28
1.28
1.28
1.28
1.28
1.28
1.27753
1.28003
1.28
1.28
1.28
1.28
1.28
1.28
1.28
1.28
1.27691
1.28003
1.28
1.28
1.28
1.28
1.28
1.28
1.28
1.28
1.27619
1.28004
1.28
1.28
1.28
1.28
1.28
1.28
1.28
1.28
1.27533
1.28004
1.28001
1.28
1.28
1.28
1.28
1.28
1.28
1.28
1.27431
1.28005
1.28001
1.28
1.28
1.28
1.28
1.28
1.28
1.28
1.27308
1.28004
1.28001
1.28
1.28
1.28
1.28
1.28
1.28
1.28
1.27158
1.28004
1.28002
1.28
1.28
1.28
1.28
1.28
1.28
1.28
1.26974
1.28001
1.28003
1.28
1.28
1.28
1.28
1.28
1.28
1.28
1.26739
1.27996
1.28004
1.28
1.28
1.28
1.28
1.28
1.28
1.28002
1.27879
1.28014
1.28
1.28
1.28
1.28
1.28
1.28
1.28
1.28
1.27839
1.28018
1.28001
1.28
1.28
1.28
1.28
1.28
1.28
1.28
1.27795
1.28024
1.28001
1.28
1.28
1.28
1.28
1.28
1.28
1.28
1.27745
1.2803
1.28001
1.28
1.28
1.28
1.28
1.28
1.28
1.28
1.27688
1.28039
1.28002
1.28
1.28
1.28
1.28
1.28
1.28
1.28
1.27621
1.2805
1.28003
1.28
1.28
1.28
1.28
1.28
1.28
1.28
1.27543
1.28064
1.28004
1.28
1.28
1.28
1.28
1.28
1.28
1.28
1.27452
1.28082
1.28005
1.28
1.28
1.28
1.28
1.28
1.28
1.28
1.27343
1.28106
1.28008
1.28
1.28
1.28
1.28
1.28
1.28
1.28
1.2721
1.28136
1.28012
1.28001
1.28
1.28
1.28
1.28
1.28
1.27997
1.27958
1.28022
1.28
1.28
1.28
1.28
1.28
1.28
1.28
1.28
1.27932
1.28029
1.28001
1.28
1.28
1.28
1.28
1.28
1.28
1.28
1.27906
1.28037
1.28001
1.28
1.28
1.28
1.28
1.28
1.28
1.28
1.27877
1.28048
1.28001
1.28
1.28
1.28
1.28
1.28
1.28
1.28
1.27845
1.28061
1.28002
1.28
1.28
1.28
1.28
1.28
1.28
1.28
1.2781
1.28077
1.28003
1.28
1.28
1.28
1.28
1.28
1.28
1.28
1.27772
1.28097
1.28004
1.28
1.28
1.28
1.28
1.28
1.28
1.28
1.27729
1.28123
1.28005
1.28
1.28
1.28
1.28
1.28
1.28
1.28
1.27681
1.28155
1.28008
1.28
1.28
1.28
1.28
1.28
1.28
1.28
1.27627
1.28197
1.28011
1.28
1.28
1.28
1.28
1.28
1.27999
1.27995
1.2803
1.28024
1.28001
1.28
1.28
1.28
1.28
1.28
1.28
1.28
1.28014
1.28032
1.28001
1.28
1.28
1.28
1.28
1.28
1.28
1.28
1.27999
1.28041
1.28001
1.28
1.28
1.28
1.28
1.28
1.28
1.28
1.27985
1.28052
1.28001
1.28
1.28
1.28
1.28
1.28
1.28
1.28
1.27971
1.28065
1.28002
1.28
1.28
1.28
1.28
1.28
1.28
1.28
1.27956
1.2808
1.28002
1.28
1.28
1.28
1.28
1.28
1.28
1.28
1.27942
1.281
1.28003
1.28
1.28
1.28
1.28
1.28
1.28
1.28
1.27928
1.28123
1.28004
1.28
1.28
1.28
1.28
1.28
1.28
1.28
1.27914
1.28152
1.28005
1.28
1.28
1.28
1.28
1.28
1.28
1.28
1.27901
1.28187
1.28007
1.28
1.28
1.28
1.28
1.28
1.27999
1.27995
1.28092
1.28022
1.28
1.28
1.28
1.28
1.28
1.28
1.28
1.28
1.28079
1.28029
1.28
1.28
1.28
1.28
1.28
1.28
1.28
1.28
1.2807
1.28036
1.28001
1.28
1.28
1.28
1.28
1.28
1.28
1.28
1.28063
1.28046
1.28001
1.28
1.28
1.28
1.28
1.28
1.28
1.28
1.28058
1.28056
1.28001
1.28
1.28
1.28
1.28
1.28
1.28
1.28
1.28053
1.28069
1.28002
1.28
1.28
1.28
1.28
1.28
1.28
1.28
1.2805
1.28084
1.28002
1.28
1.28
1.28
1.28
1.28
1.28
1.28
1.28048
1.28102
1.28003
1.28
1.28
1.28
1.28
1.28
1.28
1.28
1.28049
1.28123
1.28003
1.28
1.28
1.28
1.28
1.28
1.28
1.28
1.2805
1.28148
1.28004
1.28
1.28
1.28
1.28
1.28
1.27999
1.27995
1.28113
1.28016
1.28
1.28
1.28
1.28
1.28
1.28
1.28
1.28
1.28141
1.28022
1.28
1.28
1.28
1.28
1.28
1.28
1.28
1.28
1.28125
1.28028
1.28
1.28
1.28
1.28
1.28
1.28
1.28
1.28
1.28118
1.28035
1.28
1.28
1.28
1.28
1.28
1.28
1.28
1.28
1.28114
1.28043
1.28001
1.28
1.28
1.28
1.28
1.28
1.28
1.28
1.28113
1.28053
1.28001
1.28
1.28
1.28
1.28
1.28
1.28
1.28
1.28113
1.28064
1.28001
1.28
1.28
1.28
1.28
1.28
1.28
1.28
1.28115
1.28076
1.28001
1.28
1.28
1.28
1.28
1.28
1.28
1.28
1.28119
1.2809
1.28002
1.28
1.28
1.28
1.28
1.28
1.28
1.28
1.28123
1.28106
1.28002
1.28
1.28
1.28
1.28
1.28
1.27999
1.27996
1.28092
1.28009
1.28
1.28
1.28
1.28
1.28
1.28
1.28
1.28
1.28096
1.28013
1.28
1.28
1.28
1.28
1.28
1.28
1.28
1.28
1.28136
1.28018
1.28
1.28
1.28
1.28
1.28
1.28
1.28
1.28
1.28167
1.28024
1.28
1.28
1.28
1.28
1.28
1.28
1.28
1.28
1.28159
1.2803
1.28
1.28
1.28
1.28
1.28
1.28
1.28
1.28
1.28153
1.28037
1.28
1.28
1.28
1.28
1.28
1.28
1.28
1.28
1.28152
1.28044
1.28
1.28
1.28
1.28
1.28
1.28
1.28
1.28
1.28152
1.28052
1.28
1.28
1.28
1.28
1.28
1.28
1.28
1.28
1.28155
1.28061
1.28001
1.28
1.28
1.28
1.28
1.28
1.28
1.28
1.28158
1.28072
1.28001
1.28
1.28
1.28
1.28
1.28
1.27999
1.27999
1.28093
1.28003
1.28
1.28
1.28
1.28
1.28
1.28
1.28
1.28
1.28101
1.28006
1.28
1.28
1.28
1.28
1.28
1.28
1.28
1.28
1.28103
1.2801
1.28
1.28
1.28
1.28
1.28
1.28
1.28
1.28
1.28104
1.28013
1.28
1.28
1.28
1.28
1.28
1.28
1.28
1.28
1.28138
1.28018
1.28
1.28
1.28
1.28
1.28
1.28
1.28
1.28
1.28168
1.28023
1.28
1.28
1.28
1.28
1.28
1.28
1.28
1.28
1.28193
1.28028
1.28
1.28
1.28
1.28
1.28
1.28
1.28
1.28
1.28183
1.28033
1.28
1.28
1.28
1.28
1.28
1.28
1.28
1.28
1.2818
1.28039
1.28
1.28
1.28
1.28
1.28
1.28
1.28
1.28
1.28179
1.28046
1.28
1.28
1.28
1.28
1.28
1.28
1.28
1.2802
1.28055
1.27998
1.28
1.28
1.28
1.28
1.28
1.28
1.28
1.28
1.28063
1.28
1.28
1.28
1.28
1.28
1.28
1.28
1.28
1.28
1.2808
1.28002
1.28
1.28
1.28
1.28
1.28
1.28
1.28
1.28
1.28087
1.28005
1.28
1.28
1.28
1.28
1.28
1.28
1.28
1.28
1.28093
1.28008
1.28
1.28
1.28
1.28
1.28
1.28
1.28
1.28
1.28099
1.28011
1.28
1.28
1.28
1.28
1.28
1.28
1.28
1.28
1.28107
1.28015
1.28
1.28
1.28
1.28
1.28
1.28
1.28
1.28
1.28145
1.28018
1.28
1.28
1.28
1.28
1.28
1.28
1.28
1.28
1.28175
1.28023
1.28
1.28
1.28
1.28
1.28
1.28
1.28
1.28
1.28203
1.28027
1.28
1.28
1.28
1.28
1.28
1.28002
1.28014
1.28046
1.28259
1.28001
1.28
1.28
1.28
1.28
1.28
1.28
1.28
1.28
1.28254
1.28001
1.28
1.28
1.28
1.28
1.28
1.28
1.28
1.28
1.28241
1.28001
1.28
1.28
1.28
1.28
1.28
1.28
1.28
1.28
1.28263
1.28001
1.28
1.28
1.28
1.28
1.28
1.28
1.28
1.28
1.28286
1.28001
1.28
1.28
1.28
1.28
1.28
1.28
1.28
1.28
1.2831
1.28002
1.28
1.28
1.28
1.28
1.28
1.28
1.28
1.28
1.28337
1.28002
1.28
1.28
1.28
1.28
1.28
1.28
1.28
1.28
1.28368
1.28002
1.28
1.28
1.28
1.28
1.28
1.28
1.28
1.28
1.28404
1.28002
1.28
1.28
1.28
1.28
1.28
1.28
1.28
1.28
1.2844
1.28002
1.28
1.28
1.28
1.28
1.28
1.28
1.28002
1.2801
1.28029
1.28001
1.28
1.28
1.28
1.28
1.28
1.28
1.28
1.28
1.28032
1.28001
1.28
1.28
1.28
1.28
1.28
1.28
1.28
1.28
1.28032
1.28
1.28
1.28
1.28
1.28
1.28
1.28
1.28
1.28
1.28042
1.28
1.28
1.28
1.28
1.28
1.28
1.28
1.28
1.28
1.2805
1.28
1.28
1.28
1.28
1.28
1.28
1.28
1.28
1.28
1.28058
1.28
1.28
1.28
1.28
1.28
1.28
1.28
1.28
1.28
1.28063
1.28001
1.28
1.28
1.28
1.28
1.28
1.28
1.28
1.28
1.28066
1.28
1.28
1.28
1.28
1.28
1.28
1.28
1.28
1.28
1.28062
1.28
1.28
1.28
1.28
1.28
1.28
1.28
1.28
1.28
1.28052
1.28
1.28
1.28
1.28
1.28
1.28
1.28
1.28
1.28001
1.27906
1.28
1.28
1.28
1.28
1.28
1.28
1.28
1.28
1.28
1.27914
1.28
1.28
1.28
1.28
1.28
1.28
1.28
1.28
1.28
1.27923
1.28
1.28
1.28
1.28
1.28
1.28
1.28
1.28
1.28
1.27932
1.28
1.28
1.28
1.28
1.28
1.28
1.28
1.28
1.28
1.27941
1.28
1.28
1.28
1.28
1.28
1.28
1.28
1.28
1.28
1.2795
1.28
1.28
1.28
1.28
1.28
1.28
1.28
1.28
1.28
1.27959
1.28
1.28
1.28
1.28
1.28
1.28
1.28
1.28
1.28
1.27968
1.28
1.28
1.28
1.28
1.28
1.28
1.28
1.28
1.28
1.27979
1.28
1.28
1.28
1.28
1.28
1.28
1.28
1.28
1.28
1.27993
1.28
1.28
1.28
1.28
1.28
1.28
1.28
1.28
1.28
1.27876
1.27999
1.28
1.28
1.28
1.28
1.28
1.28
1.28
1.28
1.27887
1.27999
1.28
1.28
1.28
1.28
1.28
1.28
1.28
1.28
1.27899
1.27999
1.28
1.28
1.28
1.28
1.28
1.28
1.28
1.28
1.2791
1.28
1.28
1.28
1.28
1.28
1.28
1.28
1.28
1.28
1.27921
1.28
1.28
1.28
1.28
1.28
1.28
1.28
1.28
1.28
1.27933
1.28
1.28
1.28
1.28
1.28
1.28
1.28
1.28
1.28
1.27945
1.28
1.28
1.28
1.28
1.28
1.28
1.28
1.28
1.28
1.27958
1.28
1.28
1.28
1.28
1.28
1.28
1.28
1.28
1.28
1.27973
1.28
1.28
1.28
1.28
1.28
1.28
1.28
1.28
1.28
1.27989
1.28
1.28
1.28
1.28
1.28
1.28
1.28
1.28
1.28
1.27881
1.27999
1.28
1.28
1.28
1.28
1.28
1.28
1.28
1.28
1.27892
1.27999
1.28
1.28
1.28
1.28
1.28
1.28
1.28
1.28
1.27903
1.27999
1.28
1.28
1.28
1.28
1.28
1.28
1.28
1.28
1.27915
1.28
1.28
1.28
1.28
1.28
1.28
1.28
1.28
1.28
1.27926
1.28
1.28
1.28
1.28
1.28
1.28
1.28
1.28
1.28
1.27938
1.28
1.28
1.28
1.28
1.28
1.28
1.28
1.28
1.28
1.27951
1.28
1.28
1.28
1.28
1.28
1.28
1.28
1.28
1.28
1.27964
1.28
1.28
1.28
1.28
1.28
1.28
1.28
1.28
1.28
1.27977
1.28
1.28
1.28
1.28
1.28
1.28
1.28
1.28
1.28
1.27992
1.28
1.28
1.28
1.28
1.28
1.28
1.28
1.28
1.28
1.2789
1.27999
1.28
1.28
1.28
1.28
1.28
1.28
1.28
1.28
1.27901
1.27999
1.28
1.28
1.28
1.28
1.28
1.28
1.28
1.28
1.27912
1.28
1.28
1.28
1.28
1.28
1.28
1.28
1.28
1.28
1.27922
1.28
1.28
1.28
1.28
1.28
1.28
1.28
1.28
1.28
1.27934
1.28
1.28
1.28
1.28
1.28
1.28
1.28
1.28
1.28
1.27945
1.28
1.28
1.28
1.28
1.28
1.28
1.28
1.28
1.28
1.27957
1.28
1.28
1.28
1.28
1.28
1.28
1.28
1.28
1.28
1.27969
1.28
1.28
1.28
1.28
1.28
1.28
1.28
1.28
1.28
1.27981
1.28
1.28
1.28
1.28
1.28
1.28
1.28
1.28
1.28
1.27993
1.28
1.28
1.28
1.28
1.28
1.28
1.28
1.28
1.28
1.27897
1.27999
1.28
1.28
1.28
1.28
1.28
1.28
1.28
1.28
1.27907
1.28
1.28
1.28
1.28
1.28
1.28
1.28
1.28
1.28
1.27917
1.28
1.28
1.28
1.28
1.28
1.28
1.28
1.28
1.28
1.27927
1.28
1.28
1.28
1.28
1.28
1.28
1.28
1.28
1.28
1.27938
1.28
1.28
1.28
1.28
1.28
1.28
1.28
1.28
1.28
1.27949
1.28
1.28
1.28
1.28
1.28
1.28
1.28
1.28
1.28
1.2796
1.28
1.28
1.28
1.28
1.28
1.28
1.28
1.28
1.28
1.27971
1.28
1.28
1.28
1.28
1.28
1.28
1.28
1.28
1.28
1.27983
1.28
1.28
1.28
1.28
1.28
1.28
1.28
1.28
1.28
1.27994
1.28
1.28
1.28
1.28
1.28
1.28
1.28
1.28
1.28
1.27896
1.28
1.28
1.28
1.28
1.28
1.28
1.28
1.28
1.28
1.27906
1.28
1.28
1.28
1.28
1.28
1.28
1.28
1.28
1.28
1.27916
1.28
1.28
1.28
1.28
1.28
1.28
1.28
1.28
1.28
1.27926
1.28
1.28
1.28
1.28
1.28
1.28
1.28
1.28
1.28
1.27937
1.28
1.28
1.28
1.28
1.28
1.28
1.28
1.28
1.28
1.27948
1.28
1.28
1.28
1.28
1.28
1.28
1.28
1.28
1.28
1.27959
1.28
1.28
1.28
1.28
1.28
1.28
1.28
1.28
1.28
1.2797
1.28
1.28
1.28
1.28
1.28
1.28
1.28
1.28
1.28
1.27982
1.28
1.28
1.28
1.28
1.28
1.28
1.28
1.28
1.28
1.27994
1.28
1.28
1.28
1.28
1.28
1.28
1.28
1.28
1.28
1.2788
1.28002
1.28002
1.28002
1.28002
1.28002
1.28002
1.28002
1.28002
1.28002
1.27891
1.28001
1.28002
1.28002
1.28002
1.28002
1.28001
1.28001
1.28001
1.28002
1.27903
1.28001
1.28001
1.28001
1.28001
1.28001
1.28001
1.28001
1.28001
1.28002
1.27914
1.28
1.28001
1.28001
1.28001
1.28001
1.28001
1.28001
1.28001
1.28002
1.27927
1.28
1.28
1.28
1.28001
1.28001
1.28001
1.28001
1.28001
1.28002
1.27939
1.28
1.28
1.28
1.28
1.28
1.28
1.28
1.28
1.28001
1.27951
1.27999
1.28
1.28
1.28
1.28
1.28
1.28
1.28
1.28001
1.27964
1.27999
1.27999
1.28
1.28
1.28
1.28
1.28
1.28
1.28001
1.27978
1.27999
1.27999
1.27999
1.27999
1.27999
1.27999
1.28
1.28
1.28
1.27991
1.27999
1.27999
1.27999
1.27999
1.27999
1.27999
1.27999
1.27999
1.27999
1.2783
1.27991
1.27994
1.27995
1.27996
1.27996
1.27997
1.27998
1.27998
1.28029
1.27847
1.27992
1.27994
1.27995
1.27995
1.27996
1.27996
1.27996
1.27997
1.28025
1.27864
1.27993
1.27994
1.27995
1.27995
1.27996
1.27996
1.27996
1.27997
1.28023
1.27881
1.27994
1.27995
1.27995
1.27996
1.27996
1.27996
1.27996
1.27997
1.28021
1.27898
1.27994
1.27995
1.27995
1.27996
1.27996
1.27996
1.27996
1.27997
1.28018
1.27915
1.27995
1.27995
1.27996
1.27996
1.27996
1.27996
1.27996
1.27997
1.28015
1.27933
1.27995
1.27995
1.27996
1.27996
1.27996
1.27996
1.27996
1.27996
1.28012
1.2795
1.27995
1.27995
1.27996
1.27996
1.27996
1.27996
1.27996
1.27996
1.28008
1.27968
1.27995
1.27995
1.27996
1.27996
1.27996
1.27996
1.27996
1.27996
1.28003
1.27986
1.27995
1.27994
1.27994
1.27993
1.27993
1.27992
1.27992
1.27991
1.27994
1.28029
1.27998
1.27998
1.27997
1.27996
1.27996
1.27995
1.27994
1.27991
1.2783
1.28025
1.27997
1.27996
1.27996
1.27996
1.27995
1.27995
1.27994
1.27992
1.27847
1.28023
1.27997
1.27996
1.27996
1.27996
1.27995
1.27995
1.27994
1.27993
1.27864
1.28021
1.27997
1.27996
1.27996
1.27996
1.27996
1.27995
1.27995
1.27994
1.27881
1.28018
1.27997
1.27996
1.27996
1.27996
1.27996
1.27995
1.27995
1.27994
1.27898
1.28015
1.27997
1.27996
1.27996
1.27996
1.27996
1.27996
1.27995
1.27995
1.27915
1.28012
1.27996
1.27996
1.27996
1.27996
1.27996
1.27996
1.27995
1.27995
1.27933
1.28008
1.27996
1.27996
1.27996
1.27996
1.27996
1.27996
1.27995
1.27995
1.2795
1.28003
1.27996
1.27996
1.27996
1.27996
1.27996
1.27996
1.27995
1.27995
1.27968
1.27994
1.27991
1.27992
1.27992
1.27993
1.27993
1.27994
1.27994
1.27995
1.27986
1.28002
1.28002
1.28002
1.28002
1.28002
1.28002
1.28002
1.28002
1.28002
1.2788
1.28002
1.28001
1.28001
1.28001
1.28002
1.28002
1.28002
1.28002
1.28001
1.27891
1.28002
1.28001
1.28001
1.28001
1.28001
1.28001
1.28001
1.28001
1.28001
1.27903
1.28002
1.28001
1.28001
1.28001
1.28001
1.28001
1.28001
1.28001
1.28
1.27914
1.28002
1.28001
1.28001
1.28001
1.28001
1.28001
1.28
1.28
1.28
1.27927
1.28001
1.28
1.28
1.28
1.28
1.28
1.28
1.28
1.28
1.27939
1.28001
1.28
1.28
1.28
1.28
1.28
1.28
1.28
1.27999
1.27951
1.28001
1.28
1.28
1.28
1.28
1.28
1.28
1.27999
1.27999
1.27964
1.28
1.28
1.28
1.27999
1.27999
1.27999
1.27999
1.27999
1.27999
1.27978
1.27999
1.27999
1.27999
1.27999
1.27999
1.27999
1.27999
1.27999
1.27999
1.27991
1.28
1.28
1.28
1.28
1.28
1.28
1.28
1.28
1.28
1.27896
1.28
1.28
1.28
1.28
1.28
1.28
1.28
1.28
1.28
1.27906
1.28
1.28
1.28
1.28
1.28
1.28
1.28
1.28
1.28
1.27916
1.28
1.28
1.28
1.28
1.28
1.28
1.28
1.28
1.28
1.27926
1.28
1.28
1.28
1.28
1.28
1.28
1.28
1.28
1.28
1.27937
1.28
1.28
1.28
1.28
1.28
1.28
1.28
1.28
1.28
1.27948
1.28
1.28
1.28
1.28
1.28
1.28
1.28
1.28
1.28
1.27959
1.28
1.28
1.28
1.28
1.28
1.28
1.28
1.28
1.28
1.2797
1.28
1.28
1.28
1.28
1.28
1.28
1.28
1.28
1.28
1.27982
1.28
1.28
1.28
1.28
1.28
1.28
1.28
1.28
1.28
1.27994
1.28
1.28
1.28
1.28
1.28
1.28
1.28
1.28
1.27999
1.27897
1.28
1.28
1.28
1.28
1.28
1.28
1.28
1.28
1.28
1.27907
1.28
1.28
1.28
1.28
1.28
1.28
1.28
1.28
1.28
1.27917
1.28
1.28
1.28
1.28
1.28
1.28
1.28
1.28
1.28
1.27927
1.28
1.28
1.28
1.28
1.28
1.28
1.28
1.28
1.28
1.27938
1.28
1.28
1.28
1.28
1.28
1.28
1.28
1.28
1.28
1.27949
1.28
1.28
1.28
1.28
1.28
1.28
1.28
1.28
1.28
1.2796
1.28
1.28
1.28
1.28
1.28
1.28
1.28
1.28
1.28
1.27971
1.28
1.28
1.28
1.28
1.28
1.28
1.28
1.28
1.28
1.27983
1.28
1.28
1.28
1.28
1.28
1.28
1.28
1.28
1.28
1.27994
1.28
1.28
1.28
1.28
1.28
1.28
1.28
1.28
1.27999
1.2789
1.28
1.28
1.28
1.28
1.28
1.28
1.28
1.28
1.27999
1.27901
1.28
1.28
1.28
1.28
1.28
1.28
1.28
1.28
1.28
1.27912
1.28
1.28
1.28
1.28
1.28
1.28
1.28
1.28
1.28
1.27922
1.28
1.28
1.28
1.28
1.28
1.28
1.28
1.28
1.28
1.27934
1.28
1.28
1.28
1.28
1.28
1.28
1.28
1.28
1.28
1.27945
1.28
1.28
1.28
1.28
1.28
1.28
1.28
1.28
1.28
1.27957
1.28
1.28
1.28
1.28
1.28
1.28
1.28
1.28
1.28
1.27969
1.28
1.28
1.28
1.28
1.28
1.28
1.28
1.28
1.28
1.27981
1.28
1.28
1.28
1.28
1.28
1.28
1.28
1.28
1.28
1.27993
1.28
1.28
1.28
1.28
1.28
1.28
1.28
1.28
1.27999
1.27881
1.28
1.28
1.28
1.28
1.28
1.28
1.28
1.28
1.27999
1.27892
1.28
1.28
1.28
1.28
1.28
1.28
1.28
1.28
1.27999
1.27903
1.28
1.28
1.28
1.28
1.28
1.28
1.28
1.28
1.28
1.27915
1.28
1.28
1.28
1.28
1.28
1.28
1.28
1.28
1.28
1.27926
1.28
1.28
1.28
1.28
1.28
1.28
1.28
1.28
1.28
1.27938
1.28
1.28
1.28
1.28
1.28
1.28
1.28
1.28
1.28
1.27951
1.28
1.28
1.28
1.28
1.28
1.28
1.28
1.28
1.28
1.27964
1.28
1.28
1.28
1.28
1.28
1.28
1.28
1.28
1.28
1.27977
1.28
1.28
1.28
1.28
1.28
1.28
1.28
1.28
1.28
1.27992
1.28
1.28
1.28
1.28
1.28
1.28
1.28
1.28
1.27999
1.27876
1.28
1.28
1.28
1.28
1.28
1.28
1.28
1.28
1.27999
1.27887
1.28
1.28
1.28
1.28
1.28
1.28
1.28
1.28
1.27999
1.27899
1.28
1.28
1.28
1.28
1.28
1.28
1.28
1.28
1.28
1.2791
1.28
1.28
1.28
1.28
1.28
1.28
1.28
1.28
1.28
1.27921
1.28
1.28
1.28
1.28
1.28
1.28
1.28
1.28
1.28
1.27933
1.28
1.28
1.28
1.28
1.28
1.28
1.28
1.28
1.28
1.27945
1.28
1.28
1.28
1.28
1.28
1.28
1.28
1.28
1.28
1.27958
1.28
1.28
1.28
1.28
1.28
1.28
1.28
1.28
1.28
1.27973
1.28
1.28
1.28
1.28
1.28
1.28
1.28
1.28
1.28
1.27989
1.28
1.28
1.28
1.28
1.28
1.28
1.28
1.28
1.28
1.27906
1.28
1.28
1.28
1.28
1.28
1.28
1.28
1.28
1.28
1.27914
1.28
1.28
1.28
1.28
1.28
1.28
1.28
1.28
1.28
1.27923
1.28
1.28
1.28
1.28
1.28
1.28
1.28
1.28
1.28
1.27932
1.28
1.28
1.28
1.28
1.28
1.28
1.28
1.28
1.28
1.27941
1.28
1.28
1.28
1.28
1.28
1.28
1.28
1.28
1.28
1.2795
1.28
1.28
1.28
1.28
1.28
1.28
1.28
1.28
1.28
1.27959
1.28
1.28
1.28
1.28
1.28
1.28
1.28
1.28
1.28
1.27968
1.28
1.28
1.28
1.28
1.28
1.28
1.28
1.28
1.28
1.27979
1.28
1.28
1.28
1.28
1.28
1.28
1.28
1.28
1.28
1.27993
1.28
1.28
1.28
1.28
1.28
1.28
1.28
1.28
1.28001
1.28029
1.28
1.28
1.28
1.28
1.28
1.28
1.28
1.28
1.28001
1.28032
1.28
1.28
1.28
1.28
1.28
1.28
1.28
1.28
1.28
1.28032
1.28
1.28
1.28
1.28
1.28
1.28
1.28
1.28
1.28
1.28042
1.28
1.28
1.28
1.28
1.28
1.28
1.28
1.28
1.28
1.2805
1.28
1.28
1.28
1.28
1.28
1.28
1.28
1.28
1.28
1.28058
1.28
1.28
1.28
1.28
1.28
1.28
1.28
1.28
1.28001
1.28063
1.28
1.28
1.28
1.28
1.28
1.28
1.28
1.28
1.28
1.28066
1.28
1.28
1.28
1.28
1.28
1.28
1.28
1.28
1.28
1.28062
1.28001
1.28
1.28
1.28
1.28
1.28
1.28
1.28
1.28
1.28052
1.28
1.28
1.28
1.28
1.28
1.28
1.28
1.28
1.28001
1.28259
1.28
1.28
1.28
1.28
1.28
1.28
1.28
1.28
1.28001
1.28254
1.28
1.28
1.28
1.28
1.28
1.28
1.28
1.28
1.28001
1.28241
1.28
1.28
1.28
1.28
1.28
1.28
1.28
1.28
1.28001
1.28263
1.28
1.28
1.28
1.28
1.28
1.28
1.28
1.28
1.28001
1.28286
1.28
1.28
1.28
1.28
1.28
1.28
1.28
1.28
1.28002
1.2831
1.28
1.28
1.28
1.28
1.28
1.28
1.28
1.28
1.28002
1.28337
1.28
1.28
1.28
1.28
1.28
1.28
1.28
1.28
1.28002
1.28368
1.28
1.28
1.28
1.28
1.28
1.28
1.28
1.28
1.28002
1.28404
1.2801
1.28002
1.28
1.28
1.28
1.28
1.28
1.28
1.28002
1.2844
1.28
1.28
1.28
1.28
1.28
1.28
1.28
1.28
1.27998
1.28055
1.28
1.28
1.28
1.28
1.28
1.28
1.28
1.28
1.28
1.28063
1.28
1.28
1.28
1.28
1.28
1.28
1.28
1.28
1.28002
1.2808
1.28
1.28
1.28
1.28
1.28
1.28
1.28
1.28
1.28005
1.28087
1.28
1.28
1.28
1.28
1.28
1.28
1.28
1.28
1.28008
1.28093
1.28
1.28
1.28
1.28
1.28
1.28
1.28
1.28
1.28011
1.28099
1.28
1.28
1.28
1.28
1.28
1.28
1.28
1.28
1.28015
1.28107
1.28
1.28
1.28
1.28
1.28
1.28
1.28
1.28
1.28018
1.28145
1.28
1.28
1.28
1.28
1.28
1.28
1.28
1.28
1.28023
1.28175
1.28046
1.28014
1.28002
1.28
1.28
1.28
1.28
1.28
1.28027
1.28203
1.28
1.28
1.28
1.28
1.28
1.28
1.28
1.28
1.28003
1.28093
1.28
1.28
1.28
1.28
1.28
1.28
1.28
1.28
1.28006
1.28101
1.28
1.28
1.28
1.28
1.28
1.28
1.28
1.28
1.2801
1.28103
1.28
1.28
1.28
1.28
1.28
1.28
1.28
1.28
1.28013
1.28104
1.28
1.28
1.28
1.28
1.28
1.28
1.28
1.28
1.28018
1.28138
1.28
1.28
1.28
1.28
1.28
1.28
1.28
1.28
1.28023
1.28168
1.28
1.28
1.28
1.28
1.28
1.28
1.28
1.28
1.28028
1.28193
1.28
1.28
1.28
1.28
1.28
1.28
1.28
1.28
1.28033
1.28183
1.28
1.28
1.28
1.28
1.28
1.28
1.28
1.28
1.28039
1.2818
1.2802
1.28
1.28
1.28
1.28
1.28
1.28
1.28
1.28046
1.28179
1.28
1.28
1.28
1.28
1.28
1.28
1.28
1.28
1.28009
1.28092
1.28
1.28
1.28
1.28
1.28
1.28
1.28
1.28
1.28013
1.28096
1.28
1.28
1.28
1.28
1.28
1.28
1.28
1.28
1.28018
1.28136
1.28
1.28
1.28
1.28
1.28
1.28
1.28
1.28
1.28024
1.28167
1.28
1.28
1.28
1.28
1.28
1.28
1.28
1.28
1.2803
1.28159
1.28
1.28
1.28
1.28
1.28
1.28
1.28
1.28
1.28037
1.28153
1.28
1.28
1.28
1.28
1.28
1.28
1.28
1.28
1.28044
1.28152
1.28
1.28
1.28
1.28
1.28
1.28
1.28
1.28
1.28052
1.28152
1.28
1.28
1.28
1.28
1.28
1.28
1.28
1.28001
1.28061
1.28155
1.27999
1.27999
1.28
1.28
1.28
1.28
1.28
1.28001
1.28072
1.28158
1.28
1.28
1.28
1.28
1.28
1.28
1.28
1.28
1.28016
1.28113
1.28
1.28
1.28
1.28
1.28
1.28
1.28
1.28
1.28022
1.28141
1.28
1.28
1.28
1.28
1.28
1.28
1.28
1.28
1.28028
1.28125
1.28
1.28
1.28
1.28
1.28
1.28
1.28
1.28
1.28035
1.28118
1.28
1.28
1.28
1.28
1.28
1.28
1.28
1.28001
1.28043
1.28114
1.28
1.28
1.28
1.28
1.28
1.28
1.28
1.28001
1.28053
1.28113
1.28
1.28
1.28
1.28
1.28
1.28
1.28
1.28001
1.28064
1.28113
1.28
1.28
1.28
1.28
1.28
1.28
1.28
1.28001
1.28076
1.28115
1.28
1.28
1.28
1.28
1.28
1.28
1.28
1.28002
1.2809
1.28119
1.27996
1.27999
1.28
1.28
1.28
1.28
1.28
1.28002
1.28106
1.28123
1.28
1.28
1.28
1.28
1.28
1.28
1.28
1.28
1.28022
1.28092
1.28
1.28
1.28
1.28
1.28
1.28
1.28
1.28
1.28029
1.28079
1.28
1.28
1.28
1.28
1.28
1.28
1.28
1.28001
1.28036
1.2807
1.28
1.28
1.28
1.28
1.28
1.28
1.28
1.28001
1.28046
1.28063
1.28
1.28
1.28
1.28
1.28
1.28
1.28
1.28001
1.28056
1.28058
1.28
1.28
1.28
1.28
1.28
1.28
1.28
1.28002
1.28069
1.28053
1.28
1.28
1.28
1.28
1.28
1.28
1.28
1.28002
1.28084
1.2805
1.28
1.28
1.28
1.28
1.28
1.28
1.28
1.28003
1.28102
1.28048
1.28
1.28
1.28
1.28
1.28
1.28
1.28
1.28003
1.28123
1.28049
1.27995
1.27999
1.28
1.28
1.28
1.28
1.28
1.28004
1.28148
1.2805
1.28
1.28
1.28
1.28
1.28
1.28
1.28
1.28001
1.28024
1.2803
1.28
1.28
1.28
1.28
1.28
1.28
1.28
1.28001
1.28032
1.28014
1.28
1.28
1.28
1.28
1.28
1.28
1.28
1.28001
1.28041
1.27999
1.28
1.28
1.28
1.28
1.28
1.28
1.28
1.28001
1.28052
1.27985
1.28
1.28
1.28
1.28
1.28
1.28
1.28
1.28002
1.28065
1.27971
1.28
1.28
1.28
1.28
1.28
1.28
1.28
1.28002
1.2808
1.27956
1.28
1.28
1.28
1.28
1.28
1.28
1.28
1.28003
1.281
1.27942
1.28
1.28
1.28
1.28
1.28
1.28
1.28
1.28004
1.28123
1.27928
1.28
1.28
1.28
1.28
1.28
1.28
1.28
1.28005
1.28152
1.27914
1.27995
1.27999
1.28
1.28
1.28
1.28
1.28
1.28007
1.28187
1.27901
1.28
1.28
1.28
1.28
1.28
1.28
1.28
1.28
1.28022
1.27958
1.28
1.28
1.28
1.28
1.28
1.28
1.28
1.28001
1.28029
1.27932
1.28
1.28
1.28
1.28
1.28
1.28
1.28
1.28001
1.28037
1.27906
1.28
1.28
1.28
1.28
1.28
1.28
1.28
1.28001
1.28048
1.27877
1.28
1.28
1.28
1.28
1.28
1.28
1.28
1.28002
1.28061
1.27845
1.28
1.28
1.28
1.28
1.28
1.28
1.28
1.28003
1.28077
1.2781
1.28
1.28
1.28
1.28
1.28
1.28
1.28
1.28004
1.28097
1.27772
1.28
1.28
1.28
1.28
1.28
1.28
1.28
1.28005
1.28123
1.27729
1.28
1.28
1.28
1.28
1.28
1.28
1.28
1.28008
1.28155
1.27681
1.27995
1.27999
1.28
1.28
1.28
1.28
1.28
1.28011
1.28197
1.27627
1.28
1.28
1.28
1.28
1.28
1.28
1.28
1.28
1.28014
1.27879
1.28
1.28
1.28
1.28
1.28
1.28
1.28
1.28001
1.28018
1.27839
1.28
1.28
1.28
1.28
1.28
1.28
1.28
1.28001
1.28024
1.27795
1.28
1.28
1.28
1.28
1.28
1.28
1.28
1.28001
1.2803
1.27745
1.28
1.28
1.28
1.28
1.28
1.28
1.28
1.28002
1.28039
1.27688
1.28
1.28
1.28
1.28
1.28
1.28
1.28
1.28003
1.2805
1.27621
1.28
1.28
1.28
1.28
1.28
1.28
1.28
1.28004
1.28064
1.27543
1.28
1.28
1.28
1.28
1.28
1.28
1.28
1.28005
1.28082
1.27452
1.28
1.28
1.28
1.28
1.28
1.28
1.28
1.28008
1.28106
1.27343
1.27997
1.28
1.28
1.28
1.28
1.28
1.28001
1.28012
1.28136
1.2721
1.28
1.28
1.28
1.28
1.28
1.28
1.28
1.28
1.28002
1.27808
1.28
1.28
1.28
1.28
1.28
1.28
1.28
1.28
1.28003
1.27753
1.28
1.28
1.28
1.28
1.28
1.28
1.28
1.28
1.28003
1.27691
1.28
1.28
1.28
1.28
1.28
1.28
1.28
1.28
1.28004
1.27619
1.28
1.28
1.28
1.28
1.28
1.28
1.28
1.28001
1.28004
1.27533
1.28
1.28
1.28
1.28
1.28
1.28
1.28
1.28001
1.28005
1.27431
1.28
1.28
1.28
1.28
1.28
1.28
1.28
1.28001
1.28004
1.27308
1.28
1.28
1.28
1.28
1.28
1.28
1.28
1.28002
1.28004
1.27158
1.28
1.28
1.28
1.28
1.28
1.28
1.28
1.28003
1.28001
1.26974
1.28002
1.28
1.28
1.28
1.28
1.28
1.28
1.28004
1.27996
1.26739
1.28
1.28
1.28
1.28
1.28
1.28
1.28
1.28
1.27994
1.27765
1.28
1.28
1.28
1.28
1.28
1.28
1.28
1.28
1.27991
1.277
1.28
1.28
1.28
1.28
1.28
1.28
1.28
1.28
1.27988
1.27627
1.28
1.28
1.28
1.28
1.28
1.28
1.28
1.28
1.27983
1.2754
1.28
1.28
1.28
1.28
1.28
1.28
1.28
1.27999
1.27976
1.27435
1.28
1.28
1.28
1.28
1.28
1.28
1.28
1.27999
1.27967
1.2731
1.28
1.28
1.28
1.28
1.28
1.28
1.28
1.27998
1.27954
1.27156
1.28
1.28
1.28
1.28
1.28
1.28
1.28
1.27997
1.27935
1.26966
1.28
1.28
1.28
1.28
1.28
1.28
1.28
1.27995
1.27906
1.26728
1.28027
1.28003
1.28
1.28
1.28
1.28
1.28
1.27991
1.27862
1.26423
1.28
1.28
1.28
1.28
1.28
1.28
1.28
1.28
1.27994
1.27764
1.28
1.28
1.28
1.28
1.28
1.28
1.28
1.28
1.27991
1.27699
1.28
1.28
1.28
1.28
1.28
1.28
1.28
1.28
1.27988
1.27626
1.28
1.28
1.28
1.28
1.28
1.28
1.28
1.28
1.27983
1.27539
1.28
1.28
1.28
1.28
1.28
1.28
1.28
1.27999
1.27976
1.27435
1.28
1.28
1.28
1.28
1.28
1.28
1.28
1.27999
1.27967
1.27309
1.28
1.28
1.28
1.28
1.28
1.28
1.28
1.27998
1.27954
1.27155
1.28
1.28
1.28
1.28
1.28
1.28
1.28
1.27997
1.27935
1.26965
1.28
1.28
1.28
1.28
1.28
1.28
1.28
1.27995
1.27906
1.26728
1.28027
1.28003
1.28
1.28
1.28
1.28
1.28
1.27991
1.27862
1.26423
1.28
1.28
1.28
1.28
1.28
1.28
1.28
1.28
1.28002
1.27807
1.28
1.28
1.28
1.28
1.28
1.28
1.28
1.28
1.28003
1.27752
1.28
1.28
1.28
1.28
1.28
1.28
1.28
1.28
1.28003
1.2769
1.28
1.28
1.28
1.28
1.28
1.28
1.28
1.28
1.28004
1.27618
1.28
1.28
1.28
1.28
1.28
1.28
1.28
1.28001
1.28004
1.27532
1.28
1.28
1.28
1.28
1.28
1.28
1.28
1.28001
1.28004
1.2743
1.28
1.28
1.28
1.28
1.28
1.28
1.28
1.28001
1.28004
1.27307
1.28
1.28
1.28
1.28
1.28
1.28
1.28
1.28002
1.28003
1.27157
1.28
1.28
1.28
1.28
1.28
1.28
1.28
1.28003
1.28001
1.26973
1.28002
1.28
1.28
1.28
1.28
1.28
1.28
1.28004
1.27996
1.26739
1.28
1.28
1.28
1.28
1.28
1.28
1.28
1.28
1.28014
1.27878
1.28
1.28
1.28
1.28
1.28
1.28
1.28
1.28001
1.28018
1.27838
1.28
1.28
1.28
1.28
1.28
1.28
1.28
1.28001
1.28024
1.27794
1.28
1.28
1.28
1.28
1.28
1.28
1.28
1.28001
1.2803
1.27744
1.28
1.28
1.28
1.28
1.28
1.28
1.28
1.28002
1.28039
1.27687
1.28
1.28
1.28
1.28
1.28
1.28
1.28
1.28003
1.2805
1.2762
1.28
1.28
1.28
1.28
1.28
1.28
1.28
1.28004
1.28064
1.27542
1.28
1.28
1.28
1.28
1.28
1.28
1.28
1.28005
1.28082
1.27451
1.28
1.28
1.28
1.28
1.28
1.28
1.28
1.28008
1.28106
1.27343
1.27997
1.28
1.28
1.28
1.28
1.28
1.28001
1.28012
1.28136
1.2721
1.28
1.28
1.28
1.28
1.28
1.28
1.28
1.28
1.28022
1.27957
1.28
1.28
1.28
1.28
1.28
1.28
1.28
1.28001
1.28029
1.27931
1.28
1.28
1.28
1.28
1.28
1.28
1.28
1.28001
1.28037
1.27905
1.28
1.28
1.28
1.28
1.28
1.28
1.28
1.28001
1.28048
1.27876
1.28
1.28
1.28
1.28
1.28
1.28
1.28
1.28002
1.28061
1.27845
1.28
1.28
1.28
1.28
1.28
1.28
1.28
1.28003
1.28077
1.2781
1.28
1.28
1.28
1.28
1.28
1.28
1.28
1.28004
1.28097
1.27771
1.28
1.28
1.28
1.28
1.28
1.28
1.28
1.28005
1.28123
1.27728
1.28
1.28
1.28
1.28
1.28
1.28
1.28
1.28008
1.28155
1.27681
1.27995
1.27999
1.28
1.28
1.28
1.28
1.28
1.28011
1.28197
1.27627
1.28
1.28
1.28
1.28
1.28
1.28
1.28
1.28001
1.28025
1.28029
1.28
1.28
1.28
1.28
1.28
1.28
1.28
1.28001
1.28032
1.28013
1.28
1.28
1.28
1.28
1.28
1.28
1.28
1.28001
1.28041
1.27999
1.28
1.28
1.28
1.28
1.28
1.28
1.28
1.28001
1.28052
1.27985
1.28
1.28
1.28
1.28
1.28
1.28
1.28
1.28002
1.28065
1.27971
1.28
1.28
1.28
1.28
1.28
1.28
1.28
1.28002
1.28081
1.27956
1.28
1.28
1.28
1.28
1.28
1.28
1.28
1.28003
1.281
1.27942
1.28
1.28
1.28
1.28
1.28
1.28
1.28
1.28004
1.28123
1.27928
1.28
1.28
1.28
1.28
1.28
1.28
1.28
1.28005
1.28152
1.27914
1.27995
1.27999
1.28
1.28
1.28
1.28
1.28
1.28007
1.28187
1.27901
1.28
1.28
1.28
1.28
1.28
1.28
1.28
1.28
1.28022
1.28092
1.28
1.28
1.28
1.28
1.28
1.28
1.28
1.28
1.28029
1.28079
1.28
1.28
1.28
1.28
1.28
1.28
1.28
1.28001
1.28036
1.2807
1.28
1.28
1.28
1.28
1.28
1.28
1.28
1.28001
1.28046
1.28063
1.28
1.28
1.28
1.28
1.28
1.28
1.28
1.28001
1.28057
1.28058
1.28
1.28
1.28
1.28
1.28
1.28
1.28
1.28002
1.28069
1.28053
1.28
1.28
1.28
1.28
1.28
1.28
1.28
1.28002
1.28084
1.2805
1.28
1.28
1.28
1.28
1.28
1.28
1.28
1.28003
1.28102
1.28049
1.28
1.28
1.28
1.28
1.28
1.28
1.28
1.28003
1.28123
1.28049
1.27995
1.27999
1.28
1.28
1.28
1.28
1.28
1.28004
1.28148
1.2805
1.28
1.28
1.28
1.28
1.28
1.28
1.28
1.28
1.28016
1.28114
1.28
1.28
1.28
1.28
1.28
1.28
1.28
1.28
1.28022
1.28141
1.28
1.28
1.28
1.28
1.28
1.28
1.28
1.28
1.28028
1.28125
1.28
1.28
1.28
1.28
1.28
1.28
1.28
1.28
1.28036
1.28118
1.28
1.28
1.28
1.28
1.28
1.28
1.28
1.28001
1.28044
1.28115
1.28
1.28
1.28
1.28
1.28
1.28
1.28
1.28001
1.28053
1.28113
1.28
1.28
1.28
1.28
1.28
1.28
1.28
1.28001
1.28064
1.28113
1.28
1.28
1.28
1.28
1.28
1.28
1.28
1.28001
1.28076
1.28115
1.28
1.28
1.28
1.28
1.28
1.28
1.28
1.28002
1.2809
1.28119
1.27996
1.27999
1.28
1.28
1.28
1.28
1.28
1.28002
1.28106
1.28123
1.28
1.28
1.28
1.28
1.28
1.28
1.28
1.28
1.28009
1.28093
1.28
1.28
1.28
1.28
1.28
1.28
1.28
1.28
1.28013
1.28097
1.28
1.28
1.28
1.28
1.28
1.28
1.28
1.28
1.28019
1.28136
1.28
1.28
1.28
1.28
1.28
1.28
1.28
1.28
1.28024
1.28167
1.28
1.28
1.28
1.28
1.28
1.28
1.28
1.28
1.2803
1.28159
1.28
1.28
1.28
1.28
1.28
1.28
1.28
1.28
1.28037
1.28153
1.28
1.28
1.28
1.28
1.28
1.28
1.28
1.28
1.28044
1.28152
1.28
1.28
1.28
1.28
1.28
1.28
1.28
1.28
1.28052
1.28152
1.28
1.28
1.28
1.28
1.28
1.28
1.28
1.28001
1.28062
1.28155
1.27999
1.27999
1.28
1.28
1.28
1.28
1.28
1.28001
1.28072
1.28158
1.28
1.28
1.28
1.28
1.28
1.28
1.28
1.28
1.28003
1.28093
1.28
1.28
1.28
1.28
1.28
1.28
1.28
1.28
1.28006
1.28101
1.28
1.28
1.28
1.28
1.28
1.28
1.28
1.28
1.2801
1.28103
1.28
1.28
1.28
1.28
1.28
1.28
1.28
1.28
1.28013
1.28104
1.28
1.28
1.28
1.28
1.28
1.28
1.28
1.28
1.28018
1.28138
1.28
1.28
1.28
1.28
1.28
1.28
1.28
1.28
1.28023
1.28168
1.28
1.28
1.28
1.28
1.28
1.28
1.28
1.28
1.28028
1.28193
1.28
1.28
1.28
1.28
1.28
1.28
1.28
1.28
1.28033
1.28183
1.28
1.28
1.28
1.28
1.28
1.28
1.28
1.28
1.28039
1.2818
1.28019
1.28
1.28
1.28
1.28
1.28
1.28
1.28
1.28046
1.28179
1.28
1.28
1.28
1.28
1.28
1.28
1.28
1.28
1.27998
1.28055
1.28
1.28
1.28
1.28
1.28
1.28
1.28
1.28
1.28
1.28063
1.28
1.28
1.28
1.28
1.28
1.28
1.28
1.28
1.28002
1.2808
1.28
1.28
1.28
1.28
1.28
1.28
1.28
1.28
1.28005
1.28087
1.28
1.28
1.28
1.28
1.28
1.28
1.28
1.28
1.28008
1.28093
1.28
1.28
1.28
1.28
1.28
1.28
1.28
1.28
1.28011
1.281
1.28
1.28
1.28
1.28
1.28
1.28
1.28
1.28
1.28015
1.28108
1.28
1.28
1.28
1.28
1.28
1.28
1.28
1.28
1.28018
1.28145
1.28
1.28
1.28
1.28
1.28
1.28
1.28
1.28
1.28023
1.28175
1.28045
1.28014
1.28002
1.28
1.28
1.28
1.28
1.28
1.28027
1.28203
1.28
1.28
1.28
1.28
1.28
1.28
1.28
1.28
1.28001
1.28259
1.28
1.28
1.28
1.28
1.28
1.28
1.28
1.28
1.28001
1.28254
1.28
1.28
1.28
1.28
1.28
1.28
1.28
1.28
1.28001
1.28242
1.28
1.28
1.28
1.28
1.28
1.28
1.28
1.28
1.28001
1.28263
1.28
1.28
1.28
1.28
1.28
1.28
1.28
1.28
1.28001
1.28286
1.28
1.28
1.28
1.28
1.28
1.28
1.28
1.28
1.28002
1.2831
1.28
1.28
1.28
1.28
1.28
1.28
1.28
1.28
1.28002
1.28337
1.28
1.28
1.28
1.28
1.28
1.28
1.28
1.28
1.28002
1.28368
1.28
1.28
1.28
1.28
1.28
1.28
1.28
1.28
1.28002
1.28404
1.2801
1.28002
1.28
1.28
1.28
1.28
1.28
1.28
1.28002
1.2844
1.28
1.28
1.28
1.28
1.28
1.28
1.28
1.28
1.28001
1.28029
1.28
1.28
1.28
1.28
1.28
1.28
1.28
1.28
1.28001
1.28032
1.28
1.28
1.28
1.28
1.28
1.28
1.28
1.28
1.28
1.28033
1.28
1.28
1.28
1.28
1.28
1.28
1.28
1.28
1.28
1.28042
1.28
1.28
1.28
1.28
1.28
1.28
1.28
1.28
1.28
1.2805
1.28
1.28
1.28
1.28
1.28
1.28
1.28
1.28
1.28
1.28058
1.28
1.28
1.28
1.28
1.28
1.28
1.28
1.28
1.28001
1.28063
1.28
1.28
1.28
1.28
1.28
1.28
1.28
1.28
1.28
1.28066
1.28
1.28
1.28
1.28
1.28
1.28
1.28
1.28
1.28
1.28062
1.28001
1.28
1.28
1.28
1.28
1.28
1.28
1.28
1.28
1.28052
1.28
1.28
1.28
1.28
1.28
1.28
1.28
1.28
1.28
1.27906
1.28
1.28
1.28
1.28
1.28
1.28
1.28
1.28
1.28
1.27914
1.28
1.28
1.28
1.28
1.28
1.28
1.28
1.28
1.28
1.27923
1.28
1.28
1.28
1.28
1.28
1.28
1.28
1.28
1.28
1.27932
1.28
1.28
1.28
1.28
1.28
1.28
1.28
1.28
1.28
1.27941
1.28
1.28
1.28
1.28
1.28
1.28
1.28
1.28
1.28
1.2795
1.28
1.28
1.28
1.28
1.28
1.28
1.28
1.28
1.28
1.27959
1.28
1.28
1.28
1.28
1.28
1.28
1.28
1.28
1.28
1.27968
1.28
1.28
1.28
1.28
1.28
1.28
1.28
1.28
1.28
1.27979
1.28
1.28
1.28
1.28
1.28
1.28
1.28
1.28
1.28
1.27993
1.28
1.28
1.28
1.28
1.28
1.28
1.28
1.28
1.27999
1.27876
1.28
1.28
1.28
1.28
1.28
1.28
1.28
1.28
1.27999
1.27887
1.28
1.28
1.28
1.28
1.28
1.28
1.28
1.28
1.27999
1.27899
1.28
1.28
1.28
1.28
1.28
1.28
1.28
1.28
1.28
1.2791
1.28
1.28
1.28
1.28
1.28
1.28
1.28
1.28
1.28
1.27921
1.28
1.28
1.28
1.28
1.28
1.28
1.28
1.28
1.28
1.27933
1.28
1.28
1.28
1.28
1.28
1.28
1.28
1.28
1.28
1.27945
1.28
1.28
1.28
1.28
1.28
1.28
1.28
1.28
1.28
1.27958
1.28
1.28
1.28
1.28
1.28
1.28
1.28
1.28
1.28
1.27973
1.28
1.28
1.28
1.28
1.28
1.28
1.28
1.28
1.28
1.27989
1.28
1.28
1.28
1.28
1.28
1.28
1.28
1.28
1.27999
1.27881
1.28
1.28
1.28
1.28
1.28
1.28
1.28
1.28
1.27999
1.27892
1.28
1.28
1.28
1.28
1.28
1.28
1.28
1.28
1.27999
1.27903
1.28
1.28
1.28
1.28
1.28
1.28
1.28
1.28
1.28
1.27915
1.28
1.28
1.28
1.28
1.28
1.28
1.28
1.28
1.28
1.27926
1.28
1.28
1.28
1.28
1.28
1.28
1.28
1.28
1.28
1.27938
1.28
1.28
1.28
1.28
1.28
1.28
1.28
1.28
1.28
1.27951
1.28
1.28
1.28
1.28
1.28
1.28
1.28
1.28
1.28
1.27964
1.28
1.28
1.28
1.28
1.28
1.28
1.28
1.28
1.28
1.27977
1.28
1.28
1.28
1.28
1.28
1.28
1.28
1.28
1.28
1.27992
1.28
1.28
1.28
1.28
1.28
1.28
1.28
1.28
1.27999
1.2789
1.28
1.28
1.28
1.28
1.28
1.28
1.28
1.28
1.27999
1.27901
1.28
1.28
1.28
1.28
1.28
1.28
1.28
1.28
1.28
1.27912
1.28
1.28
1.28
1.28
1.28
1.28
1.28
1.28
1.28
1.27922
1.28
1.28
1.28
1.28
1.28
1.28
1.28
1.28
1.28
1.27934
1.28
1.28
1.28
1.28
1.28
1.28
1.28
1.28
1.28
1.27945
1.28
1.28
1.28
1.28
1.28
1.28
1.28
1.28
1.28
1.27957
1.28
1.28
1.28
1.28
1.28
1.28
1.28
1.28
1.28
1.27969
1.28
1.28
1.28
1.28
1.28
1.28
1.28
1.28
1.28
1.27981
1.28
1.28
1.28
1.28
1.28
1.28
1.28
1.28
1.28
1.27993
1.28
1.28
1.28
1.28
1.28
1.28
1.28
1.28
1.27999
1.27897
1.28
1.28
1.28
1.28
1.28
1.28
1.28
1.28
1.28
1.27907
1.28
1.28
1.28
1.28
1.28
1.28
1.28
1.28
1.28
1.27917
1.28
1.28
1.28
1.28
1.28
1.28
1.28
1.28
1.28
1.27927
1.28
1.28
1.28
1.28
1.28
1.28
1.28
1.28
1.28
1.27938
1.28
1.28
1.28
1.28
1.28
1.28
1.28
1.28
1.28
1.27949
1.28
1.28
1.28
1.28
1.28
1.28
1.28
1.28
1.28
1.2796
1.28
1.28
1.28
1.28
1.28
1.28
1.28
1.28
1.28
1.27971
1.28
1.28
1.28
1.28
1.28
1.28
1.28
1.28
1.28
1.27983
1.28
1.28
1.28
1.28
1.28
1.28
1.28
1.28
1.28
1.27994
1.28
1.28
1.28
1.28
1.28
1.28
1.28
1.28
1.28
1.27896
1.28
1.28
1.28
1.28
1.28
1.28
1.28
1.28
1.28
1.27906
1.28
1.28
1.28
1.28
1.28
1.28
1.28
1.28
1.28
1.27916
1.28
1.28
1.28
1.28
1.28
1.28
1.28
1.28
1.28
1.27926
1.28
1.28
1.28
1.28
1.28
1.28
1.28
1.28
1.28
1.27937
1.28
1.28
1.28
1.28
1.28
1.28
1.28
1.28
1.28
1.27948
1.28
1.28
1.28
1.28
1.28
1.28
1.28
1.28
1.28
1.27959
1.28
1.28
1.28
1.28
1.28
1.28
1.28
1.28
1.28
1.2797
1.28
1.28
1.28
1.28
1.28
1.28
1.28
1.28
1.28
1.27982
1.28
1.28
1.28
1.28
1.28
1.28
1.28
1.28
1.28
1.27994
1.28002
1.28002
1.28002
1.28002
1.28002
1.28002
1.28002
1.28002
1.28002
1.2788
1.28002
1.28001
1.28001
1.28001
1.28002
1.28002
1.28002
1.28002
1.28001
1.27891
1.28002
1.28001
1.28001
1.28001
1.28001
1.28001
1.28001
1.28001
1.28001
1.27903
1.28002
1.28001
1.28001
1.28001
1.28001
1.28001
1.28001
1.28001
1.28
1.27914
1.28002
1.28001
1.28001
1.28001
1.28001
1.28001
1.28
1.28
1.28
1.27927
1.28001
1.28
1.28
1.28
1.28
1.28
1.28
1.28
1.28
1.27939
1.28001
1.28
1.28
1.28
1.28
1.28
1.28
1.28
1.27999
1.27951
1.28001
1.28
1.28
1.28
1.28
1.28
1.28
1.27999
1.27999
1.27964
1.28
1.28
1.28
1.27999
1.27999
1.27999
1.27999
1.27999
1.27999
1.27978
1.27999
1.27999
1.27999
1.27999
1.27999
1.27999
1.27999
1.27999
1.27999
1.27991
1.28029
1.27998
1.27998
1.27997
1.27996
1.27996
1.27995
1.27994
1.27991
1.2783
1.28025
1.27997
1.27996
1.27996
1.27996
1.27995
1.27995
1.27994
1.27992
1.27847
1.28023
1.27997
1.27996
1.27996
1.27996
1.27995
1.27995
1.27994
1.27993
1.27864
1.28021
1.27997
1.27996
1.27996
1.27996
1.27996
1.27995
1.27995
1.27994
1.27881
1.28018
1.27997
1.27996
1.27996
1.27996
1.27996
1.27995
1.27995
1.27994
1.27898
1.28015
1.27997
1.27996
1.27996
1.27996
1.27996
1.27996
1.27995
1.27995
1.27915
1.28012
1.27996
1.27996
1.27996
1.27996
1.27996
1.27996
1.27995
1.27995
1.27933
1.28008
1.27996
1.27996
1.27996
1.27996
1.27996
1.27996
1.27995
1.27995
1.2795
1.28003
1.27996
1.27996
1.27996
1.27996
1.27996
1.27996
1.27995
1.27995
1.27968
1.27994
1.27991
1.27992
1.27992
1.27993
1.27993
1.27994
1.27994
1.27995
1.27986
1.28
1.28
1.28
1.28
1.28
1.28
1.28
1.28
1.28
1.27887
1.28
1.28
1.28
1.28
1.28
1.28
1.28
1.28
1.28
1.27974
1.28
1.28
1.28
1.28
1.28
1.28
1.28
1.28
1.28
1.27988
1.28
1.28
1.28
1.28
1.28
1.28
1.28
1.28
1.28
1.27991
1.28
1.28
1.28
1.28
1.28
1.28
1.28
1.28
1.28
1.27992
1.28
1.28
1.28
1.28
1.28
1.28
1.28
1.28
1.28
1.27992
1.28
1.28
1.28
1.28
1.28
1.28
1.28
1.28
1.28
1.27991
1.28
1.28
1.28
1.28
1.28
1.28
1.28
1.28
1.28
1.27988
1.28
1.28
1.28
1.28
1.28
1.28
1.28
1.28
1.28
1.27973
1.28
1.28
1.28
1.28
1.28
1.28
1.28
1.28
1.28
1.27872
1.28
1.28
1.28
1.28
1.28
1.28
1.28
1.28
1.28
1.27974
1.28
1.28
1.28
1.28
1.28
1.28
1.28
1.28
1.28
1.28002
1.28
1.28
1.28
1.28
1.28
1.28
1.28
1.28
1.28
1.28005
1.28
1.28
1.28
1.28
1.28
1.28
1.28
1.28
1.28
1.28005
1.28
1.28
1.28
1.28
1.28
1.28
1.28
1.28
1.28
1.28005
1.28
1.28
1.28
1.28
1.28
1.28
1.28
1.28
1.28
1.28005
1.28
1.28
1.28
1.28
1.28
1.28
1.28
1.28
1.28
1.28005
1.28
1.28
1.28
1.28
1.28
1.28
1.28
1.28
1.28
1.28005
1.28
1.28
1.28
1.28
1.28
1.28
1.28
1.28
1.28
1.28001
1.28
1.28
1.28
1.28
1.28
1.28
1.28
1.28
1.28
1.27973
1.28
1.28
1.28
1.28
1.28
1.28
1.28
1.28
1.28
1.27988
1.28
1.28
1.28
1.28
1.28
1.28
1.28
1.28
1.28
1.28005
1.28
1.28
1.28
1.28
1.28
1.28
1.28
1.28
1.28
1.28006
1.28
1.28
1.28
1.28
1.28
1.28
1.28
1.28
1.28
1.28006
1.28
1.28
1.28
1.28
1.28
1.28
1.28
1.28
1.28
1.28006
1.28
1.28
1.28
1.28
1.28
1.28
1.28
1.28
1.28
1.28006
1.28
1.28
1.28
1.28
1.28
1.28
1.28
1.28
1.28
1.28006
1.28
1.28
1.28
1.28
1.28
1.28
1.28
1.28
1.28
1.28006
1.28
1.28
1.28
1.28
1.28
1.28
1.28
1.28
1.28
1.28005
1.28
1.28
1.28
1.28
1.28
1.28
1.28
1.28
1.28
1.27988
1.28
1.28
1.28
1.28
1.28
1.28
1.28
1.28
1.28
1.27991
1.28
1.28
1.28
1.28
1.28
1.28
1.28
1.28
1.28
1.28005
1.28
1.28
1.28
1.28
1.28
1.28
1.28
1.28
1.28
1.28006
1.28
1.28
1.28
1.28
1.28
1.28
1.28
1.28
1.28
1.28006
1.28
1.28
1.28
1.28
1.28
1.28
1.28
1.28
1.28
1.28006
1.28
1.28
1.28
1.28
1.28
1.28
1.28
1.28
1.28
1.28006
1.28
1.28
1.28
1.28
1.28
1.28
1.28
1.28
1.28
1.28006
1.28
1.28
1.28
1.28
1.28
1.28
1.28
1.28
1.28
1.28006
1.28
1.28
1.28
1.28
1.28
1.28
1.28
1.28
1.28
1.28005
1.28
1.28
1.28
1.28
1.28
1.28
1.28
1.28
1.28
1.27991
1.28
1.28
1.28
1.28
1.28
1.28
1.28
1.28
1.28
1.27992
1.28
1.28
1.28
1.28
1.28
1.28
1.28
1.28
1.28
1.28005
1.28
1.28
1.28
1.28
1.28
1.28
1.28
1.28
1.28
1.28006
1.28
1.28
1.28
1.28
1.28
1.28
1.28
1.28
1.28
1.28006
1.28
1.28
1.28
1.28
1.28
1.28
1.28
1.28
1.28
1.28006
1.28
1.28
1.28
1.28
1.28
1.28
1.28
1.28
1.28
1.28006
1.28
1.28
1.28
1.28
1.28
1.28
1.28
1.28
1.28
1.28006
1.28
1.28
1.28
1.28
1.28
1.28
1.28
1.28
1.28
1.28006
1.28
1.28
1.28
1.28
1.28
1.28
1.28
1.28
1.28
1.28005
1.28
1.28
1.28
1.28
1.28
1.28
1.28
1.28
1.28
1.27992
1.28
1.28
1.28
1.28
1.28
1.28
1.28
1.28
1.28
1.27992
1.28
1.28
1.28
1.28
1.28
1.28
1.28
1.28
1.28
1.28005
1.28
1.28
1.28
1.28
1.28
1.28
1.28
1.28
1.28
1.28006
1.28
1.28
1.28
1.28
1.28
1.28
1.28
1.28
1.28
1.28006
1.28
1.28
1.28
1.28
1.28
1.28
1.28
1.28
1.28
1.28006
1.28
1.28
1.28
1.28
1.28
1.28
1.28
1.28
1.28
1.28006
1.28
1.28
1.28
1.28
1.28
1.28
1.28
1.28
1.28
1.28006
1.28
1.28
1.28
1.28
1.28
1.28
1.28
1.28
1.28
1.28006
1.28
1.28
1.28
1.28
1.28
1.28
1.28
1.28
1.28
1.28005
1.28
1.28
1.28
1.28
1.28
1.28
1.28
1.28
1.28
1.27992
1.28
1.28
1.28
1.28
1.28
1.28
1.28
1.28
1.28
1.27991
1.28
1.28
1.28
1.28
1.28
1.28
1.28
1.28
1.28
1.28005
1.28
1.28
1.28
1.28
1.28
1.28
1.28
1.28
1.28
1.28006
1.28
1.28
1.28
1.28
1.28
1.28
1.28
1.28
1.28
1.28006
1.28
1.28
1.28
1.28
1.28
1.28
1.28
1.28
1.28
1.28006
1.28
1.28
1.28
1.28
1.28
1.28
1.28
1.28
1.28
1.28006
1.28
1.28
1.28
1.28
1.28
1.28
1.28
1.28
1.28
1.28006
1.28
1.28
1.28
1.28
1.28
1.28
1.28
1.28
1.28
1.28006
1.28
1.28
1.28
1.28
1.28
1.28
1.28
1.28
1.28
1.28005
1.28
1.28
1.28
1.28
1.28
1.28
1.28
1.28
1.28
1.27991
1.28
1.28
1.28
1.28
1.28
1.28
1.28
1.28
1.28
1.27988
1.28
1.28
1.28
1.28
1.28
1.28
1.28
1.28
1.28
1.28005
1.28
1.28
1.28
1.28
1.28
1.28
1.28
1.28
1.28
1.28006
1.28
1.28
1.28
1.28
1.28
1.28
1.28
1.28
1.28
1.28006
1.28
1.28
1.28
1.28
1.28
1.28
1.28
1.28
1.28
1.28006
1.28
1.28
1.28
1.28
1.28
1.28
1.28
1.28
1.28
1.28006
1.28
1.28
1.28
1.28
1.28
1.28
1.28
1.28
1.28
1.28006
1.28
1.28
1.28
1.28
1.28
1.28
1.28
1.28
1.28
1.28006
1.28
1.28
1.28
1.28
1.28
1.28
1.28
1.28
1.28
1.28005
1.28
1.28
1.28
1.28
1.28
1.28
1.28
1.28
1.28
1.27988
1.28
1.28
1.28
1.28
1.28
1.28
1.28
1.28
1.28
1.27973
1.28
1.28
1.28
1.28
1.28
1.28
1.28
1.28
1.28
1.28001
1.28
1.28
1.28
1.28
1.28
1.28
1.28
1.28
1.28
1.28005
1.28
1.28
1.28
1.28
1.28
1.28
1.28
1.28
1.28
1.28005
1.28
1.28
1.28
1.28
1.28
1.28
1.28
1.28
1.28
1.28005
1.28
1.28
1.28
1.28
1.28
1.28
1.28
1.28
1.28
1.28005
1.28
1.28
1.28
1.28
1.28
1.28
1.28
1.28
1.28
1.28005
1.28
1.28
1.28
1.28
1.28
1.28
1.28
1.28
1.28
1.28005
1.28
1.28
1.28
1.28
1.28
1.28
1.28
1.28
1.28
1.28002
1.28
1.28
1.28
1.28
1.28
1.28
1.28
1.28
1.28
1.27974
1.28
1.28
1.28
1.28
1.28
1.28
1.28
1.28
1.28
1.27872
1.28
1.28
1.28
1.28
1.28
1.28
1.28
1.28
1.28
1.27973
1.28
1.28
1.28
1.28
1.28
1.28
1.28
1.28
1.28
1.27988
1.28
1.28
1.28
1.28
1.28
1.28
1.28
1.28
1.28
1.27991
1.28
1.28
1.28
1.28
1.28
1.28
1.28
1.28
1.28
1.27992
1.28
1.28
1.28
1.28
1.28
1.28
1.28
1.28
1.28
1.27992
1.28
1.28
1.28
1.28
1.28
1.28
1.28
1.28
1.28
1.27991
1.28
1.28
1.28
1.28
1.28
1.28
1.28
1.28
1.28
1.27988
1.28
1.28
1.28
1.28
1.28
1.28
1.28
1.28
1.28
1.27974
1.28
1.28
1.28
1.28
1.28
1.28
1.28
1.28
1.28
1.27886
)
;

boundaryField
{
    walls
    {
        type            zeroGradient;
    }
    nozzleExt
    {
        type            zeroGradient;
    }
    nozzleInt
    {
        type            zeroGradient;
    }
    inlet
    {
        type            fixedValue;
        value           uniform 5;
    }
    outlet
    {
        type            zeroGradient;
    }
    defaultFaces
    {
        type            empty;
    }
}


// ************************************************************************* //
