/*--------------------------------*- C++ -*----------------------------------*\
| =========                 |                                                 |
| \\      /  F ield         | OpenFOAM: The Open Source CFD Toolbox           |
|  \\    /   O peration     | Version:  4.1                                   |
|   \\  /    A nd           | Web:      www.OpenFOAM.org                      |
|    \\/     M anipulation  |                                                 |
\*---------------------------------------------------------------------------*/
FoamFile
{
    version     2.0;
    format      ascii;
    class       volScalarField;
    location    "0.86";
    object      p;
}
// * * * * * * * * * * * * * * * * * * * * * * * * * * * * * * * * * * * * * //

dimensions      [1 -1 -2 0 0 0 0];

internalField   nonuniform List<scalar> 
18000
(
1.28
1.28
1.28
1.28
1.28
1.28
1.28
1.28
1.28
1.28
1.28
1.28
1.28
1.28
1.28
1.28
1.28
1.28
1.28
1.28
1.28
1.28
1.28
1.28
1.28
1.28
1.28
1.28
1.28
1.28
1.28
1.28
1.28
1.28
1.28
1.28
1.28
1.28
1.28
1.28
1.28
1.28
1.28
1.28
1.28
1.28
1.28
1.28
1.28
1.28
1.28
1.28
1.28
1.28
1.28
1.28
1.28
1.28
1.28
1.28
1.28
1.28
1.28
1.28
1.28
1.28
1.28
1.28
1.28
1.28
1.28
1.28
1.28
1.28
1.28
1.28
1.28
1.28
1.28
1.28
1.28
1.28
1.28
1.28
1.28
1.28
1.28
1.28
1.28
1.28
1.28001
1.28001
1.28001
1.28001
1.28001
1.28001
1.28001
1.28001
1.28001
1.28001
1.28
1.28
1.28
1.28
1.28
1.28
1.28
1.28
1.28
1.28
1.28
1.28
1.28
1.28
1.28
1.28
1.28
1.28
1.28
1.28
1.28
1.28
1.28
1.28
1.28
1.28
1.28
1.28
1.28
1.28
1.28
1.28
1.28
1.28
1.28
1.28
1.28
1.28
1.28
1.28
1.28
1.28
1.28
1.28
1.28
1.28
1.28
1.28
1.28
1.28
1.28
1.28
1.28
1.28
1.28
1.28
1.28
1.28
1.28
1.28
1.28
1.28
1.28
1.28
1.28
1.28
1.28
1.28
1.28
1.28
1.28
1.28
1.28
1.28
1.28
1.28
1.28
1.28
1.28
1.28
1.28
1.28
1.28
1.28
1.28
1.28
1.28
1.28
1.28
1.28
1.28
1.28
1.28
1.28
1.28
1.28
1.28
1.28
1.28
1.28
1.28
1.28
1.28
1.28
1.28
1.28
1.28
1.28
1.28
1.28
1.28
1.28
1.28
1.28
1.28
1.28
1.28
1.28
1.28
1.28
1.28
1.28
1.28
1.28
1.28
1.28
1.28
1.28
1.28
1.28
1.28
1.28
1.28
1.28
1.28
1.28
1.28
1.28
1.28
1.28
1.28
1.28
1.28
1.28
1.28
1.28
1.28
1.28
1.28
1.28
1.28
1.28
1.28
1.28
1.28
1.28
1.28
1.28
1.28
1.28
1.28
1.28
1.28
1.28
1.28
1.28
1.28
1.28
1.28
1.28
1.28
1.28
1.28
1.28
1.28
1.28
1.28
1.28
1.28
1.28
1.28
1.28
1.28
1.28
1.28
1.28
1.28
1.28
1.28
1.28
1.28
1.28
1.28
1.28
1.28
1.28
1.28
1.28
1.28
1.28
1.28
1.28
1.28
1.28
1.28
1.28
1.28
1.28
1.28
1.28
1.28
1.28
1.28
1.28
1.28
1.28
1.28
1.28
1.28
1.28
1.28
1.28
1.28
1.28
1.28
1.28
1.28
1.28
1.28
1.28
1.28
1.28
1.28
1.28
1.28
1.28
1.28
1.28
1.28
1.28
1.28
1.28
1.28
1.28
1.28
1.28
1.28
1.28
1.28
1.28
1.28
1.28
1.28
1.28
1.28
1.28
1.28
1.28
1.28
1.28
1.28
1.28
1.28
1.28
1.28
1.28
1.28
1.28
1.28
1.28
1.28
1.28
1.28
1.28
1.28
1.28
1.28
1.28
1.28
1.28
1.28
1.28
1.28
1.28
1.28
1.28
1.28
1.28
1.28
1.28
1.28
1.28
1.28
1.28
1.28
1.28
1.28
1.28
1.28
1.28
1.28
1.28
1.28
1.28
1.28
1.28
1.28
1.28
1.28
1.28
1.28
1.28
1.28
1.28
1.28
1.28
1.28
1.28
1.28
1.28
1.28
1.28
1.28
1.28
1.28
1.28
1.28
1.28
1.28
1.28
1.28
1.28
1.28
1.28
1.28
1.28
1.28
1.28
1.28
1.28
1.28
1.28
1.28
1.28
1.28
1.28
1.28
1.28
1.28
1.28
1.28
1.28
1.28
1.28
1.28
1.28
1.28
1.28
1.28
1.28
1.28
1.28
1.28
1.28
1.28
1.28
1.28
1.28
1.28
1.28
1.28
1.28
1.28
1.28
1.28
1.28
1.28
1.28
1.28
1.28
1.28
1.28
1.28
1.28
1.28
1.28
1.28
1.28
1.28
1.28
1.28
1.28
1.28
1.28
1.28
1.28
1.28
1.28
1.28
1.28
1.28
1.28
1.28
1.28
1.28
1.28
1.28
1.28
1.28
1.28
1.28
1.28
1.28
1.28
1.28
1.28
1.28
1.28
1.28
1.28
1.28
1.28
1.28
1.28
1.28
1.28
1.28
1.28
1.28
1.28
1.28
1.28
1.28
1.28
1.28
1.28
1.28
1.28
1.28
1.28
1.28
1.28
1.28
1.28
1.28
1.28
1.28
1.28
1.28
1.28
1.28
1.28
1.28
1.28
1.28
1.28
1.28
1.28
1.28
1.28
1.28
1.28
1.28
1.28
1.28
1.28
1.28
1.28
1.28
1.28
1.28
1.28
1.28
1.28
1.28
1.28
1.28
1.28
1.28
1.28
1.28
1.28
1.28
1.28
1.28
1.28
1.28
1.28
1.28
1.28
1.28
1.28
1.28
1.28
1.28
1.28
1.28
1.28
1.28
1.28
1.28
1.28
1.28
1.28
1.28
1.28
1.28
1.28
1.28
1.28
1.28
1.28
1.28
1.28
1.28
1.28
1.28
1.28
1.28
1.28
1.28
1.28
1.28
1.28
1.28
1.28
1.28
1.28
1.28
1.28
1.28
1.28
1.28
1.28
1.28
1.28
1.28
1.28
1.28
1.28
1.28
1.28
1.28
1.28
1.28
1.28
1.28
1.28
1.28
1.28
1.28
1.28
1.28
1.28
1.28
1.28
1.28
1.28
1.28
1.28
1.28
1.28
1.28
1.28
1.28
1.28
1.28
1.28
1.28
1.28
1.28
1.28
1.28
1.28
1.28
1.28
1.28
1.28
1.28
1.28
1.28
1.28
1.28
1.28
1.28
1.28
1.28
1.28
1.28
1.28
1.28
1.28
1.28
1.28
1.28
1.28
1.28
1.28
1.28
1.28
1.28
1.28
1.28
1.28
1.28
1.28
1.28
1.28
1.28
1.28
1.28
1.28
1.28
1.28
1.28
1.28
1.28
1.28
1.28
1.28
1.28
1.28
1.28
1.28
1.28
1.28
1.28
1.28
1.28
1.28
1.28
1.28
1.28
1.28
1.28
1.28
1.28
1.28
1.28
1.28
1.28
1.28
1.28
1.28
1.28
1.28
1.28
1.28
1.28
1.28
1.28
1.28
1.28
1.28
1.28
1.28
1.28
1.28
1.28
1.28
1.28
1.28
1.28
1.28
1.28
1.28
1.28
1.28
1.28
1.28
1.28
1.28
1.28
1.28
1.28
1.28
1.28
1.28
1.28
1.28
1.28
1.28
1.28
1.28
1.28
1.28
1.28
1.28
1.28
1.28
1.28
1.28
1.28
1.28
1.28
1.28
1.28
1.28
1.28
1.28
1.28
1.28
1.28
1.28
1.28
1.28
1.28
1.28
1.28
1.28
1.28
1.28
1.28
1.28
1.28
1.28
1.28
1.28
1.28
1.28
1.28
1.28
1.28
1.28
1.28
1.28
1.28
1.28
1.28
1.28
1.28
1.28
1.28
1.28
1.28
1.28
1.28
1.28
1.28
1.28
1.28
1.28
1.28
1.28
1.28
1.28
1.28
1.28
1.28
1.28
1.28
1.28
1.28
1.28
1.28
1.28
1.28
1.28
1.28
1.28
1.28
1.28
1.28
1.28
1.28
1.28
1.28
1.28
1.28
1.28
1.28
1.28
1.28
1.28
1.28
1.28
1.28
1.28
1.28
1.28
1.28
1.28
1.28
1.28
1.28
1.28
1.28
1.28
1.28
1.28
1.28
1.28
1.28
1.28
1.28
1.28
1.28
1.28
1.28
1.28
1.28
1.28
1.28
1.28
1.28
1.28
1.28
1.28
1.28
1.28
1.28
1.28
1.28
1.28
1.28
1.28
1.28
1.28
1.28
1.28
1.28
1.28
1.28
1.28
1.28
1.28
1.28
1.28
1.28
1.28
1.28
1.28
1.28
1.28
1.28
1.28
1.28
1.28
1.28
1.28
1.28
1.28
1.28
1.28
1.28
1.28
1.28
1.28
1.28
1.28
1.28
1.28
1.28
1.28
1.28
1.28
1.28
1.28
1.28
1.28
1.28
1.28
1.28
1.28
1.28
1.28
1.28
1.28
1.28
1.28
1.28
1.28
1.28
1.28
1.28
1.28
1.28
1.28
1.28
1.28
1.28
1.28
1.28
1.28
1.28
1.28
1.28
1.28
1.28
1.28
1.28
1.28
1.28
1.28
1.28
1.28
1.28
1.28
1.28
1.28
1.28
1.28
1.28
1.28
1.28
1.28
1.28
1.28
1.28
1.28
1.28
1.28
1.28
1.28
1.28
1.28
1.28
1.28
1.28
1.28
1.28
1.28
1.28
1.28
1.28
1.28
1.28
1.28
1.28
1.28
1.28
1.28
1.28
1.28
1.28
1.28
1.28
1.28
1.28
1.28
1.28
1.28
1.28
1.28
1.28
1.28
1.28
1.28
1.28
1.28
1.28
1.28
1.28
1.28
1.28
1.28
1.28
1.28
1.28
1.28
1.28
1.28
1.28
1.28
1.28
1.28
1.28
1.28
1.28
1.28
1.28
1.28
1.28
1.28
1.28
1.28
1.28
1.28
1.28
1.28
1.28
1.28
1.28
1.28
1.28
1.28
1.28
1.28
1.28
1.28
1.28
1.28
1.28
1.28
1.28
1.28
1.28
1.28
1.28
1.28
1.28
1.28
1.28
1.28
1.28
1.28
1.28
1.28
1.28
1.28
1.28
1.28
1.28
1.28
1.28
1.28
1.28
1.28
1.28
1.28
1.28
1.28
1.28
1.28
1.28
1.28
1.28
1.28
1.28
1.28
1.28
1.28
1.28
1.28
1.28
1.28
1.28
1.28
1.28
1.28
1.28
1.28
1.28
1.28
1.28
1.28
1.28
1.28
1.28
1.28
1.28
1.28
1.28
1.28
1.28
1.28
1.28
1.28
1.28
1.28
1.28
1.28
1.28
1.28
1.28
1.28
1.28
1.28
1.28
1.28
1.28
1.28
1.28
1.28
1.28
1.28
1.28
1.28
1.28
1.28
1.28
1.28
1.28
1.28
1.28
1.28
1.28
1.28
1.28
1.28
1.28
1.28
1.28
1.28
1.28
1.28
1.28
1.28
1.28
1.28
1.28
1.28
1.28
1.28
1.28
1.28
1.28
1.28
1.28
1.28
1.28
1.28
1.28
1.28
1.28
1.28
1.28
1.28
1.28
1.28
1.28
1.28
1.28
1.28
1.28
1.28
1.28
1.28
1.28
1.28
1.28
1.28
1.28
1.28
1.28
1.28
1.28
1.28
1.28
1.28
1.28
1.28
1.28
1.28
1.28
1.28
1.28
1.28
1.28
1.28
1.28
1.28
1.28
1.28
1.28
1.28
1.28
1.28
1.28
1.28
1.28
1.28
1.28
1.28
1.28
1.28
1.28
1.28
1.28
1.28
1.28
1.28
1.28
1.28
1.28
1.28
1.28
1.28
1.28
1.28
1.28
1.28
1.28
1.28
1.28
1.28
1.28
1.28
1.28
1.28
1.28
1.28
1.28
1.28
1.28
1.28
1.28
1.28
1.28
1.28
1.28
1.28
1.28
1.28
1.28
1.28
1.28
1.28
1.28
1.28
1.28
1.28
1.28
1.28
1.28
1.28
1.28
1.28
1.28
1.28
1.28
1.28
1.28
1.28
1.28
1.28
1.28
1.28
1.28
1.28
1.28
1.28
1.28
1.28
1.28
1.28
1.28
1.28
1.28
1.28
1.28
1.28
1.28
1.28
1.28
1.28
1.28
1.28
1.28
1.28
1.28
1.28
1.28
1.28
1.28
1.28
1.28
1.28
1.28
1.28
1.28
1.28
1.28
1.28
1.28
1.28
1.28
1.28
1.28
1.28
1.28
1.28
1.28
1.28
1.28
1.28
1.28
1.28
1.28
1.28
1.28
1.28
1.28
1.28
1.28
1.28
1.28
1.28
1.28
1.28
1.28
1.28
1.28
1.28
1.28
1.28
1.28
1.28
1.28
1.28
1.28
1.28
1.28
1.28
1.28
1.28
1.28
1.28
1.28
1.28
1.28
1.28
1.28
1.28
1.28
1.28
1.28
1.28
1.28
1.28
1.28
1.28
1.28
1.28
1.28
1.28
1.28
1.28
1.28
1.28
1.28
1.28
1.28
1.28
1.28
1.28
1.28
1.28
1.28
1.28
1.28
1.28
1.28
1.28
1.28
1.28
1.28
1.28
1.28
1.28
1.28
1.28
1.28
1.28
1.28
1.28
1.28
1.28
1.28
1.28
1.28
1.28
1.28
1.28
1.28
1.28
1.28
1.28
1.28
1.28
1.28
1.28
1.28
1.28
1.28
1.28
1.28
1.28
1.28
1.28
1.28
1.28
1.28
1.28
1.28
1.28
1.28
1.28
1.28
1.28
1.28
1.28
1.28
1.28
1.28
1.28
1.28
1.28
1.28
1.28
1.28
1.28
1.28
1.28
1.28
1.28
1.28
1.28
1.28
1.28
1.28
1.28
1.28
1.28
1.28
1.28
1.28
1.28
1.28
1.28
1.28
1.28
1.28
1.28
1.28
1.28
1.28
1.28
1.28
1.28
1.28
1.28
1.28
1.28
1.28
1.28
1.28
1.28
1.28
1.28
1.28
1.28
1.28
1.28
1.28
1.28
1.28
1.28
1.28
1.28
1.28
1.28
1.28
1.28
1.28
1.28
1.28
1.28
1.28
1.28
1.28
1.28
1.28
1.28
1.28
1.28
1.28
1.28
1.28
1.28
1.28
1.28
1.28
1.28
1.28
1.28
1.28
1.28
1.28
1.28
1.28
1.28
1.28
1.28
1.28
1.28
1.28
1.28
1.28
1.28
1.28
1.28
1.28
1.28
1.28
1.28
1.28
1.28
1.28
1.28
1.28
1.28
1.28
1.28
1.28
1.28
1.28
1.28
1.28
1.28
1.28
1.28
1.28
1.28
1.28
1.28
1.28
1.28
1.28
1.28
1.28
1.28
1.28
1.28
1.28
1.28
1.28
1.28
1.28
1.28
1.28
1.28
1.28
1.28
1.28
1.28
1.28
1.28
1.28
1.28
1.28
1.28
1.28
1.28
1.28
1.28
1.28
1.28
1.28
1.28
1.28
1.28
1.28
1.28
1.28
1.28
1.28
1.28
1.28
1.28
1.28
1.28
1.28
1.28
1.28
1.28
1.28
1.28
1.28
1.28
1.28
1.28
1.28
1.28
1.28
1.28
1.28
1.28
1.28
1.28
1.28
1.28
1.28
1.28
1.28
1.28
1.28
1.28
1.28
1.28
1.28
1.28
1.28
1.28
1.28
1.28
1.28
1.28
1.28
1.28
1.28
1.28
1.28
1.28
1.28
1.28
1.28
1.28
1.28
1.28
1.28
1.28
1.28
1.28
1.28
1.28
1.28
1.28
1.28
1.28
1.28
1.28
1.28
1.28
1.28
1.28
1.28
1.28
1.28
1.28
1.28
1.28
1.28
1.28
1.28
1.28
1.28
1.28
1.28
1.28
1.28
1.28
1.28
1.28
1.28
1.28
1.28
1.28
1.28
1.28
1.28
1.28
1.28
1.28
1.28
1.28
1.28
1.28
1.28
1.28
1.28
1.28
1.28
1.28
1.28
1.28
1.28
1.28
1.28
1.28
1.28
1.28
1.28
1.28
1.28
1.28
1.28
1.28
1.28
1.28
1.28
1.28
1.28
1.28
1.28
1.28
1.28
1.28
1.28
1.28
1.28001
1.28
1.28
1.28
1.28
1.28
1.28
1.28
1.28
1.28
1.28
1.28
1.28
1.28
1.28
1.28
1.28
1.28
1.28
1.28
1.28
1.28
1.28
1.28
1.28
1.28
1.28
1.28
1.28
1.28
1.28
1.28
1.28
1.28
1.28
1.28
1.28
1.28
1.28
1.28
1.28
1.28
1.28
1.28
1.28
1.28
1.28
1.28
1.28
1.28
1.28
1.28
1.28
1.28
1.28
1.28
1.28
1.28
1.28
1.28
1.28
1.28
1.28
1.28
1.28
1.28
1.28
1.28
1.28
1.28
1.28
1.28
1.28
1.28
1.28
1.28
1.28
1.28
1.28
1.28
1.28
1.28
1.28
1.28
1.28
1.28
1.28
1.28
1.28
1.28
1.28
1.28
1.28
1.28
1.28
1.28
1.28
1.28
1.28
1.28
1.28001
1.28
1.28
1.28
1.28
1.28
1.28
1.28
1.28
1.28
1.28
1.28
1.28
1.28
1.28
1.28
1.28
1.28
1.28
1.28
1.28
1.28
1.28
1.28
1.28
1.28
1.28
1.28
1.28
1.28
1.28
1.28
1.28
1.28
1.28
1.28
1.28
1.28
1.28
1.28
1.28
1.28
1.28
1.28
1.28
1.28
1.28
1.28
1.28
1.28
1.28
1.28
1.28
1.28
1.28
1.28
1.28
1.28
1.28
1.28
1.28
1.28
1.28
1.28
1.28
1.28
1.28
1.28
1.28
1.28
1.28
1.28
1.28
1.28
1.28
1.28
1.28
1.28
1.28
1.28
1.28
1.28
1.28
1.28
1.28
1.28
1.28
1.28
1.28
1.28
1.28
1.28
1.28
1.28
1.28
1.28
1.28
1.28
1.28
1.28
1.28001
1.28
1.28
1.28
1.28
1.28
1.28
1.28
1.28
1.28
1.28
1.28
1.28
1.28
1.28
1.28
1.28
1.28
1.28
1.28
1.28
1.28
1.28
1.28
1.28
1.28
1.28
1.28
1.28
1.28
1.28
1.28
1.28
1.28
1.28
1.28
1.28
1.28
1.28
1.28
1.28
1.28
1.28
1.28
1.28
1.28
1.28
1.28
1.28
1.28
1.28
1.28
1.28
1.28
1.28
1.28
1.28
1.28
1.28
1.28
1.28
1.28
1.28
1.28
1.28
1.28
1.28
1.28
1.28
1.28
1.28
1.28
1.28
1.28
1.28
1.28
1.28
1.28
1.28
1.28
1.28
1.28
1.28
1.28
1.28
1.28
1.28
1.28
1.28
1.28
1.28
1.28
1.28
1.28
1.28
1.28
1.28
1.28
1.28
1.28
1.28001
1.28
1.28
1.28
1.28
1.28
1.28
1.28
1.28
1.28
1.28
1.28
1.28
1.28
1.28
1.28
1.28
1.28
1.28
1.28
1.28
1.28
1.28
1.28
1.28
1.28
1.28
1.28
1.28
1.28
1.28
1.28
1.28
1.28
1.28
1.28
1.28
1.28
1.28
1.28
1.28
1.28
1.28
1.28
1.28
1.28
1.28
1.28
1.28
1.28
1.28
1.28
1.28
1.28
1.28
1.28
1.28
1.28
1.28
1.28
1.28
1.28
1.28
1.28
1.28
1.28
1.28
1.28
1.28
1.28
1.28
1.28
1.28
1.28
1.28
1.28
1.28
1.28
1.28
1.28
1.28
1.28
1.28
1.28
1.28
1.28
1.28
1.28
1.28
1.28
1.28
1.28
1.28
1.28
1.28
1.28
1.28
1.28
1.28
1.28
1.28001
1.28
1.28
1.28
1.28
1.28
1.28
1.28
1.28
1.28
1.28
1.28
1.28
1.28
1.28
1.28
1.28
1.28
1.28
1.28
1.28
1.28
1.28
1.28
1.28
1.28
1.28
1.28
1.28
1.28
1.28
1.28
1.28
1.28
1.28
1.28
1.28
1.28
1.28
1.28
1.28
1.28
1.28
1.28
1.28
1.28
1.28
1.28
1.28
1.28
1.28
1.28
1.28
1.28
1.28
1.28
1.28
1.28
1.28
1.28
1.28
1.28
1.28
1.28
1.28
1.28
1.28
1.28
1.28
1.28
1.28
1.28
1.28
1.28
1.28
1.28
1.28
1.28
1.28
1.28
1.28
1.28
1.28
1.28
1.28
1.28
1.28
1.28
1.28
1.28
1.28
1.28
1.28
1.28
1.28
1.28
1.28
1.28
1.28
1.28
1.28001
1.28
1.28
1.28
1.28
1.28
1.28
1.28
1.28
1.28
1.28
1.28
1.28
1.28
1.28
1.28
1.28
1.28
1.28
1.28
1.28
1.28
1.28
1.28
1.28
1.28
1.28
1.28
1.28
1.28
1.28
1.28
1.28
1.28
1.28
1.28
1.28
1.28
1.28
1.28
1.28
1.28
1.28
1.28
1.28
1.28
1.28
1.28
1.28
1.28
1.28
1.28
1.28
1.28
1.28
1.28
1.28
1.28
1.28
1.28
1.28
1.28
1.28
1.28
1.28
1.28
1.28
1.28
1.28
1.28
1.28
1.28
1.28
1.28
1.28
1.28
1.28
1.28
1.28
1.28
1.28
1.28
1.28
1.28
1.28
1.28
1.28
1.28
1.28
1.28
1.28
1.28
1.28
1.28
1.28
1.28
1.28
1.28
1.28
1.28
1.28
1.28
1.28
1.28
1.28
1.28
1.28
1.28
1.28
1.28
1.28
1.28
1.28
1.28
1.28
1.28
1.28
1.28
1.28
1.28
1.28
1.28
1.28
1.28
1.28
1.28
1.28
1.28
1.28
1.28
1.28
1.28
1.28
1.28
1.28
1.28
1.28
1.28
1.28
1.28
1.28
1.28
1.28
1.28
1.28
1.28
1.28
1.28
1.28
1.28
1.28
1.28
1.28
1.28
1.28
1.28
1.28
1.28
1.28
1.28
1.28
1.28
1.28
1.28
1.28
1.28
1.28
1.28
1.28
1.28
1.28
1.28
1.28
1.28
1.28
1.28
1.28
1.28
1.28
1.28
1.28
1.28
1.28
1.28
1.28
1.28
1.28
1.28
1.28
1.28
1.28
1.28
1.28
1.28
1.28
1.28
1.28
1.28
1.28
1.28
1.28
1.28
1.28
1.28
1.28
1.28
1.28
1.28
1.28
1.28
1.28
1.28
1.28
1.28
1.28
1.28
1.28
1.28
1.28
1.28
1.28
1.28
1.28
1.28
1.28
1.28
1.28
1.28
1.28
1.28
1.28
1.28
1.28
1.28
1.28
1.28
1.28
1.28
1.28
1.28
1.28
1.28
1.28
1.28
1.28
1.28
1.28
1.28
1.28
1.28
1.28
1.28
1.28
1.28
1.28
1.28
1.28
1.28
1.28
1.28
1.28
1.28
1.28
1.28
1.28
1.28
1.28
1.28
1.28
1.28
1.28
1.28
1.28
1.28
1.28
1.28
1.28
1.28
1.28
1.28
1.28
1.28
1.28
1.28
1.28
1.28
1.28
1.28
1.28
1.28
1.28
1.28
1.28
1.28
1.28
1.28
1.28
1.28
1.28
1.28
1.28
1.28
1.28
1.28
1.28
1.28
1.28
1.28
1.28
1.28
1.28
1.28
1.28
1.28
1.28
1.28
1.28
1.28
1.28
1.28
1.28
1.28
1.28
1.28
1.28
1.28
1.28
1.28
1.28
1.28
1.28
1.28
1.28
1.28
1.28
1.28
1.28
1.28
1.28
1.28
1.28
1.28
1.28
1.28
1.28
1.28
1.28
1.28
1.28
1.28
1.28
1.28
1.28
1.28
1.28
1.28
1.28
1.28
1.28
1.28
1.28
1.28
1.28
1.28
1.28
1.28
1.28
1.28
1.28
1.28
1.28
1.28
1.28
1.28
1.28
1.28
1.28
1.28
1.28
1.28
1.28
1.28
1.28
1.28
1.28
1.28
1.28
1.28
1.28
1.28
1.28
1.28
1.28
1.28
1.28
1.28
1.28
1.28
1.28
1.28
1.28
1.28
1.28
1.28
1.28
1.28
1.28
1.28
1.28
1.28
1.28
1.28
1.28
1.28
1.28
1.28
1.28
1.28
1.28
1.28
1.28
1.28
1.28
1.28
1.28
1.28
1.28
1.28
1.28
1.28
1.28
1.28
1.28
1.28
1.28
1.28
1.28
1.28
1.28
1.28
1.28
1.28
1.28
1.28
1.28
1.28
1.28
1.28
1.28
1.28
1.28
1.28
1.28
1.28
1.28
1.28
1.28
1.28
1.28
1.28
1.28
1.28
1.28
1.28
1.28
1.28
1.28
1.28
1.28
1.28
1.28
1.28
1.28
1.28
1.28
1.28
1.28
1.28
1.28
1.28
1.28
1.28
1.28
1.28
1.28
1.28
1.28
1.28
1.28
1.28
1.28
1.28
1.28
1.28
1.28
1.28
1.28
1.28
1.28
1.28
1.28
1.28
1.28
1.28
1.28
1.28
1.28
1.28
1.28
1.28
1.28
1.28
1.28
1.28
1.28
1.28
1.28
1.28
1.28
1.28
1.28
1.28
1.28
1.28
1.28
1.28
1.28
1.28
1.28
1.28
1.28
1.28
1.28
1.28
1.28
1.28
1.28
1.28
1.28
1.28
1.28
1.28
1.28
1.28
1.28
1.28
1.28
1.28
1.28
1.28
1.28
1.28
1.28
1.28
1.28
1.28
1.28
1.28
1.28
1.28
1.28
1.28
1.28
1.28
1.28
1.28
1.28
1.28
1.28
1.28
1.28
1.28
1.28
1.28
1.28
1.28
1.28
1.28
1.28
1.28
1.28
1.28
1.28
1.28
1.28
1.28
1.28
1.28
1.28
1.28
1.28
1.28
1.28
1.28
1.28
1.28
1.28
1.28
1.28
1.28
1.28
1.28
1.28
1.28
1.28
1.28
1.28
1.28
1.28
1.28
1.28
1.28
1.28
1.28
1.28
1.28
1.28
1.28
1.28
1.28
1.28
1.28
1.28
1.28
1.28
1.28
1.28
1.28
1.28
1.28
1.28
1.28
1.28
1.28
1.28
1.28
1.28
1.28
1.28
1.28
1.28
1.28
1.28
1.28
1.28
1.28
1.28
1.28
1.28
1.28
1.28
1.28
1.28
1.28
1.28
1.28
1.28
1.28
1.28
1.28
1.28
1.28
1.28
1.28
1.28
1.28
1.28
1.28
1.28
1.28
1.28
1.28
1.28
1.28
1.28
1.28
1.28
1.28
1.28
1.28
1.28
1.28
1.28
1.28
1.28
1.28
1.28
1.28
1.28
1.28
1.28
1.28
1.28
1.28
1.28
1.28
1.28
1.28
1.28
1.28
1.28
1.28
1.28
1.28
1.28
1.28
1.28
1.28
1.28
1.28
1.28
1.28
1.28
1.28
1.28
1.28
1.28
1.28
1.28
1.28
1.28
1.28
1.28
1.28
1.28
1.28
1.28
1.28
1.28
1.28
1.28
1.28
1.28
1.28
1.28
1.28
1.28
1.28
1.28
1.28
1.28
1.28
1.28
1.28
1.28
1.28
1.28
1.28
1.28
1.28
1.28
1.28
1.28
1.28
1.28
1.28
1.28
1.28
1.28
1.28
1.28
1.28
1.28
1.28
1.28
1.28
1.28
1.28
1.28
1.28
1.28
1.28
1.28
1.28
1.28
1.28
1.28
1.28
1.28
1.28
1.28
1.28
1.28
1.28
1.28
1.28
1.28
1.28
1.28
1.28
1.28
1.28
1.28
1.28
1.28
1.28
1.28
1.28
1.28
1.28
1.28
1.28
1.28
1.28
1.28
1.28
1.28
1.28
1.28
1.28
1.28
1.28
1.28
1.28
1.28
1.28
1.28
1.28
1.28
1.28
1.28
1.28
1.28
1.28
1.28
1.28
1.28
1.28
1.28
1.28
1.28
1.28
1.28
1.28
1.28
1.28
1.28
1.28
1.28
1.28
1.28
1.28
1.28
1.28
1.28
1.28
1.28
1.28
1.28
1.28
1.28
1.28
1.28
1.28
1.28
1.28
1.28
1.28
1.28
1.28
1.28
1.28
1.28
1.28
1.28
1.28
1.28
1.28
1.28
1.28
1.28
1.28
1.28
1.28
1.28
1.28
1.28
1.28
1.28
1.28
1.28
1.28
1.28
1.28
1.28
1.28
1.28
1.28
1.28
1.28
1.28
1.28
1.28
1.28
1.28
1.28
1.28
1.28
1.28
1.28
1.28
1.28
1.28
1.28
1.28
1.28
1.28
1.28
1.28
1.28
1.28
1.28
1.28
1.28
1.28
1.28
1.28
1.28
1.28
1.28
1.28
1.28
1.28
1.28
1.28
1.28
1.28
1.28
1.28
1.28
1.28
1.28
1.28
1.28
1.28
1.28
1.28
1.28
1.28
1.28
1.28
1.28
1.28
1.28
1.28
1.28
1.28
1.28
1.28
1.28
1.28
1.28
1.28
1.28
1.28
1.28
1.28
1.28
1.28
1.28
1.28
1.28
1.28
1.28
1.28
1.28
1.28
1.28
1.28
1.28
1.28
1.28
1.28
1.28
1.28
1.28
1.28
1.28
1.28
1.28
1.28
1.28
1.28
1.28
1.28
1.28
1.28
1.28
1.28
1.28
1.28
1.28
1.28
1.28
1.28
1.28
1.28
1.28
1.28
1.28
1.28
1.28
1.28
1.28
1.28
1.28
1.28
1.28
1.28
1.28
1.28
1.28
1.28
1.28
1.28
1.28
1.28
1.28
1.28
1.28
1.28
1.28
1.28
1.28
1.28
1.28
1.28
1.28
1.28
1.28
1.28
1.28
1.28
1.28
1.28
1.28
1.28
1.28
1.28
1.28
1.28
1.28
1.28
1.28
1.28
1.28
1.28
1.28
1.28
1.28
1.28
1.28
1.28
1.28
1.28
1.28
1.28
1.28
1.28
1.28
1.28
1.28
1.28
1.28
1.28
1.28
1.28
1.28
1.28
1.28
1.28
1.28
1.28
1.28
1.28
1.28
1.28
1.28
1.28
1.28
1.28
1.28
1.28
1.28
1.28
1.28
1.28
1.28
1.28
1.28
1.28
1.28
1.28
1.28
1.28
1.28
1.28
1.28
1.28
1.28
1.28
1.28
1.28
1.28
1.28
1.28
1.28
1.28
1.28
1.28
1.28
1.28
1.28
1.28
1.28
1.28
1.28
1.28
1.28
1.28
1.28
1.28
1.28
1.28
1.28
1.28
1.28
1.28
1.28
1.28
1.28
1.28
1.28
1.28
1.28
1.28
1.28
1.28
1.28
1.28
1.28
1.28
1.28
1.28
1.28
1.28
1.28
1.28
1.28
1.28
1.28
1.28
1.28
1.28
1.28
1.28
1.28
1.28
1.28
1.28
1.28
1.28
1.28
1.28
1.28
1.28
1.28
1.28
1.28
1.28
1.28
1.28
1.28
1.28
1.28
1.28
1.28
1.28
1.28
1.28
1.28
1.28
1.28
1.28
1.28
1.28
1.28
1.28
1.28
1.28
1.28
1.28
1.28
1.28
1.28
1.28
1.28
1.28
1.28
1.28
1.28
1.28
1.28
1.28
1.28
1.28
1.28
1.28
1.28
1.28
1.28
1.28
1.28
1.28
1.28
1.28
1.28
1.28
1.28
1.28
1.28
1.28
1.28
1.28
1.28
1.28
1.28
1.28
1.28
1.28
1.28
1.28
1.28
1.28
1.28
1.28
1.28
1.28
1.28
1.28
1.28
1.28
1.28
1.28
1.28
1.28
1.28
1.28
1.28
1.28
1.28
1.28
1.28
1.28
1.28
1.28
1.28
1.28
1.28
1.28
1.28
1.28
1.28
1.28
1.28
1.28
1.28
1.28
1.28
1.28
1.28
1.28
1.28
1.28
1.28
1.28
1.28
1.28
1.28
1.28
1.28
1.28
1.28
1.28
1.28
1.28
1.28
1.28
1.28
1.28
1.28
1.28
1.28
1.28
1.28
1.28
1.28
1.28
1.28
1.28
1.28
1.28
1.28
1.28
1.28
1.28
1.28
1.28
1.28
1.28
1.28
1.28
1.28
1.28
1.28
1.28
1.28
1.28
1.28
1.28
1.28
1.28
1.28
1.28
1.28
1.28
1.28
1.28
1.28
1.28
1.28
1.28
1.28
1.28
1.28
1.28
1.28
1.28
1.28
1.28
1.28
1.28
1.28
1.28
1.28
1.28
1.28
1.28
1.28
1.28
1.28
1.28
1.28
1.28
1.28
1.28
1.28
1.28
1.28
1.28
1.28
1.28
1.28
1.28
1.28
1.28
1.28
1.28
1.28
1.28
1.28
1.28
1.28
1.28
1.28
1.28
1.28
1.28
1.28
1.28
1.28
1.28
1.28
1.28
1.28
1.28
1.28
1.28
1.28
1.28
1.28
1.28
1.28
1.28
1.28
1.28
1.28
1.28
1.28
1.28
1.28
1.28
1.28
1.28
1.28
1.28
1.28
1.28
1.28
1.28
1.28
1.28
1.28
1.28
1.28
1.28
1.28
1.28
1.28
1.28
1.28
1.28
1.28
1.28
1.28
1.28
1.28
1.28
1.28
1.28
1.28
1.28
1.28
1.28
1.28
1.28
1.28
1.28
1.28
1.28
1.28
1.28
1.28
1.28
1.28
1.28
1.28
1.28
1.28
1.28
1.28
1.28
1.28
1.28
1.28
1.28
1.28
1.28
1.28
1.28
1.28
1.28
1.28
1.28
1.28
1.28
1.28
1.28
1.28
1.28
1.28
1.28
1.28
1.28
1.28
1.28
1.28
1.28
1.28
1.28
1.28
1.28
1.28
1.28
1.28
1.28
1.28
1.28
1.28
1.28
1.28
1.28
1.28
1.28
1.28
1.28
1.28
1.28
1.28
1.28
1.28
1.28
1.28
1.28
1.28
1.28
1.28
1.28
1.28
1.28
1.28
1.28
1.28
1.28
1.28
1.28
1.28
1.28
1.28
1.28
1.28
1.28
1.28
1.28
1.28
1.28
1.28
1.28
1.28
1.28
1.28
1.28
1.28
1.28
1.28
1.28
1.28
1.28
1.28
1.28
1.28
1.28
1.28
1.28
1.28
1.28
1.28
1.28
1.28
1.28
1.28
1.28
1.28
1.28
1.28
1.28
1.28
1.28
1.28
1.28
1.28
1.28
1.28
1.28
1.28
1.28
1.28
1.28
1.28
1.28
1.28
1.28
1.28
1.28
1.28
1.28
1.28
1.28
1.28
1.28
1.28
1.28
1.28
1.28
1.28
1.28
1.28
1.28
1.28
1.28
1.28
1.28
1.28
1.28
1.28
1.28
1.28
1.28
1.28
1.28
1.28
1.28
1.28
1.28
1.28
1.28
1.28
1.28
1.28
1.28
1.28
1.28
1.28
1.28
1.28
1.28
1.28
1.28
1.28
1.28
1.28
1.28
1.28
1.28
1.28
1.28
1.28
1.28
1.28
1.28
1.28
1.28
1.28
1.28
1.28
1.28
1.28
1.28
1.28
1.28
1.28
1.28
1.28
1.28
1.28
1.28
1.28
1.28
1.28
1.28
1.28
1.28
1.28
1.28
1.28
1.28
1.28
1.28
1.28
1.28
1.28
1.28
1.28
1.28
1.28
1.28
1.28
1.28
1.28
1.28
1.28
1.28
1.28
1.28
1.28
1.28
1.28
1.28
1.28
1.28
1.28
1.28
1.28
1.28
1.28
1.28
1.28
1.28
1.28
1.28
1.28
1.28
1.28
1.28
1.28
1.28
1.28
1.28
1.28
1.28
1.28001
1.28001
1.28001
1.28001
1.28001
1.28001
1.28001
1.28001
1.28001
1.28001
1.28
1.28
1.28
1.28
1.28
1.28
1.28
1.28
1.28
1.28
1.28
1.28
1.28
1.28
1.28
1.28
1.28
1.28
1.28
1.28
1.28
1.28
1.28
1.28
1.28
1.28
1.28
1.28
1.28
1.28
1.28
1.28
1.28
1.28
1.28
1.28
1.28
1.28
1.28
1.28
1.28
1.28
1.28
1.28
1.28
1.28
1.28
1.28
1.28
1.28
1.28
1.28
1.28
1.28
1.28
1.28
1.28
1.28
1.28
1.28
1.28
1.28
1.28
1.28
1.28
1.28
1.28
1.28
1.28
1.28
1.28
1.28
1.28
1.28
1.28
1.28
1.28
1.28
1.28
1.28
1.28
1.28
1.28
1.28
1.28
1.28
1.28
1.28
1.28
1.28
1.28001
1.28001
1.28001
1.28001
1.28001
1.28001
1.28001
1.28001
1.28001
1.28001
1.28
1.28
1.28
1.28
1.28
1.28
1.28
1.28
1.28
1.28
1.28
1.28
1.28
1.28
1.28
1.28
1.28
1.28
1.28
1.28
1.28
1.28
1.28
1.28
1.28
1.28
1.28
1.28
1.28
1.28
1.28
1.28
1.28
1.28
1.28
1.28
1.28
1.28
1.28
1.28
1.28
1.28
1.28
1.28
1.28
1.28
1.28
1.28
1.28
1.28
1.28
1.28
1.28
1.28
1.28
1.28
1.28
1.28
1.28
1.28
1.28
1.28
1.28
1.28
1.28
1.28
1.28
1.28
1.28
1.28
1.28
1.28
1.28
1.28
1.28
1.28
1.28
1.28
1.28
1.28
1.28
1.28
1.28
1.28
1.28
1.28
1.28
1.28
1.28
1.28
1.28
1.28
1.28
1.28
1.28
1.28
1.28
1.28
1.28
1.28
1.28
1.28
1.28
1.28
1.28
1.28
1.28
1.28
1.28
1.28
1.28
1.28
1.28
1.28
1.28
1.28
1.28
1.28
1.28
1.28
1.28
1.28
1.28
1.28
1.28
1.28
1.28
1.28
1.28
1.28
1.28
1.28
1.28
1.28
1.28
1.28
1.28
1.28
1.28
1.28
1.28
1.28
1.28
1.28
1.28
1.28
1.28
1.28
1.28
1.28
1.28
1.28
1.28
1.28
1.28
1.28
1.28
1.28
1.28
1.28
1.28
1.28
1.28
1.28
1.28
1.28
1.28
1.28
1.28
1.28
1.28
1.28
1.28
1.28
1.28
1.28
1.28
1.28
1.28
1.28
1.28
1.28
1.28
1.28
1.28
1.28
1.28
1.28
1.28
1.28
1.28
1.28
1.28
1.28
1.28
1.28
1.28
1.28
1.28
1.28
1.28
1.28
1.28
1.28
1.28
1.28
1.28
1.28
1.28
1.28
1.28
1.28
1.28
1.28
1.28
1.28
1.28
1.28
1.28
1.28
1.28
1.28
1.28
1.28
1.28
1.28
1.28
1.28
1.28
1.28
1.28
1.28
1.28
1.28
1.28
1.28
1.28
1.28
1.28
1.28
1.28
1.28
1.28
1.28
1.28
1.28
1.28
1.28
1.28
1.28
1.28
1.28
1.28
1.28
1.28
1.28
1.28
1.28
1.28
1.28
1.28
1.28
1.28
1.28
1.28
1.28
1.28
1.28
1.28
1.28
1.28
1.28
1.28
1.28
1.28
1.28
1.28
1.28
1.28
1.28
1.28
1.28
1.28
1.28
1.28
1.28
1.28
1.28
1.28
1.28
1.28
1.28
1.28
1.28
1.28
1.28
1.28
1.28
1.28
1.28
1.28
1.28
1.28
1.28
1.28
1.28
1.28
1.28
1.28
1.28
1.28
1.28
1.28
1.28
1.28
1.28
1.28
1.28
1.28
1.28
1.28
1.28
1.28
1.28
1.28
1.28
1.28
1.28
1.28
1.28
1.28
1.28
1.28
1.28
1.28
1.28
1.28
1.28
1.28
1.28
1.28
1.28
1.28
1.28
1.28
1.28
1.28
1.28
1.28
1.28
1.28
1.28
1.28
1.28
1.28
1.28
1.28
1.28
1.28
1.28
1.28
1.28
1.28
1.28
1.28
1.28
1.28
1.28
1.28
1.28
1.28
1.28
1.28
1.28
1.28
1.28
1.28
1.28
1.28
1.28
1.28
1.28
1.28
1.28
1.28
1.28
1.28
1.28
1.28
1.28
1.28
1.28
1.28
1.28
1.28
1.28
1.28
1.28
1.28
1.28
1.28
1.28
1.28
1.28
1.28
1.28
1.28
1.28
1.28
1.28
1.28
1.28
1.28
1.28
1.28
1.28
1.28
1.28
1.28
1.28
1.28
1.28
1.28
1.28
1.28
1.28
1.28
1.28
1.28
1.28
1.28
1.28
1.28
1.28
1.28
1.28
1.28
1.28
1.28
1.28
1.28
1.28
1.28
1.28
1.28
1.28
1.28
1.28
1.28
1.28
1.28
1.28
1.28
1.28
1.28
1.28
1.28
1.28
1.28
1.28
1.28
1.28
1.28
1.28
1.28
1.28
1.28
1.28
1.28
1.28
1.28
1.28
1.28
1.28
1.28
1.28
1.28
1.28
1.28
1.28
1.28
1.28
1.28
1.28
1.28
1.28
1.28
1.28
1.28
1.28
1.28
1.28
1.28
1.28
1.28
1.28
1.28
1.28
1.28
1.28
1.28
1.28
1.28
1.28
1.28
1.28
1.28
1.28
1.28
1.28
1.28
1.28
1.28
1.28
1.28
1.28
1.28
1.28
1.28
1.28
1.28
1.28
1.28
1.28
1.28
1.28
1.28
1.28
1.28
1.28
1.28
1.28
1.28
1.28
1.28
1.28
1.28
1.28
1.28
1.28
1.28
1.28
1.28
1.28
1.28
1.28
1.28
1.28
1.28
1.28
1.28
1.28
1.28
1.28
1.28
1.28
1.28
1.28
1.28
1.28
1.28
1.28
1.28
1.28
1.28
1.28
1.28
1.28
1.28
1.28
1.28
1.28
1.28
1.28
1.28
1.28
1.28
1.28
1.28
1.28
1.28
1.28
1.28
1.28
1.28
1.28
1.28
1.28
1.28
1.28
1.28
1.28
1.28
1.28
1.28
1.28
1.28
1.28
1.28
1.28
1.28
1.28
1.28
1.28
1.28
1.28
1.28
1.28
1.28
1.28
1.28
1.28
1.28
1.28
1.28
1.28
1.28
1.28
1.28
1.28
1.28
1.28
1.28
1.28
1.28
1.28
1.28
1.28
1.28
1.28
1.28
1.28
1.28
1.28
1.28
1.28
1.28
1.28
1.28
1.28
1.28
1.28
1.28
1.28
1.28
1.28
1.28
1.28
1.28
1.28
1.28
1.28
1.28
1.28
1.28
1.28
1.28
1.28
1.28
1.28
1.28
1.28
1.28
1.28
1.28
1.28
1.28
1.28
1.28
1.28
1.28
1.28
1.28
1.28
1.28
1.28
1.28
1.28
1.28
1.28
1.28
1.28
1.28
1.28
1.28
1.28
1.28
1.28
1.28
1.28
1.28
1.28
1.28
1.28
1.28
1.28
1.28
1.28
1.28
1.28
1.28
1.28
1.28
1.28
1.28
1.28
1.28
1.28
1.28
1.28
1.28
1.28
1.28
1.28
1.28
1.28
1.28
1.28
1.28
1.28
1.28
1.28
1.28
1.28
1.28
1.28
1.28
1.28
1.28
1.28
1.28
1.28
1.28
1.28
1.28
1.28
1.28
1.28
1.28
1.28
1.28
1.28
1.28
1.28
1.28
1.28
1.28
1.28
1.28
1.28
1.28
1.28
1.28
1.28
1.28
1.28
1.28
1.28
1.28
1.28
1.28
1.28
1.28
1.28
1.28
1.28
1.28
1.28
1.28
1.28
1.28
1.28
1.28
1.28
1.28
1.28
1.28
1.28
1.28
1.28
1.28
1.28
1.28
1.28
1.28
1.28
1.28
1.28
1.28
1.28
1.28
1.28
1.28
1.28
1.28
1.28
1.28
1.28
1.28
1.28
1.28
1.28
1.28
1.28
1.28
1.28
1.28
1.28
1.28
1.28
1.28
1.28
1.28
1.28
1.28
1.28
1.28
1.28
1.28
1.28
1.28
1.28
1.28
1.28
1.28
1.28
1.28
1.28
1.28
1.28
1.28
1.28
1.28
1.28
1.28
1.28
1.28
1.28
1.28
1.28
1.28
1.28
1.28
1.28
1.28
1.28
1.28
1.28
1.28
1.28
1.28
1.28
1.28
1.28
1.28
1.28
1.28
1.28
1.28
1.28
1.28
1.28
1.28
1.28
1.28
1.28
1.28
1.28
1.28
1.28
1.28
1.28
1.28
1.28
1.28
1.28
1.28
1.28
1.28
1.28
1.28
1.28
1.28
1.28
1.28
1.28
1.28
1.28
1.28
1.28
1.28
1.28
1.28
1.28
1.28
1.28
1.28
1.28
1.28
1.28
1.28
1.28
1.28
1.28
1.28
1.28
1.28
1.28
1.28
1.28
1.28
1.28
1.28
1.28
1.28
1.28
1.28
1.28
1.28
1.28
1.28
1.28
1.28
1.28
1.28
1.28
1.28
1.28
1.28
1.28
1.28
1.28
1.28
1.28
1.28
1.28
1.28
1.28
1.28
1.28
1.28
1.28
1.28
1.28
1.28
1.28
1.28
1.28
1.28
1.28
1.28
1.28
1.28
1.28
1.28
1.28
1.28
1.28
1.28
1.28
1.28
1.28
1.28
1.28
1.28
1.28
1.28
1.28
1.28
1.28
1.28
1.28
1.28
1.28
1.28
1.28
1.28
1.28
1.28
1.28
1.28
1.28
1.28
1.28
1.28
1.28
1.28
1.28
1.28
1.28
1.28
1.28
1.28
1.28
1.28
1.28
1.28
1.28
1.28
1.28
1.28
1.28
1.28
1.28
1.28
1.28
1.28
1.28
1.28
1.28
1.28
1.28
1.28
1.28
1.28
1.28
1.28
1.28
1.28
1.28
1.28
1.28
1.28
1.28
1.28
1.28
1.28
1.28
1.28
1.28
1.28
1.28
1.28
1.28
1.28
1.28
1.28
1.28
1.28
1.28
1.28
1.28
1.28
1.28
1.28
1.28
1.28
1.28
1.28
1.28
1.28
1.28
1.28
1.28
1.28
1.28
1.28
1.28
1.28
1.28
1.28
1.28
1.28
1.28
1.28
1.28
1.28
1.28
1.28
1.28
1.28
1.28
1.28
1.28
1.28
1.28
1.28
1.28
1.28
1.28
1.28
1.28
1.28
1.28
1.28
1.28
1.28
1.28
1.28
1.28
1.28
1.28
1.28
1.28
1.28
1.28
1.28
1.28
1.28
1.28
1.28
1.28
1.28
1.28
1.28
1.28
1.28
1.28
1.28
1.28
1.28
1.28
1.28
1.28
1.28
1.28
1.28
1.28
1.28
1.28
1.28
1.28
1.28
1.28
1.28
1.28
1.28
1.28
1.28
1.28
1.28
1.28
1.28
1.28
1.28
1.28
1.28
1.28
1.28
1.28
1.28
1.28
1.28
1.28
1.28
1.28
1.28
1.28
1.28
1.28
1.28
1.28
1.28
1.28
1.28
1.28
1.28
1.28
1.28
1.28
1.28
1.28
1.28
1.28
1.28
1.28
1.28
1.28
1.28
1.28
1.28
1.28
1.28
1.28
1.28
1.28
1.28
1.28
1.28
1.28
1.28
1.28
1.28
1.28
1.28
1.28
1.28
1.28
1.28
1.28
1.28
1.28
1.28
1.28
1.28
1.28
1.28
1.28
1.28
1.28
1.28
1.28
1.28
1.28
1.28
1.28
1.28
1.28
1.28
1.28
1.28
1.28
1.28
1.28
1.28
1.28
1.28
1.28
1.28
1.28
1.28
1.28
1.28
1.28
1.28
1.28
1.28
1.28
1.28
1.28
1.28
1.28
1.28
1.28
1.28
1.28
1.28
1.28
1.28
1.28
1.28
1.28
1.28
1.28
1.28
1.28
1.28
1.28
1.28
1.28
1.28
1.28
1.28
1.28
1.28
1.28
1.28
1.28
1.28
1.28
1.28
1.28
1.28
1.28
1.28
1.28
1.28
1.28
1.28
1.28
1.28
1.28
1.28
1.28
1.28
1.28
1.28
1.28
1.28
1.28
1.28
1.28
1.28
1.28
1.28
1.28
1.28
1.28
1.28
1.28
1.28
1.28
1.28
1.28
1.28
1.28
1.28
1.28
1.28
1.28
1.28
1.28
1.28
1.28
1.28
1.28
1.28
1.28
1.28
1.28
1.28
1.28
1.28
1.28
1.28
1.28
1.28
1.28
1.28
1.28
1.28
1.28
1.28
1.28
1.28
1.28
1.28
1.28
1.28
1.28
1.28
1.28
1.28
1.28
1.28
1.28
1.28
1.28
1.28
1.28
1.28
1.28
1.28
1.28
1.28
1.28
1.28
1.28
1.28
1.28
1.28
1.28
1.28
1.28
1.28
1.28
1.28
1.28
1.28
1.28
1.28
1.28
1.28
1.28
1.28
1.28
1.28
1.28
1.28
1.28
1.28
1.28
1.28
1.28
1.28
1.28
1.28
1.28
1.28
1.28
1.28
1.28
1.28
1.28
1.28
1.28
1.28
1.28
1.28
1.28
1.28
1.28
1.28
1.28
1.28
1.28
1.28
1.28
1.28
1.28
1.28
1.28
1.28
1.28
1.28
1.28
1.28
1.28
1.28
1.28
1.28
1.28
1.28
1.28
1.28
1.28
1.28
1.28
1.28
1.28
1.28
1.28
1.28
1.28
1.28
1.28
1.28
1.28
1.28
1.28
1.28
1.28
1.28
1.28
1.28
1.28
1.28
1.28
1.28
1.28
1.28
1.28
1.28
1.28
1.28
1.28
1.28
1.28
1.28
1.28
1.28
1.28
1.28
1.28
1.28
1.28
1.28
1.28
1.28
1.28
1.28
1.28
1.28
1.28
1.28
1.28
1.28
1.28
1.28
1.28
1.28
1.28
1.28
1.28
1.28
1.28
1.28
1.28
1.28
1.28
1.28
1.28
1.28
1.28
1.28
1.28
1.28
1.28
1.28
1.28
1.28
1.28
1.28
1.28
1.28
1.28
1.28
1.28
1.28
1.28
1.28
1.28
1.28
1.28
1.28
1.28
1.28
1.28
1.28
1.28
1.28
1.28
1.28
1.28
1.28
1.28
1.28
1.28
1.28
1.28
1.28
1.28
1.28
1.28
1.28
1.28
1.28
1.28
1.28
1.28
1.28
1.28
1.28
1.28
1.28
1.28
1.28
1.28
1.28
1.28
1.28
1.28
1.28
1.28
1.28
1.28
1.28
1.28
1.28
1.28
1.28
1.28
1.28
1.28
1.28
1.28
1.28
1.28
1.28
1.28
1.28
1.28
1.28
1.28
1.28
1.28
1.28
1.28
1.28
1.28
1.28
1.28
1.28
1.28
1.28
1.28
1.28
1.28
1.28
1.28
1.28
1.28
1.28
1.28
1.28
1.28
1.28
1.28
1.28
1.28
1.28
1.28
1.28
1.28
1.28
1.28
1.28
1.28
1.28
1.28
1.28
1.28
1.28
1.28
1.28
1.28
1.28
1.28
1.28
1.28
1.28
1.28
1.28
1.28
1.28
1.28
1.28
1.28
1.28
1.28
1.28
1.28
1.28
1.28
1.28
1.28
1.28
1.28
1.28
1.28
1.28
1.28
1.28
1.28
1.28
1.28
1.28
1.28
1.28
1.28
1.28
1.28
1.28
1.28
1.28
1.28
1.28
1.28
1.28
1.28
1.28
1.28
1.28
1.28
1.28
1.28
1.28
1.28
1.28
1.28
1.28
1.28
1.28
1.28
1.28
1.28
1.28
1.28
1.28
1.28
1.28
1.28
1.28
1.28
1.28
1.28
1.28
1.28
1.28
1.28
1.28
1.28
1.28
1.28
1.28
1.28
1.28
1.28
1.28
1.28
1.28
1.28
1.28
1.28
1.28
1.28
1.28
1.28
1.28
1.28001
1.28
1.28
1.28
1.28
1.28
1.28
1.28
1.28
1.28
1.28
1.28
1.28
1.28
1.28
1.28
1.28
1.28
1.28
1.28
1.28
1.28
1.28
1.28
1.28
1.28
1.28
1.28
1.28
1.28
1.28
1.28
1.28
1.28
1.28
1.28
1.28
1.28
1.28
1.28
1.28
1.28
1.28
1.28
1.28
1.28
1.28
1.28
1.28
1.28
1.28
1.28
1.28
1.28
1.28
1.28
1.28
1.28
1.28
1.28
1.28
1.28
1.28
1.28
1.28
1.28
1.28
1.28
1.28
1.28
1.28
1.28
1.28
1.28
1.28
1.28
1.28
1.28
1.28
1.28
1.28
1.28
1.28
1.28
1.28
1.28
1.28
1.28
1.28
1.28
1.28
1.28
1.28
1.28
1.28
1.28
1.28
1.28
1.28
1.28
1.28001
1.28
1.28
1.28
1.28
1.28
1.28
1.28
1.28
1.28
1.28
1.28
1.28
1.28
1.28
1.28
1.28
1.28
1.28
1.28
1.28
1.28
1.28
1.28
1.28
1.28
1.28
1.28
1.28
1.28
1.28
1.28
1.28
1.28
1.28
1.28
1.28
1.28
1.28
1.28
1.28
1.28
1.28
1.28
1.28
1.28
1.28
1.28
1.28
1.28
1.28
1.28
1.28
1.28
1.28
1.28
1.28
1.28
1.28
1.28
1.28
1.28
1.28
1.28
1.28
1.28
1.28
1.28
1.28
1.28
1.28
1.28
1.28
1.28
1.28
1.28
1.28
1.28
1.28
1.28
1.28
1.28
1.28
1.28
1.28
1.28
1.28
1.28
1.28
1.28
1.28
1.28
1.28
1.28
1.28
1.28
1.28
1.28
1.28
1.28
1.28001
1.28
1.28
1.28
1.28
1.28
1.28
1.28
1.28
1.28
1.28
1.28
1.28
1.28
1.28
1.28
1.28
1.28
1.28
1.28
1.28
1.28
1.28
1.28
1.28
1.28
1.28
1.28
1.28
1.28
1.28
1.28
1.28
1.28
1.28
1.28
1.28
1.28
1.28
1.28
1.28
1.28
1.28
1.28
1.28
1.28
1.28
1.28
1.28
1.28
1.28
1.28
1.28
1.28
1.28
1.28
1.28
1.28
1.28
1.28
1.28
1.28
1.28
1.28
1.28
1.28
1.28
1.28
1.28
1.28
1.28
1.28
1.28
1.28
1.28
1.28
1.28
1.28
1.28
1.28
1.28
1.28
1.28
1.28
1.28
1.28
1.28
1.28
1.28
1.28
1.28
1.28
1.28
1.28
1.28
1.28
1.28
1.28
1.28
1.28
1.28001
1.28
1.28
1.28
1.28
1.28
1.28
1.28
1.28
1.28
1.28
1.28
1.28
1.28
1.28
1.28
1.28
1.28
1.28
1.28
1.28
1.28
1.28
1.28
1.28
1.28
1.28
1.28
1.28
1.28
1.28
1.28
1.28
1.28
1.28
1.28
1.28
1.28
1.28
1.28
1.28
1.28
1.28
1.28
1.28
1.28
1.28
1.28
1.28
1.28
1.28
1.28
1.28
1.28
1.28
1.28
1.28
1.28
1.28
1.28
1.28
1.28
1.28
1.28
1.28
1.28
1.28
1.28
1.28
1.28
1.28
1.28
1.28
1.28
1.28
1.28
1.28
1.28
1.28
1.28
1.28
1.28
1.28
1.28
1.28
1.28
1.28
1.28
1.28
1.28
1.28
1.28
1.28
1.28
1.28
1.28
1.28
1.28
1.28
1.28
1.28001
1.28
1.28
1.28
1.28
1.28
1.28
1.28
1.28
1.28
1.28
1.28
1.28
1.28
1.28
1.28
1.28
1.28
1.28
1.28
1.28
1.28
1.28
1.28
1.28
1.28
1.28
1.28
1.28
1.28
1.28
1.28
1.28
1.28
1.28
1.28
1.28
1.28
1.28
1.28
1.28
1.28
1.28
1.28
1.28
1.28
1.28
1.28
1.28
1.28
1.28
1.28
1.28
1.28
1.28
1.28
1.28
1.28
1.28
1.28
1.28
1.28
1.28
1.28
1.28
1.28
1.28
1.28
1.28
1.28
1.28
1.28
1.28
1.28
1.28
1.28
1.28
1.28
1.28
1.28
1.28
1.28
1.28
1.28
1.28
1.28
1.28
1.28
1.28
1.28
1.28
1.28
1.28
1.28
1.28
1.28
1.28
1.28
1.28
1.28
1.28001
1.28
1.28
1.28
1.28
1.28
1.28
1.28
1.28
1.28
1.28
1.28
1.28
1.28
1.28
1.28
1.28
1.28
1.28
1.28
1.28
1.28
1.28
1.28
1.28
1.28
1.28
1.28
1.28
1.28
1.28
1.28
1.28
1.28
1.28
1.28
1.28
1.28
1.28
1.28
1.28
1.28
1.28
1.28
1.28
1.28
1.28
1.28
1.28
1.28
1.28
1.28
1.28
1.28
1.28
1.28
1.28
1.28
1.28
1.28
1.28
1.28
1.28
1.28
1.28
1.28
1.28
1.28
1.28
1.28
1.28
1.28
1.28
1.28
1.28
1.28
1.28
1.28
1.28
1.28
1.28
1.28
1.28
1.28
1.28
1.28
1.28
1.28
1.28
1.28
1.28
1.28
1.28
1.28
1.28
1.28
1.28
1.28
1.28
1.28
1.28
1.28
1.28
1.28
1.28
1.28
1.28
1.28
1.28
1.28
1.28
1.28
1.28
1.28
1.28
1.28
1.28
1.28
1.28
1.28
1.28
1.28
1.28
1.28
1.28
1.28
1.28
1.28
1.28
1.28
1.28
1.28
1.28
1.28
1.28
1.28
1.28
1.28
1.28
1.28
1.28
1.28
1.28
1.28
1.28
1.28
1.28
1.28
1.28
1.28
1.28
1.28
1.28
1.28
1.28
1.28
1.28
1.28
1.28
1.28
1.28
1.28
1.28
1.28
1.28
1.28
1.28
1.28
1.28
1.28
1.28
1.28
1.28
1.28
1.28
1.28
1.28
1.28
1.28
1.28
1.28
1.28
1.28
1.28
1.28
1.28
1.28
1.28
1.28
1.28
1.28
1.28
1.28
1.28
1.28
1.28
1.28
1.28
1.28
1.28
1.28
1.28
1.28
1.28
1.28
1.28
1.28
1.28
1.28
1.28
1.28
1.28
1.28
1.28
1.28
1.28
1.28
1.28
1.28
1.28
1.28
1.28
1.28
1.28
1.28
1.28
1.28
1.28
1.28
1.28
1.28
1.28
1.28
1.28
1.28
1.28
1.28
1.28
1.28
1.28
1.28
1.28
1.28
1.28
1.28
1.28
1.28
1.28
1.28
1.28
1.28
1.28
1.28
1.28
1.28
1.28
1.28
1.28
1.28
1.28
1.28
1.28
1.28
1.28
1.28
1.28
1.28
1.28
1.28
1.28
1.28
1.28
1.28
1.28
1.28
1.28
1.28
1.28
1.28
1.28
1.28
1.28
1.28
1.28
1.28
1.28
1.28
1.28
1.28
1.28
1.28
1.28
1.28
1.28
1.28
1.28
1.28
1.28
1.28
1.28
1.28
1.28
1.28
1.28
1.28
1.28
1.28
1.28
1.28
1.28
1.28
1.28
1.28
1.28
1.28
1.28
1.28
1.28
1.28
1.28
1.28
1.28
1.28
1.28
1.28
1.28
1.28
1.28
1.28
1.28
1.28
1.28
1.28
1.28
1.28
1.28
1.28
1.28
1.28
1.28
1.28
1.28
1.28
1.28
1.28
1.28
1.28
1.28
1.28
1.28
1.28
1.28
1.28
1.28
1.28
1.28
1.28
1.28
1.28
1.28
1.28
1.28
1.28
1.28
1.28
1.28
1.28
1.28
1.28
1.28
1.28
1.28
1.28
1.28
1.28
1.28
1.28
1.28
1.28
1.28
1.28
1.28
1.28
1.28
1.28
1.28
1.28
1.28
1.28
1.28
1.28
1.28
1.28
1.28
1.28
1.28
1.28
1.28
1.28
1.28
1.28
1.28
1.28
1.28
1.28
1.28
1.28
1.28
1.28
1.28
1.28
1.28
1.28
1.28
1.28
1.28
1.28
1.28
1.28
1.28
1.28
1.28
1.28
1.28
1.28
1.28
1.28
1.28
1.28
1.28
1.28
1.28
1.28
1.28
1.28
1.28
1.28
1.28
1.28
1.28
1.28
1.28
1.28
1.28
1.28
1.28
1.28
1.28
1.28
1.28
1.28
1.28
1.28
1.28
1.28
1.28
1.28
1.28
1.28
1.28
1.28
1.28
1.28
1.28
1.28
1.28
1.28
1.28
1.28
1.28
1.28
1.28
1.28
1.28
1.28
1.28
1.28
1.28
1.28
1.28
1.28
1.28
1.28
1.28
1.28
1.28
1.28
1.28
1.28
1.28
1.28
1.28
1.28
1.28
1.28
1.28
1.28
1.28
1.28
1.28
1.28
1.28
1.28
1.28
1.28
1.28
1.28
1.28
1.28
1.28
1.28
1.28
1.28
1.28
1.28
1.28
1.28
1.28
1.28
1.28
1.28
1.28
1.28
1.28
1.28
1.28
1.28
1.28
1.28
1.28
1.28
1.28
1.28
1.28
1.28
1.28
1.28
1.28
1.28
1.28
1.28
1.28
1.28
1.28
1.28
1.28
1.28
1.28
1.28
1.28
1.28
1.28
1.28
1.28
1.28
1.28
1.28
1.28
1.28
1.28
1.28
1.28
1.28
1.28
1.28
1.28
1.28
1.28
1.28
1.28
1.28
1.28
1.28
1.28
1.28
1.28
1.28
1.28
1.28
1.28
1.28
1.28
1.28
1.28
1.28
1.28
1.28
1.28
1.28
1.28
1.28
1.28
1.28
1.28
1.28
1.28
1.28
1.28
1.28
1.28
1.28
1.28
1.28
1.28
1.28
1.28
1.28
1.28
1.28
1.28
1.28
1.28
1.28
1.28
1.28
1.28
1.28
1.28
1.28
1.28
1.28
1.28
1.28
1.28
1.28
1.28
1.28
1.28
1.28
1.28
1.28
1.28
1.28
1.28
1.28
1.28
1.28
1.28
1.28
1.28
1.28
1.28
1.28
1.28
1.28
1.28
1.28
1.28
1.28
1.28
1.28
1.28
1.28
1.28
1.28
1.28
1.28
1.28
1.28
1.28
1.28
1.28
1.28
1.28
1.28
1.28
1.28
1.28
1.28
1.28
1.28
1.28
1.28
1.28
1.28
1.28
1.28
1.28
1.28
1.28
1.28
1.28
1.28
1.28
1.28
1.28
1.28
1.28
1.28
1.28
1.28
1.28
1.28
1.28
1.28
1.28
1.28
1.28
1.28
1.28
1.28
1.28
1.28
1.28
1.28
1.28
1.28
1.28
1.28
1.28
1.28
1.28
1.28
1.28
1.28
1.28
1.28
1.28
1.28
1.28
1.28
1.28
1.28
1.28
1.28
1.28
1.28
1.28
1.28
1.28
1.28
1.28
1.28
1.28
1.28
1.28
1.28
1.28
1.28
1.28
1.28
1.28
1.28
1.28
1.28
1.28
1.28
1.28
1.28
1.28
1.28
1.28
1.28
1.28
1.28
1.28
1.28
1.28
1.28
1.28
1.28
1.28
1.28
1.28
1.28
1.28
1.28
1.28
1.28
1.28
1.28
1.28
1.28
1.28
1.28
1.28
1.28
1.28
1.28
1.28
1.28
1.28
1.28
1.28
1.28
1.28
1.28
1.28
1.28
1.28
1.28
1.28
1.28
1.28
1.28
1.28
1.28
1.28
1.28
1.28
1.28
1.28
1.28
1.28
1.28
1.28
1.28
1.28
1.28
1.28
1.28
1.28
1.28
1.28
1.28
1.28
1.28
1.28
1.28
1.28
1.28
1.28
1.28
1.28
1.28
1.28
1.28
1.28
1.28
1.28
1.28
1.28
1.28
1.28
1.28
1.28
1.28
1.28
1.28
1.28
1.28
1.28
1.28
1.28
1.28
1.28
1.28
1.28
1.28
1.28
1.28
1.28
1.28
1.28
1.28
1.28
1.28
1.28
1.28
1.28
1.28
1.28
1.28
1.28
1.28
1.28
1.28
1.28
1.28
1.28
1.28
1.28
1.28
1.28
1.28
1.28
1.28
1.28
1.28
1.28
1.28
1.28
1.28
1.28
1.28
1.28
1.28
1.28
1.28
1.28
1.28
1.28
1.28
1.28
1.28
1.28
1.28
1.28
1.28
1.28
1.28
1.28
1.28
1.28
1.28
1.28
1.28
1.28
1.28
1.28
1.28
1.28
1.28
1.28
1.28
1.28
1.28
1.28
1.28
1.28
1.28
1.28
1.28
1.28
1.28
1.28
1.28
1.28
1.28
1.28
1.28
1.28
1.28
1.28
1.28
1.28
1.28
1.28
1.28
1.28
1.28
1.28
1.28
1.28
1.28
1.28
1.28
1.28
1.28
1.28
1.28
1.28
1.28
1.28
1.28
1.28
1.28
1.28
1.28
1.28
1.28
1.28
1.28
1.28
1.28
1.28
1.28
1.28
1.28
1.28
1.28
1.28
1.28
1.28
1.28
1.28
1.28
1.28
1.28
1.28
1.28
1.28
1.28
1.28
1.28
1.28
1.28
1.28
1.28
1.28
1.28
1.28
1.28
1.28
1.28
1.28
1.28
1.28
1.28
1.28
1.28
1.28
1.28
1.28
1.28
1.28
1.28
1.28
1.28
1.28
1.28
1.28
1.28
1.28
1.28
1.28
1.28
1.28
1.28
1.28
1.28
1.28
1.28
1.28
1.28
1.28
1.28
1.28
1.28
1.28
1.28
1.28
1.28
1.28
1.28
1.28
1.28
1.28
1.28
1.28
1.28
1.28
1.28
1.28
1.28
1.28
1.28
1.28
1.28
1.28
1.28
1.28
1.28
1.28
1.28
1.28
1.28
1.28
1.28
1.28
1.28
1.28
1.28
1.28
1.28
1.28
1.28
1.28
1.28
1.28
1.28
1.28
1.28
1.28
1.28
1.28
1.28
1.28
1.28
1.28
1.28
1.28
1.28
1.28
1.28
1.28
1.28
1.28
1.28
1.28
1.28
1.28
1.28
1.28
1.28
1.28
1.28
1.28
1.28
1.28
1.28
1.28
1.28
1.28
1.28
1.28
1.28
1.28
1.28
1.28
1.28
1.28
1.28
1.28
1.28
1.28
1.28
1.28
1.28
1.28
1.28
1.28
1.28
1.28
1.28
1.28
1.28
1.28
1.28
1.28
1.28
1.28
1.28
1.28
1.28
1.28
1.28
1.28
1.28
1.28
1.28
1.28
1.28
1.28
1.28
1.28
1.28
1.28
1.28
1.28
1.28
1.28
1.28
1.28
1.28
1.28
1.28
1.28
1.28
1.28
1.28
1.28
1.28
1.28
1.28
1.28
1.28
1.28
1.28
1.28
1.28
1.28
1.28
1.28
1.28
1.28
1.28
1.28
1.28
1.28
1.28
1.28
1.28
1.28
1.28
1.28
1.28
1.28
1.28
1.28
1.28
1.28
1.28
1.28
1.28
1.28
1.28
1.28
1.28
1.28
1.28
1.28
1.28
1.28
1.28
1.28
1.28
1.28
1.28
1.28
1.28
1.28
1.28
1.28
1.28
1.28
1.28
1.28
1.28
1.28
1.28
1.28
1.28
1.28
1.28
1.28
1.28
1.28
1.28
1.28
1.28
1.28
1.28
1.28
1.28
1.28
1.28
1.28
1.28
1.28
1.28
1.28
1.28
1.28
1.28
1.28
1.28
1.28
1.28
1.28
1.28
1.28
1.28
1.28
1.28
1.28
1.28
1.28
1.28
1.28
1.28
1.28
1.28
1.28
1.28
1.28
1.28
1.28
1.28
1.28
1.28
1.28
1.28
1.28
1.28
1.28
1.28
1.28
1.28
1.28
1.28
1.28
1.28
1.28
1.28
1.28
1.28
1.28
1.28
1.28
1.28
1.28
1.28
1.28
1.28
1.28
1.28
1.28
1.28
1.28
1.28
1.28
1.28
1.28
1.28
1.28
1.28
1.28
1.28
1.28
1.28
1.28
1.28
1.28
1.28
1.28
1.28
1.28
1.28
1.28
1.28
1.28
1.28
1.28
1.28
1.28
1.28
1.28
1.28
1.28
1.28
1.28
1.28
1.28
1.28
1.28
1.28
1.28
1.28
1.28
1.28
1.28
1.28
1.28
1.28
1.28
1.28
1.28
1.28
1.28
1.28
1.28
1.28
1.28
1.28
1.28
1.28
1.28
1.28
1.28
1.28
1.28
1.28
1.28
1.28
1.28
1.28
1.28
1.28
1.28
1.28
1.28
1.28
1.28
1.28
1.28
1.28
1.28
1.28
1.28
1.28
1.28
1.28
1.28
1.28
1.28
1.28
1.28
1.28
1.28
1.28
1.28
1.28
1.28
1.28
1.28
1.28
1.28
1.28
1.28
1.28
1.28
1.28
1.28
1.28
1.28
1.28
1.28
1.28
1.28
1.28
1.28
1.28
1.28
1.28
1.28
1.28
1.28
1.28
1.28
1.28
1.28
1.28
1.28
1.28
1.28
1.28
1.28
1.28
1.28
1.28
1.28
1.28
1.28
1.28
1.28
1.28
1.28
1.28
1.28
1.28
1.28
1.28
1.28
1.28
1.28
1.28
1.28
1.28
1.28
1.28
1.28
1.28
1.28
1.28
1.28
1.28
1.28
1.28
1.28
1.28
1.28
1.28
1.28
1.28
1.28
1.28
1.28
1.28
1.28
1.28
1.28
1.28
1.28
1.28
1.28
1.28
1.28
1.28
1.28
1.28
1.28
1.28
1.28
1.28
1.28
1.28
1.28
1.28
1.28
1.28
1.28
1.28
1.28
1.28
1.28
1.28
1.28
1.28
1.28
1.28
1.28
1.28
1.28
1.28
1.28
1.28
1.28
1.28
1.28
1.28
1.28
1.28
1.28
1.28
1.28
1.28
1.28
1.28
1.28
1.28
1.28
1.28
1.28
1.28
1.28
1.28
1.28
1.28
1.28
1.28
1.28
1.28
1.28
1.28
1.28
1.28
1.28
1.28
1.28
1.28
1.28
1.28
1.28
1.28
1.28
1.28
1.28
1.28
1.28
1.28
1.28
1.28
1.28
1.28
1.28
1.28
1.28
1.28
1.28
1.28
1.28
1.28
1.28
1.28
1.28
1.28
1.28
1.28
1.28
1.28
1.28
1.28
1.28
1.28
1.28
1.28
1.28
1.28
1.28
1.28
1.28
1.28
1.28
1.28
1.28
1.28
1.28
1.28
1.28
1.28
1.28
1.28
1.28
1.28
1.28
1.28
1.28
1.28
1.28
1.28
1.28
1.28
1.28
1.28
1.28
1.28
1.28
1.28
1.28
1.28
1.28
1.28
1.28
1.28
1.28
1.28
1.28
1.28
1.28
1.28
1.28
1.28
1.28
1.28
1.28
1.28
1.28
1.28
1.28
1.28
1.28
1.28
1.28
1.28
1.28
1.28
1.28
1.28
1.28
1.28
1.28
1.28
1.28
1.28
1.28
1.28
1.28
1.28
1.28
1.28
1.28
1.28
1.28
1.28
1.28
1.28
1.28
1.28
1.28
1.28
1.28
1.28
1.28
1.28
1.28
1.28
1.28
1.28
1.28
1.28
1.28
1.28
1.28
1.28
1.28
1.28
1.28
1.28
1.28
1.28
1.28
1.28
1.28
1.28
1.28
1.28
1.28
1.28
1.28
1.28
1.28001
1.28001
1.28001
1.28001
1.28001
1.28001
1.28001
1.28001
1.28001
1.28001
8.04756
1.28108
1.27999
1.28
1.28
1.28
1.28
1.28
1.28
1.28
8.0797
1.29042
1.28
1.28
1.28
1.28
1.28
1.28
1.28
1.28
8.09734
1.29329
1.28
1.28
1.28
1.28
1.28
1.28
1.28
1.28
8.10438
1.29382
1.28001
1.28
1.28
1.28
1.28
1.28
1.28
1.28
8.10766
1.29401
1.28001
1.28
1.28
1.28
1.28
1.28
1.28
1.28
8.10893
1.294
1.28001
1.28
1.28
1.28
1.28
1.28
1.28
1.28
8.1086
1.29386
1.28001
1.28
1.28
1.28
1.28
1.28
1.28
1.28
8.10585
1.29336
1.28
1.28
1.28
1.28
1.28
1.28
1.28
1.28
8.09634
1.29067
1.28
1.28
1.28
1.28
1.28
1.28
1.28
1.28
8.07589
1.28193
1.27999
1.28
1.28
1.28
1.28
1.28
1.28
1.28
8.07823
1.29039
1.28
1.28
1.28
1.28
1.28
1.28
1.28
1.28
8.09699
1.29522
1.28001
1.28
1.28
1.28
1.28
1.28
1.28
1.28
8.1063
1.29619
1.28001
1.28
1.28
1.28
1.28
1.28
1.28
1.28
8.11023
1.29625
1.28001
1.28
1.28
1.28
1.28
1.28
1.28
1.28
8.11214
1.29627
1.28001
1.28
1.28
1.28
1.28
1.28
1.28
1.28
8.11273
1.29627
1.28001
1.28
1.28
1.28
1.28
1.28
1.28
1.28
8.11217
1.29626
1.28001
1.28
1.28
1.28
1.28
1.28
1.28
1.28
8.11003
1.29621
1.28001
1.28
1.28
1.28
1.28
1.28
1.28
1.28
8.10369
1.29524
1.28001
1.28
1.28
1.28
1.28
1.28
1.28
1.28
8.08984
1.29054
1.28
1.28
1.28
1.28
1.28
1.28
1.28
1.28
8.09456
1.29325
1.28
1.28
1.28
1.28
1.28
1.28
1.28
1.28
8.10509
1.29619
1.28001
1.28
1.28
1.28
1.28
1.28
1.28
1.28
8.11012
1.29659
1.28001
1.28
1.28
1.28
1.28
1.28
1.28
1.28
8.11236
1.29655
1.28001
1.28
1.28
1.28
1.28
1.28
1.28
1.28
8.11343
1.29654
1.28001
1.28
1.28
1.28
1.28
1.28
1.28
1.28
8.11355
1.29654
1.28001
1.28
1.28
1.28
1.28
1.28
1.28
1.28
8.11275
1.29656
1.28001
1.28
1.28
1.28
1.28
1.28
1.28
1.28
8.11084
1.29659
1.28001
1.28
1.28
1.28
1.28
1.28
1.28
1.28
8.10636
1.29619
1.28001
1.28
1.28
1.28
1.28
1.28
1.28
1.28
8.09662
1.29324
1.28
1.28
1.28
1.28
1.28
1.28
1.28
1.28
8.10038
1.29378
1.28001
1.28
1.28
1.28
1.28
1.28
1.28
1.28
8.10808
1.29624
1.28001
1.28
1.28
1.28
1.28
1.28
1.28
1.28
8.11156
1.29655
1.28001
1.28
1.28
1.28
1.28
1.28
1.28
1.28
8.11311
1.29652
1.28001
1.28
1.28
1.28
1.28
1.28
1.28
1.28
8.11376
1.29651
1.28001
1.28
1.28
1.28
1.28
1.28
1.28
1.28
8.1136
1.29651
1.28001
1.28
1.28
1.28
1.28
1.28
1.28
1.28
8.11261
1.29652
1.28001
1.28
1.28
1.28
1.28
1.28
1.28
1.28
8.11067
1.29655
1.28001
1.28
1.28
1.28
1.28
1.28
1.28
1.28
8.10674
1.29623
1.28001
1.28
1.28
1.28
1.28
1.28
1.28
1.28
8.09846
1.29375
1.28001
1.28
1.28
1.28
1.28
1.28
1.28
1.28
8.10246
1.29396
1.28001
1.28
1.28
1.28
1.28
1.28
1.28
1.28
8.10924
1.29625
1.28001
1.28
1.28
1.28
1.28
1.28
1.28
1.28
8.11217
1.29653
1.28001
1.28
1.28
1.28
1.28
1.28
1.28
1.28
8.11345
1.29651
1.28001
1.28
1.28
1.28
1.28
1.28
1.28
1.28
8.1139
1.2965
1.28001
1.28
1.28
1.28
1.28
1.28
1.28
1.28
8.11361
1.2965
1.28001
1.28
1.28
1.28
1.28
1.28
1.28
1.28
8.11252
1.29649
1.28001
1.28
1.28
1.28
1.28
1.28
1.28
1.28
8.11056
1.29651
1.28001
1.28
1.28
1.28
1.28
1.28
1.28
1.28
8.1068
1.29623
1.28001
1.28
1.28
1.28
1.28
1.28
1.28
1.28
8.099
1.29391
1.28001
1.28
1.28
1.28
1.28
1.28
1.28
1.28
8.10246
1.29396
1.28001
1.28
1.28
1.28
1.28
1.28
1.28
1.28
8.10924
1.29625
1.28001
1.28
1.28
1.28
1.28
1.28
1.28
1.28
8.11217
1.29653
1.28001
1.28
1.28
1.28
1.28
1.28
1.28
1.28
8.11345
1.29651
1.28001
1.28
1.28
1.28
1.28
1.28
1.28
1.28
8.1139
1.2965
1.28001
1.28
1.28
1.28
1.28
1.28
1.28
1.28
8.11361
1.2965
1.28001
1.28
1.28
1.28
1.28
1.28
1.28
1.28
8.11252
1.29649
1.28001
1.28
1.28
1.28
1.28
1.28
1.28
1.28
8.11056
1.29651
1.28001
1.28
1.28
1.28
1.28
1.28
1.28
1.28
8.1068
1.29623
1.28001
1.28
1.28
1.28
1.28
1.28
1.28
1.28
8.099
1.29391
1.28001
1.28
1.28
1.28
1.28
1.28
1.28
1.28
8.10038
1.29378
1.28001
1.28
1.28
1.28
1.28
1.28
1.28
1.28
8.10808
1.29624
1.28001
1.28
1.28
1.28
1.28
1.28
1.28
1.28
8.11156
1.29655
1.28001
1.28
1.28
1.28
1.28
1.28
1.28
1.28
8.11311
1.29652
1.28001
1.28
1.28
1.28
1.28
1.28
1.28
1.28
8.11376
1.29651
1.28001
1.28
1.28
1.28
1.28
1.28
1.28
1.28
8.1136
1.29651
1.28001
1.28
1.28
1.28
1.28
1.28
1.28
1.28
8.11261
1.29652
1.28001
1.28
1.28
1.28
1.28
1.28
1.28
1.28
8.11067
1.29655
1.28001
1.28
1.28
1.28
1.28
1.28
1.28
1.28
8.10674
1.29623
1.28001
1.28
1.28
1.28
1.28
1.28
1.28
1.28
8.09846
1.29375
1.28001
1.28
1.28
1.28
1.28
1.28
1.28
1.28
8.09456
1.29325
1.28
1.28
1.28
1.28
1.28
1.28
1.28
1.28
8.10509
1.29619
1.28001
1.28
1.28
1.28
1.28
1.28
1.28
1.28
8.11012
1.29659
1.28001
1.28
1.28
1.28
1.28
1.28
1.28
1.28
8.11236
1.29655
1.28001
1.28
1.28
1.28
1.28
1.28
1.28
1.28
8.11343
1.29654
1.28001
1.28
1.28
1.28
1.28
1.28
1.28
1.28
8.11355
1.29654
1.28001
1.28
1.28
1.28
1.28
1.28
1.28
1.28
8.11275
1.29656
1.28001
1.28
1.28
1.28
1.28
1.28
1.28
1.28
8.11084
1.29659
1.28001
1.28
1.28
1.28
1.28
1.28
1.28
1.28
8.10636
1.29619
1.28001
1.28
1.28
1.28
1.28
1.28
1.28
1.28
8.09662
1.29324
1.28
1.28
1.28
1.28
1.28
1.28
1.28
1.28
8.07823
1.29039
1.28
1.28
1.28
1.28
1.28
1.28
1.28
1.28
8.09699
1.29522
1.28001
1.28
1.28
1.28
1.28
1.28
1.28
1.28
8.1063
1.29619
1.28001
1.28
1.28
1.28
1.28
1.28
1.28
1.28
8.11023
1.29625
1.28001
1.28
1.28
1.28
1.28
1.28
1.28
1.28
8.11214
1.29627
1.28001
1.28
1.28
1.28
1.28
1.28
1.28
1.28
8.11273
1.29627
1.28001
1.28
1.28
1.28
1.28
1.28
1.28
1.28
8.11217
1.29626
1.28001
1.28
1.28
1.28
1.28
1.28
1.28
1.28
8.11003
1.29621
1.28001
1.28
1.28
1.28
1.28
1.28
1.28
1.28
8.10369
1.29524
1.28001
1.28
1.28
1.28
1.28
1.28
1.28
1.28
8.08984
1.29054
1.28
1.28
1.28
1.28
1.28
1.28
1.28
1.28
8.04756
1.28108
1.27999
1.28
1.28
1.28
1.28
1.28
1.28
1.28
8.0797
1.29042
1.28
1.28
1.28
1.28
1.28
1.28
1.28
1.28
8.09734
1.29329
1.28
1.28
1.28
1.28
1.28
1.28
1.28
1.28
8.10438
1.29382
1.28001
1.28
1.28
1.28
1.28
1.28
1.28
1.28
8.10766
1.29401
1.28001
1.28
1.28
1.28
1.28
1.28
1.28
1.28
8.10893
1.294
1.28001
1.28
1.28
1.28
1.28
1.28
1.28
1.28
8.1086
1.29386
1.28001
1.28
1.28
1.28
1.28
1.28
1.28
1.28
8.10585
1.29336
1.28
1.28
1.28
1.28
1.28
1.28
1.28
1.28
8.09634
1.29067
1.28
1.28
1.28
1.28
1.28
1.28
1.28
1.28
8.07589
1.28193
1.27999
1.28
1.28
1.28
1.28
1.28
1.28
1.28
1.27847
1.27992
1.27994
1.27995
1.27996
1.27997
1.27997
1.27998
1.27998
1.28026
1.27862
1.27993
1.27994
1.27995
1.27995
1.27996
1.27996
1.27997
1.27997
1.28023
1.27877
1.27993
1.27995
1.27995
1.27995
1.27996
1.27996
1.27997
1.27997
1.28021
1.27893
1.27994
1.27995
1.27995
1.27996
1.27996
1.27996
1.27997
1.27997
1.28019
1.27908
1.27994
1.27995
1.27995
1.27996
1.27996
1.27996
1.27996
1.27997
1.28016
1.27923
1.27995
1.27995
1.27996
1.27996
1.27996
1.27996
1.27996
1.27997
1.28014
1.27939
1.27995
1.27995
1.27996
1.27996
1.27996
1.27996
1.27996
1.27996
1.2801
1.27955
1.27995
1.27995
1.27996
1.27996
1.27996
1.27996
1.27996
1.27996
1.28007
1.27971
1.27995
1.27995
1.27996
1.27996
1.27996
1.27996
1.27996
1.27996
1.28003
1.27987
1.27995
1.27994
1.27994
1.27993
1.27993
1.27993
1.27992
1.27992
1.27994
1.27893
1.28002
1.28002
1.28002
1.28002
1.28002
1.28002
1.28002
1.28001
1.28002
1.27903
1.28001
1.28002
1.28002
1.28002
1.28001
1.28001
1.28001
1.28001
1.28002
1.27913
1.28001
1.28001
1.28001
1.28001
1.28001
1.28001
1.28001
1.28001
1.28002
1.27924
1.28
1.28001
1.28001
1.28001
1.28001
1.28001
1.28001
1.28001
1.28002
1.27934
1.28
1.28
1.28
1.28
1.28001
1.28001
1.28001
1.28001
1.28001
1.27945
1.28
1.28
1.28
1.28
1.28
1.28
1.28
1.28
1.28001
1.27957
1.27999
1.28
1.28
1.28
1.28
1.28
1.28
1.28
1.28001
1.27968
1.27999
1.27999
1.28
1.28
1.28
1.28
1.28
1.28
1.28001
1.2798
1.27999
1.27999
1.27999
1.27999
1.27999
1.28
1.28
1.28
1.28
1.27992
1.27999
1.27999
1.27999
1.27999
1.27999
1.27999
1.27999
1.27999
1.27999
1.27907
1.28
1.28
1.28
1.28
1.28
1.28
1.28
1.28
1.28
1.27916
1.28
1.28
1.28
1.28
1.28
1.28
1.28
1.28
1.28
1.27925
1.28
1.28
1.28
1.28
1.28
1.28
1.28
1.28
1.28
1.27934
1.28
1.28
1.28
1.28
1.28
1.28
1.28
1.28
1.28
1.27944
1.28
1.28
1.28
1.28
1.28
1.28
1.28
1.28
1.28
1.27953
1.28
1.28
1.28
1.28
1.28
1.28
1.28
1.28
1.28
1.27963
1.28
1.28
1.28
1.28
1.28
1.28
1.28
1.28
1.28
1.27973
1.28
1.28
1.28
1.28
1.28
1.28
1.28
1.28
1.28
1.27984
1.28
1.28
1.28
1.28
1.28
1.28
1.28
1.28
1.28
1.27994
1.28
1.28
1.28
1.28
1.28
1.28
1.28
1.28
1.28
1.27908
1.28
1.28
1.28
1.28
1.28
1.28
1.28
1.28
1.28
1.27917
1.28
1.28
1.28
1.28
1.28
1.28
1.28
1.28
1.28
1.27926
1.28
1.28
1.28
1.28
1.28
1.28
1.28
1.28
1.28
1.27935
1.28
1.28
1.28
1.28
1.28
1.28
1.28
1.28
1.28
1.27945
1.28
1.28
1.28
1.28
1.28
1.28
1.28
1.28
1.28
1.27954
1.28
1.28
1.28
1.28
1.28
1.28
1.28
1.28
1.28
1.27964
1.28
1.28
1.28
1.28
1.28
1.28
1.28
1.28
1.28
1.27974
1.28
1.28
1.28
1.28
1.28
1.28
1.28
1.28
1.28
1.27985
1.28
1.28
1.28
1.28
1.28
1.28
1.28
1.28
1.28
1.27995
1.28
1.28
1.28
1.28
1.28
1.28
1.28
1.28
1.28
1.27902
1.28
1.28
1.28
1.28
1.28
1.28
1.28
1.28
1.28
1.27912
1.28
1.28
1.28
1.28
1.28
1.28
1.28
1.28
1.28
1.27921
1.28
1.28
1.28
1.28
1.28
1.28
1.28
1.28
1.28
1.27931
1.28
1.28
1.28
1.28
1.28
1.28
1.28
1.28
1.28
1.27941
1.28
1.28
1.28
1.28
1.28
1.28
1.28
1.28
1.28
1.27951
1.28
1.28
1.28
1.28
1.28
1.28
1.28
1.28
1.28
1.27962
1.28
1.28
1.28
1.28
1.28
1.28
1.28
1.28
1.28
1.27972
1.28
1.28
1.28
1.28
1.28
1.28
1.28
1.28
1.28
1.27983
1.28
1.28
1.28
1.28
1.28
1.28
1.28
1.28
1.28
1.27994
1.28
1.28
1.28
1.28
1.28
1.28
1.28
1.28
1.28
1.27893
1.27999
1.28
1.28
1.28
1.28
1.28
1.28
1.28
1.28
1.27903
1.28
1.28
1.28
1.28
1.28
1.28
1.28
1.28
1.28
1.27914
1.28
1.28
1.28
1.28
1.28
1.28
1.28
1.28
1.28
1.27924
1.28
1.28
1.28
1.28
1.28
1.28
1.28
1.28
1.28
1.27934
1.28
1.28
1.28
1.28
1.28
1.28
1.28
1.28
1.28
1.27945
1.28
1.28
1.28
1.28
1.28
1.28
1.28
1.28
1.28
1.27956
1.28
1.28
1.28
1.28
1.28
1.28
1.28
1.28
1.28
1.27968
1.28
1.28
1.28
1.28
1.28
1.28
1.28
1.28
1.28
1.2798
1.28
1.28
1.28
1.28
1.28
1.28
1.28
1.28
1.28
1.27993
1.28
1.28
1.28
1.28
1.28
1.28
1.28
1.28
1.28
1.27888
1.27999
1.28
1.28
1.28
1.28
1.28
1.28
1.28
1.28
1.27898
1.28
1.28
1.28
1.28
1.28
1.28
1.28
1.28
1.28
1.27909
1.28
1.28
1.28
1.28
1.28
1.28
1.28
1.28
1.28
1.27919
1.28
1.28
1.28
1.28
1.28
1.28
1.28
1.28
1.28
1.27929
1.28
1.28
1.28
1.28
1.28
1.28
1.28
1.28
1.28
1.2794
1.28
1.28
1.28
1.28
1.28
1.28
1.28
1.28
1.28
1.27951
1.28
1.28
1.28
1.28
1.28
1.28
1.28
1.28
1.28
1.27963
1.28
1.28
1.28
1.28
1.28
1.28
1.28
1.28
1.28
1.27975
1.28
1.28
1.28
1.28
1.28
1.28
1.28
1.28
1.28
1.2799
1.28
1.28
1.28
1.28
1.28
1.28
1.28
1.28
1.28
1.27912
1.28
1.28
1.28
1.28
1.28
1.28
1.28
1.28
1.28
1.2792
1.28
1.28
1.28
1.28
1.28
1.28
1.28
1.28
1.28
1.27929
1.28
1.28
1.28
1.28
1.28
1.28
1.28
1.28
1.28
1.27937
1.28
1.28
1.28
1.28
1.28
1.28
1.28
1.28
1.28
1.27945
1.28
1.28
1.28
1.28
1.28
1.28
1.28
1.28
1.28
1.27953
1.28
1.28
1.28
1.28
1.28
1.28
1.28
1.28
1.28
1.27961
1.28
1.28
1.28
1.28
1.28
1.28
1.28
1.28
1.28
1.2797
1.28
1.28
1.28
1.28
1.28
1.28
1.28
1.28
1.28
1.2798
1.28
1.28
1.28
1.28
1.28
1.28
1.28
1.28
1.28
1.27993
1.28
1.28
1.28
1.28
1.28
1.28
1.28
1.28
1.28
1.28024
1.28001
1.28
1.28
1.28
1.28
1.28
1.28
1.28
1.28
1.28026
1.28
1.28
1.28
1.28
1.28
1.28
1.28
1.28
1.28
1.28027
1.28
1.28
1.28
1.28
1.28
1.28
1.28
1.28
1.28
1.28035
1.28
1.28
1.28
1.28
1.28
1.28
1.28
1.28
1.28
1.28043
1.28
1.28
1.28
1.28
1.28
1.28
1.28
1.28
1.28
1.28049
1.28
1.28
1.28
1.28
1.28
1.28
1.28
1.28
1.28
1.28054
1.28
1.28
1.28
1.28
1.28
1.28
1.28
1.28
1.28
1.28056
1.28
1.28
1.28
1.28
1.28
1.28
1.28
1.28
1.28
1.28053
1.28
1.28
1.28
1.28
1.28
1.28
1.28
1.28
1.28
1.28044
1.28
1.28
1.28
1.28
1.28
1.28
1.28
1.28
1.28001
1.28236
1.28001
1.28
1.28
1.28
1.28
1.28
1.28
1.28
1.28
1.28232
1.28001
1.28
1.28
1.28
1.28
1.28
1.28
1.28
1.28
1.28221
1.28001
1.28
1.28
1.28
1.28
1.28
1.28
1.28
1.28
1.2824
1.28001
1.28
1.28
1.28
1.28
1.28
1.28
1.28
1.28
1.2826
1.28001
1.28
1.28
1.28
1.28
1.28
1.28
1.28
1.28
1.28282
1.28001
1.28
1.28
1.28
1.28
1.28
1.28
1.28
1.28
1.28306
1.28001
1.28
1.28
1.28
1.28
1.28
1.28
1.28
1.28
1.28334
1.28002
1.28
1.28
1.28
1.28
1.28
1.28
1.28
1.28
1.28366
1.28002
1.28
1.28
1.28
1.28
1.28
1.28
1.28
1.28
1.28399
1.28002
1.28
1.28
1.28
1.28
1.28
1.28
1.28002
1.28009
1.28049
1.27998
1.28
1.28
1.28
1.28
1.28
1.28
1.28
1.28
1.28056
1.28
1.28
1.28
1.28
1.28
1.28
1.28
1.28
1.28
1.28072
1.28002
1.28
1.28
1.28
1.28
1.28
1.28
1.28
1.28
1.28077
1.28005
1.28
1.28
1.28
1.28
1.28
1.28
1.28
1.28
1.28083
1.28007
1.28
1.28
1.28
1.28
1.28
1.28
1.28
1.28
1.28089
1.2801
1.28
1.28
1.28
1.28
1.28
1.28
1.28
1.28
1.28096
1.28013
1.28
1.28
1.28
1.28
1.28
1.28
1.28
1.28
1.28129
1.28016
1.28
1.28
1.28
1.28
1.28
1.28
1.28
1.28
1.28157
1.2802
1.28
1.28
1.28
1.28
1.28
1.28
1.28
1.28
1.28181
1.28024
1.28
1.28
1.28
1.28
1.28
1.28002
1.28013
1.28046
1.28083
1.28003
1.28
1.28
1.28
1.28
1.28
1.28
1.28
1.28
1.28091
1.28005
1.28
1.28
1.28
1.28
1.28
1.28
1.28
1.28
1.28092
1.28008
1.28
1.28
1.28
1.28
1.28
1.28
1.28
1.28
1.28093
1.28012
1.28
1.28
1.28
1.28
1.28
1.28
1.28
1.28
1.28123
1.28016
1.28
1.28
1.28
1.28
1.28
1.28
1.28
1.28
1.28151
1.2802
1.28
1.28
1.28
1.28
1.28
1.28
1.28
1.28
1.28173
1.28025
1.28
1.28
1.28
1.28
1.28
1.28
1.28
1.28
1.28164
1.2803
1.28
1.28
1.28
1.28
1.28
1.28
1.28
1.28
1.28161
1.28035
1.28
1.28
1.28
1.28
1.28
1.28
1.28
1.28
1.28161
1.28041
1.28
1.28
1.28
1.28
1.28
1.28
1.27999
1.28018
1.28083
1.28008
1.28
1.28
1.28
1.28
1.28
1.28
1.28
1.28
1.28086
1.28012
1.28
1.28
1.28
1.28
1.28
1.28
1.28
1.28
1.28122
1.28016
1.28
1.28
1.28
1.28
1.28
1.28
1.28
1.28
1.28149
1.28021
1.28
1.28
1.28
1.28
1.28
1.28
1.28
1.28
1.28142
1.28027
1.28
1.28
1.28
1.28
1.28
1.28
1.28
1.28
1.28137
1.28033
1.28
1.28
1.28
1.28
1.28
1.28
1.28
1.28
1.28136
1.28039
1.28
1.28
1.28
1.28
1.28
1.28
1.28
1.28
1.28136
1.28047
1.28
1.28
1.28
1.28
1.28
1.28
1.28
1.28
1.28139
1.28055
1.28001
1.28
1.28
1.28
1.28
1.28
1.28
1.28
1.28142
1.28064
1.28001
1.28
1.28
1.28
1.28
1.28
1.27999
1.27999
1.28101
1.28014
1.28
1.28
1.28
1.28
1.28
1.28
1.28
1.28
1.28126
1.2802
1.28
1.28
1.28
1.28
1.28
1.28
1.28
1.28
1.28112
1.28025
1.28
1.28
1.28
1.28
1.28
1.28
1.28
1.28
1.28106
1.28032
1.28
1.28
1.28
1.28
1.28
1.28
1.28
1.28
1.28102
1.28039
1.28
1.28
1.28
1.28
1.28
1.28
1.28
1.28
1.28101
1.28047
1.28001
1.28
1.28
1.28
1.28
1.28
1.28
1.28
1.28101
1.28057
1.28001
1.28
1.28
1.28
1.28
1.28
1.28
1.28
1.28103
1.28068
1.28001
1.28
1.28
1.28
1.28
1.28
1.28
1.28
1.28106
1.28081
1.28001
1.28
1.28
1.28
1.28
1.28
1.28
1.28
1.28111
1.28095
1.28002
1.28
1.28
1.28
1.28
1.28
1.27999
1.27996
1.28083
1.2802
1.28
1.28
1.28
1.28
1.28
1.28
1.28
1.28
1.28071
1.28026
1.28
1.28
1.28
1.28
1.28
1.28
1.28
1.28
1.28063
1.28033
1.28001
1.28
1.28
1.28
1.28
1.28
1.28
1.28
1.28057
1.28041
1.28001
1.28
1.28
1.28
1.28
1.28
1.28
1.28
1.28051
1.28051
1.28001
1.28
1.28
1.28
1.28
1.28
1.28
1.28
1.28048
1.28062
1.28001
1.28
1.28
1.28
1.28
1.28
1.28
1.28
1.28045
1.28076
1.28002
1.28
1.28
1.28
1.28
1.28
1.28
1.28
1.28043
1.28092
1.28002
1.28
1.28
1.28
1.28
1.28
1.28
1.28
1.28043
1.28111
1.28003
1.28
1.28
1.28
1.28
1.28
1.28
1.28
1.28045
1.28133
1.28003
1.28
1.28
1.28
1.28
1.28
1.28
1.27996
1.28026
1.28022
1.28
1.28
1.28
1.28
1.28
1.28
1.28
1.28
1.28012
1.28029
1.28001
1.28
1.28
1.28
1.28
1.28
1.28
1.28
1.27999
1.28037
1.28001
1.28
1.28
1.28
1.28
1.28
1.28
1.28
1.27986
1.28046
1.28001
1.28
1.28
1.28
1.28
1.28
1.28
1.28
1.27974
1.28058
1.28001
1.28
1.28
1.28
1.28
1.28
1.28
1.28
1.27961
1.28072
1.28002
1.28
1.28
1.28
1.28
1.28
1.28
1.28
1.27948
1.2809
1.28002
1.28
1.28
1.28
1.28
1.28
1.28
1.28
1.27935
1.28111
1.28003
1.28
1.28
1.28
1.28
1.28
1.28
1.28
1.27923
1.28137
1.28004
1.28
1.28
1.28
1.28
1.28
1.28
1.28
1.2791
1.28169
1.28006
1.28
1.28
1.28
1.28
1.28
1.28
1.27996
1.27962
1.2802
1.28
1.28
1.28
1.28
1.28
1.28
1.28
1.28
1.27939
1.28026
1.28001
1.28
1.28
1.28
1.28
1.28
1.28
1.28
1.27915
1.28034
1.28001
1.28
1.28
1.28
1.28
1.28
1.28
1.28
1.27889
1.28043
1.28001
1.28
1.28
1.28
1.28
1.28
1.28
1.28
1.27861
1.28055
1.28002
1.28
1.28
1.28
1.28
1.28
1.28
1.28
1.27829
1.2807
1.28002
1.28
1.28
1.28
1.28
1.28
1.28
1.28
1.27794
1.28088
1.28003
1.28
1.28
1.28
1.28
1.28
1.28
1.28
1.27756
1.28112
1.28004
1.28
1.28
1.28
1.28
1.28
1.28
1.28
1.27713
1.28142
1.28006
1.28
1.28
1.28
1.28
1.28
1.28
1.28
1.27664
1.2818
1.28009
1.28
1.28
1.28
1.28
1.28
1.28
1.27996
1.27891
1.28013
1.28
1.28
1.28
1.28
1.28
1.28
1.28
1.28
1.27855
1.28017
1.28
1.28
1.28
1.28
1.28
1.28
1.28
1.28
1.27816
1.28022
1.28001
1.28
1.28
1.28
1.28
1.28
1.28
1.28
1.27771
1.28028
1.28001
1.28
1.28
1.28
1.28
1.28
1.28
1.28
1.27719
1.28036
1.28001
1.28
1.28
1.28
1.28
1.28
1.28
1.28
1.27659
1.28046
1.28002
1.28
1.28
1.28
1.28
1.28
1.28
1.28
1.27589
1.2806
1.28003
1.28
1.28
1.28
1.28
1.28
1.28
1.28
1.27506
1.28077
1.28004
1.28
1.28
1.28
1.28
1.28
1.28
1.28
1.27407
1.28099
1.28007
1.28
1.28
1.28
1.28
1.28
1.28
1.28
1.27287
1.28128
1.2801
1.28
1.28
1.28
1.28
1.28
1.28
1.27997
1.27827
1.28003
1.28
1.28
1.28
1.28
1.28
1.28
1.28
1.28
1.27778
1.28003
1.28
1.28
1.28
1.28
1.28
1.28
1.28
1.28
1.27722
1.28004
1.28
1.28
1.28
1.28
1.28
1.28
1.28
1.28
1.27657
1.28005
1.28
1.28
1.28
1.28
1.28
1.28
1.28
1.28
1.2758
1.28006
1.28001
1.28
1.28
1.28
1.28
1.28
1.28
1.28
1.27488
1.28007
1.28001
1.28
1.28
1.28
1.28
1.28
1.28
1.28
1.27376
1.28008
1.28001
1.28
1.28
1.28
1.28
1.28
1.28
1.28
1.27241
1.28008
1.28002
1.28
1.28
1.28
1.28
1.28
1.28
1.28
1.27073
1.28008
1.28002
1.28
1.28
1.28
1.28
1.28
1.28
1.28
1.2686
1.28006
1.28004
1.28
1.28
1.28
1.28
1.28
1.28
1.28002
1.27788
1.27995
1.28
1.28
1.28
1.28
1.28
1.28
1.28
1.28
1.2773
1.27993
1.28
1.28
1.28
1.28
1.28
1.28
1.28
1.28
1.27664
1.2799
1.28
1.28
1.28
1.28
1.28
1.28
1.28
1.28
1.27585
1.27986
1.28
1.28
1.28
1.28
1.28
1.28
1.28
1.28
1.27491
1.27981
1.27999
1.28
1.28
1.28
1.28
1.28
1.28
1.28
1.27378
1.27974
1.27999
1.28
1.28
1.28
1.28
1.28
1.28
1.28
1.27239
1.27963
1.27999
1.28
1.28
1.28
1.28
1.28
1.28
1.28
1.27066
1.27947
1.27998
1.28
1.28
1.28
1.28
1.28
1.28
1.28
1.26851
1.27924
1.27996
1.28
1.28
1.28
1.28
1.28
1.28
1.28
1.26572
1.27888
1.27994
1.28
1.28
1.28
1.28
1.28
1.28002
1.28025
1.27788
1.27995
1.28
1.28
1.28
1.28
1.28
1.28
1.28
1.28
1.2773
1.27993
1.28
1.28
1.28
1.28
1.28
1.28
1.28
1.28
1.27664
1.2799
1.28
1.28
1.28
1.28
1.28
1.28
1.28
1.28
1.27585
1.27986
1.28
1.28
1.28
1.28
1.28
1.28
1.28
1.28
1.27491
1.27981
1.27999
1.28
1.28
1.28
1.28
1.28
1.28
1.28
1.27378
1.27974
1.27999
1.28
1.28
1.28
1.28
1.28
1.28
1.28
1.27239
1.27963
1.27999
1.28
1.28
1.28
1.28
1.28
1.28
1.28
1.27066
1.27947
1.27998
1.28
1.28
1.28
1.28
1.28
1.28
1.28
1.26851
1.27924
1.27996
1.28
1.28
1.28
1.28
1.28
1.28
1.28
1.26572
1.27888
1.27994
1.28
1.28
1.28
1.28
1.28
1.28002
1.28025
1.27827
1.28003
1.28
1.28
1.28
1.28
1.28
1.28
1.28
1.28
1.27778
1.28003
1.28
1.28
1.28
1.28
1.28
1.28
1.28
1.28
1.27722
1.28004
1.28
1.28
1.28
1.28
1.28
1.28
1.28
1.28
1.27657
1.28005
1.28
1.28
1.28
1.28
1.28
1.28
1.28
1.28
1.2758
1.28006
1.28001
1.28
1.28
1.28
1.28
1.28
1.28
1.28
1.27488
1.28007
1.28001
1.28
1.28
1.28
1.28
1.28
1.28
1.28
1.27376
1.28008
1.28001
1.28
1.28
1.28
1.28
1.28
1.28
1.28
1.27241
1.28008
1.28002
1.28
1.28
1.28
1.28
1.28
1.28
1.28
1.27073
1.28008
1.28002
1.28
1.28
1.28
1.28
1.28
1.28
1.28
1.2686
1.28006
1.28004
1.28
1.28
1.28
1.28
1.28
1.28
1.28002
1.27891
1.28013
1.28
1.28
1.28
1.28
1.28
1.28
1.28
1.28
1.27855
1.28017
1.28
1.28
1.28
1.28
1.28
1.28
1.28
1.28
1.27816
1.28022
1.28001
1.28
1.28
1.28
1.28
1.28
1.28
1.28
1.27771
1.28028
1.28001
1.28
1.28
1.28
1.28
1.28
1.28
1.28
1.27719
1.28036
1.28001
1.28
1.28
1.28
1.28
1.28
1.28
1.28
1.27659
1.28046
1.28002
1.28
1.28
1.28
1.28
1.28
1.28
1.28
1.27589
1.2806
1.28003
1.28
1.28
1.28
1.28
1.28
1.28
1.28
1.27506
1.28077
1.28004
1.28
1.28
1.28
1.28
1.28
1.28
1.28
1.27407
1.28099
1.28007
1.28
1.28
1.28
1.28
1.28
1.28
1.28
1.27287
1.28128
1.2801
1.28
1.28
1.28
1.28
1.28
1.28
1.27997
1.27962
1.2802
1.28
1.28
1.28
1.28
1.28
1.28
1.28
1.28
1.27939
1.28026
1.28001
1.28
1.28
1.28
1.28
1.28
1.28
1.28
1.27915
1.28034
1.28001
1.28
1.28
1.28
1.28
1.28
1.28
1.28
1.27889
1.28043
1.28001
1.28
1.28
1.28
1.28
1.28
1.28
1.28
1.27861
1.28055
1.28002
1.28
1.28
1.28
1.28
1.28
1.28
1.28
1.27829
1.2807
1.28002
1.28
1.28
1.28
1.28
1.28
1.28
1.28
1.27794
1.28088
1.28003
1.28
1.28
1.28
1.28
1.28
1.28
1.28
1.27756
1.28112
1.28004
1.28
1.28
1.28
1.28
1.28
1.28
1.28
1.27713
1.28142
1.28006
1.28
1.28
1.28
1.28
1.28
1.28
1.28
1.27664
1.2818
1.28009
1.28
1.28
1.28
1.28
1.28
1.28
1.27996
1.28026
1.28022
1.28
1.28
1.28
1.28
1.28
1.28
1.28
1.28
1.28012
1.28029
1.28001
1.28
1.28
1.28
1.28
1.28
1.28
1.28
1.27999
1.28037
1.28001
1.28
1.28
1.28
1.28
1.28
1.28
1.28
1.27986
1.28046
1.28001
1.28
1.28
1.28
1.28
1.28
1.28
1.28
1.27974
1.28058
1.28001
1.28
1.28
1.28
1.28
1.28
1.28
1.28
1.27961
1.28072
1.28002
1.28
1.28
1.28
1.28
1.28
1.28
1.28
1.27948
1.2809
1.28002
1.28
1.28
1.28
1.28
1.28
1.28
1.28
1.27935
1.28111
1.28003
1.28
1.28
1.28
1.28
1.28
1.28
1.28
1.27923
1.28137
1.28004
1.28
1.28
1.28
1.28
1.28
1.28
1.28
1.2791
1.28169
1.28006
1.28
1.28
1.28
1.28
1.28
1.28
1.27996
1.28083
1.2802
1.28
1.28
1.28
1.28
1.28
1.28
1.28
1.28
1.28071
1.28026
1.28
1.28
1.28
1.28
1.28
1.28
1.28
1.28
1.28063
1.28033
1.28001
1.28
1.28
1.28
1.28
1.28
1.28
1.28
1.28057
1.28041
1.28001
1.28
1.28
1.28
1.28
1.28
1.28
1.28
1.28051
1.28051
1.28001
1.28
1.28
1.28
1.28
1.28
1.28
1.28
1.28048
1.28062
1.28001
1.28
1.28
1.28
1.28
1.28
1.28
1.28
1.28045
1.28076
1.28002
1.28
1.28
1.28
1.28
1.28
1.28
1.28
1.28043
1.28092
1.28002
1.28
1.28
1.28
1.28
1.28
1.28
1.28
1.28043
1.28111
1.28003
1.28
1.28
1.28
1.28
1.28
1.28
1.28
1.28045
1.28133
1.28003
1.28
1.28
1.28
1.28
1.28
1.28
1.27996
1.28101
1.28014
1.28
1.28
1.28
1.28
1.28
1.28
1.28
1.28
1.28126
1.2802
1.28
1.28
1.28
1.28
1.28
1.28
1.28
1.28
1.28112
1.28025
1.28
1.28
1.28
1.28
1.28
1.28
1.28
1.28
1.28106
1.28032
1.28
1.28
1.28
1.28
1.28
1.28
1.28
1.28
1.28102
1.28039
1.28
1.28
1.28
1.28
1.28
1.28
1.28
1.28
1.28101
1.28047
1.28001
1.28
1.28
1.28
1.28
1.28
1.28
1.28
1.28101
1.28057
1.28001
1.28
1.28
1.28
1.28
1.28
1.28
1.28
1.28103
1.28068
1.28001
1.28
1.28
1.28
1.28
1.28
1.28
1.28
1.28106
1.28081
1.28001
1.28
1.28
1.28
1.28
1.28
1.28
1.28
1.28111
1.28095
1.28002
1.28
1.28
1.28
1.28
1.28
1.27999
1.27996
1.28083
1.28008
1.28
1.28
1.28
1.28
1.28
1.28
1.28
1.28
1.28086
1.28012
1.28
1.28
1.28
1.28
1.28
1.28
1.28
1.28
1.28122
1.28016
1.28
1.28
1.28
1.28
1.28
1.28
1.28
1.28
1.28149
1.28021
1.28
1.28
1.28
1.28
1.28
1.28
1.28
1.28
1.28142
1.28027
1.28
1.28
1.28
1.28
1.28
1.28
1.28
1.28
1.28137
1.28033
1.28
1.28
1.28
1.28
1.28
1.28
1.28
1.28
1.28136
1.28039
1.28
1.28
1.28
1.28
1.28
1.28
1.28
1.28
1.28136
1.28047
1.28
1.28
1.28
1.28
1.28
1.28
1.28
1.28
1.28139
1.28055
1.28001
1.28
1.28
1.28
1.28
1.28
1.28
1.28
1.28142
1.28064
1.28001
1.28
1.28
1.28
1.28
1.28
1.27999
1.27999
1.28083
1.28003
1.28
1.28
1.28
1.28
1.28
1.28
1.28
1.28
1.28091
1.28005
1.28
1.28
1.28
1.28
1.28
1.28
1.28
1.28
1.28092
1.28008
1.28
1.28
1.28
1.28
1.28
1.28
1.28
1.28
1.28093
1.28012
1.28
1.28
1.28
1.28
1.28
1.28
1.28
1.28
1.28123
1.28016
1.28
1.28
1.28
1.28
1.28
1.28
1.28
1.28
1.28151
1.2802
1.28
1.28
1.28
1.28
1.28
1.28
1.28
1.28
1.28173
1.28025
1.28
1.28
1.28
1.28
1.28
1.28
1.28
1.28
1.28164
1.2803
1.28
1.28
1.28
1.28
1.28
1.28
1.28
1.28
1.28161
1.28035
1.28
1.28
1.28
1.28
1.28
1.28
1.28
1.28
1.28161
1.28041
1.28
1.28
1.28
1.28
1.28
1.28
1.27999
1.28018
1.28049
1.27998
1.28
1.28
1.28
1.28
1.28
1.28
1.28
1.28
1.28056
1.28
1.28
1.28
1.28
1.28
1.28
1.28
1.28
1.28
1.28072
1.28002
1.28
1.28
1.28
1.28
1.28
1.28
1.28
1.28
1.28077
1.28005
1.28
1.28
1.28
1.28
1.28
1.28
1.28
1.28
1.28083
1.28007
1.28
1.28
1.28
1.28
1.28
1.28
1.28
1.28
1.28089
1.2801
1.28
1.28
1.28
1.28
1.28
1.28
1.28
1.28
1.28096
1.28013
1.28
1.28
1.28
1.28
1.28
1.28
1.28
1.28
1.28129
1.28016
1.28
1.28
1.28
1.28
1.28
1.28
1.28
1.28
1.28157
1.2802
1.28
1.28
1.28
1.28
1.28
1.28
1.28
1.28
1.28181
1.28024
1.28
1.28
1.28
1.28
1.28
1.28002
1.28013
1.28046
1.28236
1.28001
1.28
1.28
1.28
1.28
1.28
1.28
1.28
1.28
1.28232
1.28001
1.28
1.28
1.28
1.28
1.28
1.28
1.28
1.28
1.28221
1.28001
1.28
1.28
1.28
1.28
1.28
1.28
1.28
1.28
1.2824
1.28001
1.28
1.28
1.28
1.28
1.28
1.28
1.28
1.28
1.2826
1.28001
1.28
1.28
1.28
1.28
1.28
1.28
1.28
1.28
1.28282
1.28001
1.28
1.28
1.28
1.28
1.28
1.28
1.28
1.28
1.28306
1.28001
1.28
1.28
1.28
1.28
1.28
1.28
1.28
1.28
1.28334
1.28002
1.28
1.28
1.28
1.28
1.28
1.28
1.28
1.28
1.28366
1.28002
1.28
1.28
1.28
1.28
1.28
1.28
1.28
1.28
1.28399
1.28002
1.28
1.28
1.28
1.28
1.28
1.28
1.28002
1.28009
1.28024
1.28001
1.28
1.28
1.28
1.28
1.28
1.28
1.28
1.28
1.28026
1.28
1.28
1.28
1.28
1.28
1.28
1.28
1.28
1.28
1.28027
1.28
1.28
1.28
1.28
1.28
1.28
1.28
1.28
1.28
1.28035
1.28
1.28
1.28
1.28
1.28
1.28
1.28
1.28
1.28
1.28043
1.28
1.28
1.28
1.28
1.28
1.28
1.28
1.28
1.28
1.28049
1.28
1.28
1.28
1.28
1.28
1.28
1.28
1.28
1.28
1.28054
1.28
1.28
1.28
1.28
1.28
1.28
1.28
1.28
1.28
1.28056
1.28
1.28
1.28
1.28
1.28
1.28
1.28
1.28
1.28
1.28053
1.28
1.28
1.28
1.28
1.28
1.28
1.28
1.28
1.28
1.28044
1.28
1.28
1.28
1.28
1.28
1.28
1.28
1.28
1.28001
1.27912
1.28
1.28
1.28
1.28
1.28
1.28
1.28
1.28
1.28
1.2792
1.28
1.28
1.28
1.28
1.28
1.28
1.28
1.28
1.28
1.27929
1.28
1.28
1.28
1.28
1.28
1.28
1.28
1.28
1.28
1.27937
1.28
1.28
1.28
1.28
1.28
1.28
1.28
1.28
1.28
1.27945
1.28
1.28
1.28
1.28
1.28
1.28
1.28
1.28
1.28
1.27953
1.28
1.28
1.28
1.28
1.28
1.28
1.28
1.28
1.28
1.27961
1.28
1.28
1.28
1.28
1.28
1.28
1.28
1.28
1.28
1.2797
1.28
1.28
1.28
1.28
1.28
1.28
1.28
1.28
1.28
1.2798
1.28
1.28
1.28
1.28
1.28
1.28
1.28
1.28
1.28
1.27993
1.28
1.28
1.28
1.28
1.28
1.28
1.28
1.28
1.28
1.27888
1.27999
1.28
1.28
1.28
1.28
1.28
1.28
1.28
1.28
1.27898
1.28
1.28
1.28
1.28
1.28
1.28
1.28
1.28
1.28
1.27909
1.28
1.28
1.28
1.28
1.28
1.28
1.28
1.28
1.28
1.27919
1.28
1.28
1.28
1.28
1.28
1.28
1.28
1.28
1.28
1.27929
1.28
1.28
1.28
1.28
1.28
1.28
1.28
1.28
1.28
1.2794
1.28
1.28
1.28
1.28
1.28
1.28
1.28
1.28
1.28
1.27951
1.28
1.28
1.28
1.28
1.28
1.28
1.28
1.28
1.28
1.27963
1.28
1.28
1.28
1.28
1.28
1.28
1.28
1.28
1.28
1.27975
1.28
1.28
1.28
1.28
1.28
1.28
1.28
1.28
1.28
1.2799
1.28
1.28
1.28
1.28
1.28
1.28
1.28
1.28
1.28
1.27893
1.27999
1.28
1.28
1.28
1.28
1.28
1.28
1.28
1.28
1.27903
1.28
1.28
1.28
1.28
1.28
1.28
1.28
1.28
1.28
1.27914
1.28
1.28
1.28
1.28
1.28
1.28
1.28
1.28
1.28
1.27924
1.28
1.28
1.28
1.28
1.28
1.28
1.28
1.28
1.28
1.27934
1.28
1.28
1.28
1.28
1.28
1.28
1.28
1.28
1.28
1.27945
1.28
1.28
1.28
1.28
1.28
1.28
1.28
1.28
1.28
1.27956
1.28
1.28
1.28
1.28
1.28
1.28
1.28
1.28
1.28
1.27968
1.28
1.28
1.28
1.28
1.28
1.28
1.28
1.28
1.28
1.2798
1.28
1.28
1.28
1.28
1.28
1.28
1.28
1.28
1.28
1.27993
1.28
1.28
1.28
1.28
1.28
1.28
1.28
1.28
1.28
1.27902
1.28
1.28
1.28
1.28
1.28
1.28
1.28
1.28
1.28
1.27912
1.28
1.28
1.28
1.28
1.28
1.28
1.28
1.28
1.28
1.27921
1.28
1.28
1.28
1.28
1.28
1.28
1.28
1.28
1.28
1.27931
1.28
1.28
1.28
1.28
1.28
1.28
1.28
1.28
1.28
1.27941
1.28
1.28
1.28
1.28
1.28
1.28
1.28
1.28
1.28
1.27951
1.28
1.28
1.28
1.28
1.28
1.28
1.28
1.28
1.28
1.27962
1.28
1.28
1.28
1.28
1.28
1.28
1.28
1.28
1.28
1.27972
1.28
1.28
1.28
1.28
1.28
1.28
1.28
1.28
1.28
1.27983
1.28
1.28
1.28
1.28
1.28
1.28
1.28
1.28
1.28
1.27994
1.28
1.28
1.28
1.28
1.28
1.28
1.28
1.28
1.28
1.27908
1.28
1.28
1.28
1.28
1.28
1.28
1.28
1.28
1.28
1.27917
1.28
1.28
1.28
1.28
1.28
1.28
1.28
1.28
1.28
1.27926
1.28
1.28
1.28
1.28
1.28
1.28
1.28
1.28
1.28
1.27935
1.28
1.28
1.28
1.28
1.28
1.28
1.28
1.28
1.28
1.27945
1.28
1.28
1.28
1.28
1.28
1.28
1.28
1.28
1.28
1.27954
1.28
1.28
1.28
1.28
1.28
1.28
1.28
1.28
1.28
1.27964
1.28
1.28
1.28
1.28
1.28
1.28
1.28
1.28
1.28
1.27974
1.28
1.28
1.28
1.28
1.28
1.28
1.28
1.28
1.28
1.27985
1.28
1.28
1.28
1.28
1.28
1.28
1.28
1.28
1.28
1.27995
1.28
1.28
1.28
1.28
1.28
1.28
1.28
1.28
1.28
1.27907
1.28
1.28
1.28
1.28
1.28
1.28
1.28
1.28
1.28
1.27916
1.28
1.28
1.28
1.28
1.28
1.28
1.28
1.28
1.28
1.27925
1.28
1.28
1.28
1.28
1.28
1.28
1.28
1.28
1.28
1.27934
1.28
1.28
1.28
1.28
1.28
1.28
1.28
1.28
1.28
1.27944
1.28
1.28
1.28
1.28
1.28
1.28
1.28
1.28
1.28
1.27953
1.28
1.28
1.28
1.28
1.28
1.28
1.28
1.28
1.28
1.27963
1.28
1.28
1.28
1.28
1.28
1.28
1.28
1.28
1.28
1.27973
1.28
1.28
1.28
1.28
1.28
1.28
1.28
1.28
1.28
1.27984
1.28
1.28
1.28
1.28
1.28
1.28
1.28
1.28
1.28
1.27994
1.28
1.28
1.28
1.28
1.28
1.28
1.28
1.28
1.28
1.27893
1.28002
1.28002
1.28002
1.28002
1.28002
1.28002
1.28002
1.28001
1.28002
1.27903
1.28001
1.28002
1.28002
1.28002
1.28001
1.28001
1.28001
1.28001
1.28002
1.27913
1.28001
1.28001
1.28001
1.28001
1.28001
1.28001
1.28001
1.28001
1.28002
1.27924
1.28
1.28001
1.28001
1.28001
1.28001
1.28001
1.28001
1.28001
1.28002
1.27934
1.28
1.28
1.28
1.28
1.28001
1.28001
1.28001
1.28001
1.28001
1.27945
1.28
1.28
1.28
1.28
1.28
1.28
1.28
1.28
1.28001
1.27957
1.27999
1.28
1.28
1.28
1.28
1.28
1.28
1.28
1.28001
1.27968
1.27999
1.27999
1.28
1.28
1.28
1.28
1.28
1.28
1.28001
1.2798
1.27999
1.27999
1.27999
1.27999
1.27999
1.28
1.28
1.28
1.28
1.27992
1.27999
1.27999
1.27999
1.27999
1.27999
1.27999
1.27999
1.27999
1.27999
1.27847
1.27992
1.27994
1.27995
1.27996
1.27997
1.27997
1.27998
1.27998
1.28026
1.27862
1.27993
1.27994
1.27995
1.27995
1.27996
1.27996
1.27997
1.27997
1.28023
1.27877
1.27993
1.27995
1.27995
1.27995
1.27996
1.27996
1.27997
1.27997
1.28021
1.27893
1.27994
1.27995
1.27995
1.27996
1.27996
1.27996
1.27997
1.27997
1.28019
1.27908
1.27994
1.27995
1.27995
1.27996
1.27996
1.27996
1.27996
1.27997
1.28016
1.27923
1.27995
1.27995
1.27996
1.27996
1.27996
1.27996
1.27996
1.27997
1.28014
1.27939
1.27995
1.27995
1.27996
1.27996
1.27996
1.27996
1.27996
1.27996
1.2801
1.27955
1.27995
1.27995
1.27996
1.27996
1.27996
1.27996
1.27996
1.27996
1.28007
1.27971
1.27995
1.27995
1.27996
1.27996
1.27996
1.27996
1.27996
1.27996
1.28003
1.27987
1.27995
1.27994
1.27994
1.27993
1.27993
1.27993
1.27992
1.27992
1.27994
1.28026
1.27998
1.27998
1.27997
1.27997
1.27996
1.27995
1.27994
1.27992
1.27847
1.28023
1.27997
1.27997
1.27996
1.27996
1.27995
1.27995
1.27994
1.27993
1.27862
1.28021
1.27997
1.27997
1.27996
1.27996
1.27995
1.27995
1.27995
1.27993
1.27877
1.28019
1.27997
1.27997
1.27996
1.27996
1.27996
1.27995
1.27995
1.27994
1.27893
1.28016
1.27997
1.27996
1.27996
1.27996
1.27996
1.27995
1.27995
1.27994
1.27908
1.28014
1.27997
1.27996
1.27996
1.27996
1.27996
1.27996
1.27995
1.27995
1.27923
1.2801
1.27996
1.27996
1.27996
1.27996
1.27996
1.27996
1.27995
1.27995
1.27939
1.28007
1.27996
1.27996
1.27996
1.27996
1.27996
1.27996
1.27995
1.27995
1.27955
1.28003
1.27996
1.27996
1.27996
1.27996
1.27996
1.27996
1.27995
1.27995
1.27971
1.27994
1.27992
1.27992
1.27993
1.27993
1.27993
1.27994
1.27994
1.27995
1.27987
1.28002
1.28001
1.28002
1.28002
1.28002
1.28002
1.28002
1.28002
1.28002
1.27893
1.28002
1.28001
1.28001
1.28001
1.28001
1.28002
1.28002
1.28002
1.28001
1.27903
1.28002
1.28001
1.28001
1.28001
1.28001
1.28001
1.28001
1.28001
1.28001
1.27913
1.28002
1.28001
1.28001
1.28001
1.28001
1.28001
1.28001
1.28001
1.28
1.27924
1.28001
1.28001
1.28001
1.28001
1.28001
1.28
1.28
1.28
1.28
1.27934
1.28001
1.28
1.28
1.28
1.28
1.28
1.28
1.28
1.28
1.27945
1.28001
1.28
1.28
1.28
1.28
1.28
1.28
1.28
1.27999
1.27957
1.28001
1.28
1.28
1.28
1.28
1.28
1.28
1.27999
1.27999
1.27968
1.28
1.28
1.28
1.28
1.27999
1.27999
1.27999
1.27999
1.27999
1.2798
1.27999
1.27999
1.27999
1.27999
1.27999
1.27999
1.27999
1.27999
1.27999
1.27992
1.28
1.28
1.28
1.28
1.28
1.28
1.28
1.28
1.28
1.27907
1.28
1.28
1.28
1.28
1.28
1.28
1.28
1.28
1.28
1.27916
1.28
1.28
1.28
1.28
1.28
1.28
1.28
1.28
1.28
1.27925
1.28
1.28
1.28
1.28
1.28
1.28
1.28
1.28
1.28
1.27934
1.28
1.28
1.28
1.28
1.28
1.28
1.28
1.28
1.28
1.27944
1.28
1.28
1.28
1.28
1.28
1.28
1.28
1.28
1.28
1.27953
1.28
1.28
1.28
1.28
1.28
1.28
1.28
1.28
1.28
1.27963
1.28
1.28
1.28
1.28
1.28
1.28
1.28
1.28
1.28
1.27973
1.28
1.28
1.28
1.28
1.28
1.28
1.28
1.28
1.28
1.27984
1.28
1.28
1.28
1.28
1.28
1.28
1.28
1.28
1.28
1.27994
1.28
1.28
1.28
1.28
1.28
1.28
1.28
1.28
1.28
1.27908
1.28
1.28
1.28
1.28
1.28
1.28
1.28
1.28
1.28
1.27917
1.28
1.28
1.28
1.28
1.28
1.28
1.28
1.28
1.28
1.27926
1.28
1.28
1.28
1.28
1.28
1.28
1.28
1.28
1.28
1.27935
1.28
1.28
1.28
1.28
1.28
1.28
1.28
1.28
1.28
1.27945
1.28
1.28
1.28
1.28
1.28
1.28
1.28
1.28
1.28
1.27954
1.28
1.28
1.28
1.28
1.28
1.28
1.28
1.28
1.28
1.27964
1.28
1.28
1.28
1.28
1.28
1.28
1.28
1.28
1.28
1.27974
1.28
1.28
1.28
1.28
1.28
1.28
1.28
1.28
1.28
1.27985
1.28
1.28
1.28
1.28
1.28
1.28
1.28
1.28
1.28
1.27995
1.28
1.28
1.28
1.28
1.28
1.28
1.28
1.28
1.28
1.27902
1.28
1.28
1.28
1.28
1.28
1.28
1.28
1.28
1.28
1.27912
1.28
1.28
1.28
1.28
1.28
1.28
1.28
1.28
1.28
1.27921
1.28
1.28
1.28
1.28
1.28
1.28
1.28
1.28
1.28
1.27931
1.28
1.28
1.28
1.28
1.28
1.28
1.28
1.28
1.28
1.27941
1.28
1.28
1.28
1.28
1.28
1.28
1.28
1.28
1.28
1.27951
1.28
1.28
1.28
1.28
1.28
1.28
1.28
1.28
1.28
1.27962
1.28
1.28
1.28
1.28
1.28
1.28
1.28
1.28
1.28
1.27972
1.28
1.28
1.28
1.28
1.28
1.28
1.28
1.28
1.28
1.27983
1.28
1.28
1.28
1.28
1.28
1.28
1.28
1.28
1.28
1.27994
1.28
1.28
1.28
1.28
1.28
1.28
1.28
1.28
1.27999
1.27893
1.28
1.28
1.28
1.28
1.28
1.28
1.28
1.28
1.28
1.27903
1.28
1.28
1.28
1.28
1.28
1.28
1.28
1.28
1.28
1.27914
1.28
1.28
1.28
1.28
1.28
1.28
1.28
1.28
1.28
1.27924
1.28
1.28
1.28
1.28
1.28
1.28
1.28
1.28
1.28
1.27934
1.28
1.28
1.28
1.28
1.28
1.28
1.28
1.28
1.28
1.27945
1.28
1.28
1.28
1.28
1.28
1.28
1.28
1.28
1.28
1.27956
1.28
1.28
1.28
1.28
1.28
1.28
1.28
1.28
1.28
1.27968
1.28
1.28
1.28
1.28
1.28
1.28
1.28
1.28
1.28
1.2798
1.28
1.28
1.28
1.28
1.28
1.28
1.28
1.28
1.28
1.27993
1.28
1.28
1.28
1.28
1.28
1.28
1.28
1.28
1.27999
1.27888
1.28
1.28
1.28
1.28
1.28
1.28
1.28
1.28
1.28
1.27898
1.28
1.28
1.28
1.28
1.28
1.28
1.28
1.28
1.28
1.27909
1.28
1.28
1.28
1.28
1.28
1.28
1.28
1.28
1.28
1.27919
1.28
1.28
1.28
1.28
1.28
1.28
1.28
1.28
1.28
1.27929
1.28
1.28
1.28
1.28
1.28
1.28
1.28
1.28
1.28
1.2794
1.28
1.28
1.28
1.28
1.28
1.28
1.28
1.28
1.28
1.27951
1.28
1.28
1.28
1.28
1.28
1.28
1.28
1.28
1.28
1.27963
1.28
1.28
1.28
1.28
1.28
1.28
1.28
1.28
1.28
1.27975
1.28
1.28
1.28
1.28
1.28
1.28
1.28
1.28
1.28
1.2799
1.28
1.28
1.28
1.28
1.28
1.28
1.28
1.28
1.28
1.27912
1.28
1.28
1.28
1.28
1.28
1.28
1.28
1.28
1.28
1.2792
1.28
1.28
1.28
1.28
1.28
1.28
1.28
1.28
1.28
1.27929
1.28
1.28
1.28
1.28
1.28
1.28
1.28
1.28
1.28
1.27937
1.28
1.28
1.28
1.28
1.28
1.28
1.28
1.28
1.28
1.27945
1.28
1.28
1.28
1.28
1.28
1.28
1.28
1.28
1.28
1.27953
1.28
1.28
1.28
1.28
1.28
1.28
1.28
1.28
1.28
1.27961
1.28
1.28
1.28
1.28
1.28
1.28
1.28
1.28
1.28
1.2797
1.28
1.28
1.28
1.28
1.28
1.28
1.28
1.28
1.28
1.2798
1.28
1.28
1.28
1.28
1.28
1.28
1.28
1.28
1.28
1.27993
1.28
1.28
1.28
1.28
1.28
1.28
1.28
1.28
1.28001
1.28024
1.28
1.28
1.28
1.28
1.28
1.28
1.28
1.28
1.28
1.28026
1.28
1.28
1.28
1.28
1.28
1.28
1.28
1.28
1.28
1.28027
1.28
1.28
1.28
1.28
1.28
1.28
1.28
1.28
1.28
1.28035
1.28
1.28
1.28
1.28
1.28
1.28
1.28
1.28
1.28
1.28043
1.28
1.28
1.28
1.28
1.28
1.28
1.28
1.28
1.28
1.28049
1.28
1.28
1.28
1.28
1.28
1.28
1.28
1.28
1.28
1.28054
1.28
1.28
1.28
1.28
1.28
1.28
1.28
1.28
1.28
1.28056
1.28
1.28
1.28
1.28
1.28
1.28
1.28
1.28
1.28
1.28053
1.28001
1.28
1.28
1.28
1.28
1.28
1.28
1.28
1.28
1.28044
1.28
1.28
1.28
1.28
1.28
1.28
1.28
1.28
1.28001
1.28236
1.28
1.28
1.28
1.28
1.28
1.28
1.28
1.28
1.28001
1.28232
1.28
1.28
1.28
1.28
1.28
1.28
1.28
1.28
1.28001
1.28221
1.28
1.28
1.28
1.28
1.28
1.28
1.28
1.28
1.28001
1.2824
1.28
1.28
1.28
1.28
1.28
1.28
1.28
1.28
1.28001
1.2826
1.28
1.28
1.28
1.28
1.28
1.28
1.28
1.28
1.28001
1.28282
1.28
1.28
1.28
1.28
1.28
1.28
1.28
1.28
1.28001
1.28306
1.28
1.28
1.28
1.28
1.28
1.28
1.28
1.28
1.28002
1.28334
1.28
1.28
1.28
1.28
1.28
1.28
1.28
1.28
1.28002
1.28366
1.28009
1.28002
1.28
1.28
1.28
1.28
1.28
1.28
1.28002
1.28399
1.28
1.28
1.28
1.28
1.28
1.28
1.28
1.28
1.27998
1.28049
1.28
1.28
1.28
1.28
1.28
1.28
1.28
1.28
1.28
1.28056
1.28
1.28
1.28
1.28
1.28
1.28
1.28
1.28
1.28002
1.28072
1.28
1.28
1.28
1.28
1.28
1.28
1.28
1.28
1.28005
1.28077
1.28
1.28
1.28
1.28
1.28
1.28
1.28
1.28
1.28007
1.28083
1.28
1.28
1.28
1.28
1.28
1.28
1.28
1.28
1.2801
1.28089
1.28
1.28
1.28
1.28
1.28
1.28
1.28
1.28
1.28013
1.28096
1.28
1.28
1.28
1.28
1.28
1.28
1.28
1.28
1.28016
1.28129
1.28
1.28
1.28
1.28
1.28
1.28
1.28
1.28
1.2802
1.28157
1.28046
1.28013
1.28002
1.28
1.28
1.28
1.28
1.28
1.28024
1.28181
1.28
1.28
1.28
1.28
1.28
1.28
1.28
1.28
1.28003
1.28083
1.28
1.28
1.28
1.28
1.28
1.28
1.28
1.28
1.28005
1.28091
1.28
1.28
1.28
1.28
1.28
1.28
1.28
1.28
1.28008
1.28092
1.28
1.28
1.28
1.28
1.28
1.28
1.28
1.28
1.28012
1.28093
1.28
1.28
1.28
1.28
1.28
1.28
1.28
1.28
1.28016
1.28123
1.28
1.28
1.28
1.28
1.28
1.28
1.28
1.28
1.2802
1.28151
1.28
1.28
1.28
1.28
1.28
1.28
1.28
1.28
1.28025
1.28173
1.28
1.28
1.28
1.28
1.28
1.28
1.28
1.28
1.2803
1.28164
1.28
1.28
1.28
1.28
1.28
1.28
1.28
1.28
1.28035
1.28161
1.28018
1.27999
1.28
1.28
1.28
1.28
1.28
1.28
1.28041
1.28161
1.28
1.28
1.28
1.28
1.28
1.28
1.28
1.28
1.28008
1.28083
1.28
1.28
1.28
1.28
1.28
1.28
1.28
1.28
1.28012
1.28086
1.28
1.28
1.28
1.28
1.28
1.28
1.28
1.28
1.28016
1.28122
1.28
1.28
1.28
1.28
1.28
1.28
1.28
1.28
1.28021
1.28149
1.28
1.28
1.28
1.28
1.28
1.28
1.28
1.28
1.28027
1.28142
1.28
1.28
1.28
1.28
1.28
1.28
1.28
1.28
1.28033
1.28137
1.28
1.28
1.28
1.28
1.28
1.28
1.28
1.28
1.28039
1.28136
1.28
1.28
1.28
1.28
1.28
1.28
1.28
1.28
1.28047
1.28136
1.28
1.28
1.28
1.28
1.28
1.28
1.28
1.28001
1.28055
1.28139
1.27999
1.27999
1.28
1.28
1.28
1.28
1.28
1.28001
1.28064
1.28142
1.28
1.28
1.28
1.28
1.28
1.28
1.28
1.28
1.28014
1.28101
1.28
1.28
1.28
1.28
1.28
1.28
1.28
1.28
1.2802
1.28126
1.28
1.28
1.28
1.28
1.28
1.28
1.28
1.28
1.28025
1.28112
1.28
1.28
1.28
1.28
1.28
1.28
1.28
1.28
1.28032
1.28106
1.28
1.28
1.28
1.28
1.28
1.28
1.28
1.28
1.28039
1.28102
1.28
1.28
1.28
1.28
1.28
1.28
1.28
1.28001
1.28047
1.28101
1.28
1.28
1.28
1.28
1.28
1.28
1.28
1.28001
1.28057
1.28101
1.28
1.28
1.28
1.28
1.28
1.28
1.28
1.28001
1.28068
1.28103
1.28
1.28
1.28
1.28
1.28
1.28
1.28
1.28001
1.28081
1.28106
1.27996
1.27999
1.28
1.28
1.28
1.28
1.28
1.28002
1.28095
1.28111
1.28
1.28
1.28
1.28
1.28
1.28
1.28
1.28
1.2802
1.28083
1.28
1.28
1.28
1.28
1.28
1.28
1.28
1.28
1.28026
1.28071
1.28
1.28
1.28
1.28
1.28
1.28
1.28
1.28001
1.28033
1.28063
1.28
1.28
1.28
1.28
1.28
1.28
1.28
1.28001
1.28041
1.28057
1.28
1.28
1.28
1.28
1.28
1.28
1.28
1.28001
1.28051
1.28051
1.28
1.28
1.28
1.28
1.28
1.28
1.28
1.28001
1.28062
1.28048
1.28
1.28
1.28
1.28
1.28
1.28
1.28
1.28002
1.28076
1.28045
1.28
1.28
1.28
1.28
1.28
1.28
1.28
1.28002
1.28092
1.28043
1.28
1.28
1.28
1.28
1.28
1.28
1.28
1.28003
1.28111
1.28043
1.27996
1.28
1.28
1.28
1.28
1.28
1.28
1.28003
1.28133
1.28045
1.28
1.28
1.28
1.28
1.28
1.28
1.28
1.28
1.28022
1.28026
1.28
1.28
1.28
1.28
1.28
1.28
1.28
1.28001
1.28029
1.28012
1.28
1.28
1.28
1.28
1.28
1.28
1.28
1.28001
1.28037
1.27999
1.28
1.28
1.28
1.28
1.28
1.28
1.28
1.28001
1.28046
1.27986
1.28
1.28
1.28
1.28
1.28
1.28
1.28
1.28001
1.28058
1.27974
1.28
1.28
1.28
1.28
1.28
1.28
1.28
1.28002
1.28072
1.27961
1.28
1.28
1.28
1.28
1.28
1.28
1.28
1.28002
1.2809
1.27948
1.28
1.28
1.28
1.28
1.28
1.28
1.28
1.28003
1.28111
1.27935
1.28
1.28
1.28
1.28
1.28
1.28
1.28
1.28004
1.28137
1.27923
1.27996
1.28
1.28
1.28
1.28
1.28
1.28
1.28006
1.28169
1.2791
1.28
1.28
1.28
1.28
1.28
1.28
1.28
1.28
1.2802
1.27962
1.28
1.28
1.28
1.28
1.28
1.28
1.28
1.28001
1.28026
1.27939
1.28
1.28
1.28
1.28
1.28
1.28
1.28
1.28001
1.28034
1.27915
1.28
1.28
1.28
1.28
1.28
1.28
1.28
1.28001
1.28043
1.27889
1.28
1.28
1.28
1.28
1.28
1.28
1.28
1.28002
1.28055
1.27861
1.28
1.28
1.28
1.28
1.28
1.28
1.28
1.28002
1.2807
1.27829
1.28
1.28
1.28
1.28
1.28
1.28
1.28
1.28003
1.28088
1.27794
1.28
1.28
1.28
1.28
1.28
1.28
1.28
1.28004
1.28112
1.27756
1.28
1.28
1.28
1.28
1.28
1.28
1.28
1.28006
1.28142
1.27713
1.27996
1.28
1.28
1.28
1.28
1.28
1.28
1.28009
1.2818
1.27664
1.28
1.28
1.28
1.28
1.28
1.28
1.28
1.28
1.28013
1.27891
1.28
1.28
1.28
1.28
1.28
1.28
1.28
1.28
1.28017
1.27855
1.28
1.28
1.28
1.28
1.28
1.28
1.28
1.28001
1.28022
1.27816
1.28
1.28
1.28
1.28
1.28
1.28
1.28
1.28001
1.28028
1.27771
1.28
1.28
1.28
1.28
1.28
1.28
1.28
1.28001
1.28036
1.27719
1.28
1.28
1.28
1.28
1.28
1.28
1.28
1.28002
1.28046
1.27659
1.28
1.28
1.28
1.28
1.28
1.28
1.28
1.28003
1.2806
1.27589
1.28
1.28
1.28
1.28
1.28
1.28
1.28
1.28004
1.28077
1.27506
1.28
1.28
1.28
1.28
1.28
1.28
1.28
1.28007
1.28099
1.27407
1.27997
1.28
1.28
1.28
1.28
1.28
1.28
1.2801
1.28128
1.27287
1.28
1.28
1.28
1.28
1.28
1.28
1.28
1.28
1.28003
1.27827
1.28
1.28
1.28
1.28
1.28
1.28
1.28
1.28
1.28003
1.27778
1.28
1.28
1.28
1.28
1.28
1.28
1.28
1.28
1.28004
1.27722
1.28
1.28
1.28
1.28
1.28
1.28
1.28
1.28
1.28005
1.27657
1.28
1.28
1.28
1.28
1.28
1.28
1.28
1.28001
1.28006
1.2758
1.28
1.28
1.28
1.28
1.28
1.28
1.28
1.28001
1.28007
1.27488
1.28
1.28
1.28
1.28
1.28
1.28
1.28
1.28001
1.28008
1.27376
1.28
1.28
1.28
1.28
1.28
1.28
1.28
1.28002
1.28008
1.27241
1.28
1.28
1.28
1.28
1.28
1.28
1.28
1.28002
1.28008
1.27073
1.28002
1.28
1.28
1.28
1.28
1.28
1.28
1.28004
1.28006
1.2686
1.28
1.28
1.28
1.28
1.28
1.28
1.28
1.28
1.27995
1.27788
1.28
1.28
1.28
1.28
1.28
1.28
1.28
1.28
1.27993
1.2773
1.28
1.28
1.28
1.28
1.28
1.28
1.28
1.28
1.2799
1.27664
1.28
1.28
1.28
1.28
1.28
1.28
1.28
1.28
1.27986
1.27586
1.28
1.28
1.28
1.28
1.28
1.28
1.28
1.27999
1.27981
1.27492
1.28
1.28
1.28
1.28
1.28
1.28
1.28
1.27999
1.27974
1.27378
1.28
1.28
1.28
1.28
1.28
1.28
1.28
1.27999
1.27963
1.27239
1.28
1.28
1.28
1.28
1.28
1.28
1.28
1.27998
1.27947
1.27066
1.28
1.28
1.28
1.28
1.28
1.28
1.28
1.27996
1.27924
1.26851
1.28025
1.28002
1.28
1.28
1.28
1.28
1.28
1.27994
1.27888
1.26572
1.28
1.28
1.28
1.28
1.28
1.28
1.28
1.28
1.27995
1.27788
1.28
1.28
1.28
1.28
1.28
1.28
1.28
1.28
1.27993
1.2773
1.28
1.28
1.28
1.28
1.28
1.28
1.28
1.28
1.2799
1.27664
1.28
1.28
1.28
1.28
1.28
1.28
1.28
1.28
1.27986
1.27585
1.28
1.28
1.28
1.28
1.28
1.28
1.28
1.27999
1.27981
1.27491
1.28
1.28
1.28
1.28
1.28
1.28
1.28
1.27999
1.27974
1.27377
1.28
1.28
1.28
1.28
1.28
1.28
1.28
1.27999
1.27963
1.27238
1.28
1.28
1.28
1.28
1.28
1.28
1.28
1.27998
1.27947
1.27066
1.28
1.28
1.28
1.28
1.28
1.28
1.28
1.27996
1.27924
1.2685
1.28025
1.28002
1.28
1.28
1.28
1.28
1.28
1.27994
1.27888
1.26572
1.28
1.28
1.28
1.28
1.28
1.28
1.28
1.28
1.28003
1.27826
1.28
1.28
1.28
1.28
1.28
1.28
1.28
1.28
1.28003
1.27777
1.28
1.28
1.28
1.28
1.28
1.28
1.28
1.28
1.28004
1.27721
1.28
1.28
1.28
1.28
1.28
1.28
1.28
1.28
1.28005
1.27656
1.28
1.28
1.28
1.28
1.28
1.28
1.28
1.28001
1.28006
1.27579
1.28
1.28
1.28
1.28
1.28
1.28
1.28
1.28001
1.28007
1.27487
1.28
1.28
1.28
1.28
1.28
1.28
1.28
1.28001
1.28007
1.27375
1.28
1.28
1.28
1.28
1.28
1.28
1.28
1.28002
1.28008
1.2724
1.28
1.28
1.28
1.28
1.28
1.28
1.28
1.28002
1.28008
1.27072
1.28002
1.28
1.28
1.28
1.28
1.28
1.28
1.28004
1.28006
1.2686
1.28
1.28
1.28
1.28
1.28
1.28
1.28
1.28
1.28013
1.2789
1.28
1.28
1.28
1.28
1.28
1.28
1.28
1.28
1.28017
1.27854
1.28
1.28
1.28
1.28
1.28
1.28
1.28
1.28001
1.28022
1.27815
1.28
1.28
1.28
1.28
1.28
1.28
1.28
1.28001
1.28028
1.2777
1.28
1.28
1.28
1.28
1.28
1.28
1.28
1.28001
1.28036
1.27718
1.28
1.28
1.28
1.28
1.28
1.28
1.28
1.28002
1.28046
1.27658
1.28
1.28
1.28
1.28
1.28
1.28
1.28
1.28003
1.2806
1.27588
1.28
1.28
1.28
1.28
1.28
1.28
1.28
1.28004
1.28077
1.27505
1.28
1.28
1.28
1.28
1.28
1.28
1.28
1.28007
1.28099
1.27407
1.27997
1.28
1.28
1.28
1.28
1.28
1.28
1.2801
1.28128
1.27287
1.28
1.28
1.28
1.28
1.28
1.28
1.28
1.28
1.2802
1.27961
1.28
1.28
1.28
1.28
1.28
1.28
1.28
1.28001
1.28026
1.27938
1.28
1.28
1.28
1.28
1.28
1.28
1.28
1.28001
1.28034
1.27914
1.28
1.28
1.28
1.28
1.28
1.28
1.28
1.28001
1.28043
1.27889
1.28
1.28
1.28
1.28
1.28
1.28
1.28
1.28002
1.28055
1.2786
1.28
1.28
1.28
1.28
1.28
1.28
1.28
1.28002
1.2807
1.27829
1.28
1.28
1.28
1.28
1.28
1.28
1.28
1.28003
1.28088
1.27794
1.28
1.28
1.28
1.28
1.28
1.28
1.28
1.28004
1.28112
1.27755
1.28
1.28
1.28
1.28
1.28
1.28
1.28
1.28006
1.28142
1.27713
1.27996
1.28
1.28
1.28
1.28
1.28
1.28
1.28009
1.2818
1.27664
1.28
1.28
1.28
1.28
1.28
1.28
1.28
1.28
1.28022
1.28026
1.28
1.28
1.28
1.28
1.28
1.28
1.28
1.28001
1.28029
1.28012
1.28
1.28
1.28
1.28
1.28
1.28
1.28
1.28001
1.28037
1.27999
1.28
1.28
1.28
1.28
1.28
1.28
1.28
1.28001
1.28047
1.27986
1.28
1.28
1.28
1.28
1.28
1.28
1.28
1.28001
1.28058
1.27973
1.28
1.28
1.28
1.28
1.28
1.28
1.28
1.28002
1.28073
1.2796
1.28
1.28
1.28
1.28
1.28
1.28
1.28
1.28002
1.2809
1.27947
1.28
1.28
1.28
1.28
1.28
1.28
1.28
1.28003
1.28111
1.27935
1.28
1.28
1.28
1.28
1.28
1.28
1.28
1.28004
1.28137
1.27923
1.27996
1.28
1.28
1.28
1.28
1.28
1.28
1.28006
1.28169
1.2791
1.28
1.28
1.28
1.28
1.28
1.28
1.28
1.28
1.2802
1.28082
1.28
1.28
1.28
1.28
1.28
1.28
1.28
1.28
1.28026
1.28071
1.28
1.28
1.28
1.28
1.28
1.28
1.28
1.28001
1.28033
1.28063
1.28
1.28
1.28
1.28
1.28
1.28
1.28
1.28001
1.28041
1.28057
1.28
1.28
1.28
1.28
1.28
1.28
1.28
1.28001
1.28051
1.28052
1.28
1.28
1.28
1.28
1.28
1.28
1.28
1.28001
1.28062
1.28048
1.28
1.28
1.28
1.28
1.28
1.28
1.28
1.28002
1.28076
1.28045
1.28
1.28
1.28
1.28
1.28
1.28
1.28
1.28002
1.28092
1.28043
1.28
1.28
1.28
1.28
1.28
1.28
1.28
1.28003
1.28111
1.28044
1.27996
1.28
1.28
1.28
1.28
1.28
1.28
1.28003
1.28133
1.28045
1.28
1.28
1.28
1.28
1.28
1.28
1.28
1.28
1.28014
1.28102
1.28
1.28
1.28
1.28
1.28
1.28
1.28
1.28
1.2802
1.28126
1.28
1.28
1.28
1.28
1.28
1.28
1.28
1.28
1.28025
1.28112
1.28
1.28
1.28
1.28
1.28
1.28
1.28
1.28
1.28032
1.28106
1.28
1.28
1.28
1.28
1.28
1.28
1.28
1.28
1.28039
1.28103
1.28
1.28
1.28
1.28
1.28
1.28
1.28
1.28001
1.28047
1.28101
1.28
1.28
1.28
1.28
1.28
1.28
1.28
1.28001
1.28057
1.28101
1.28
1.28
1.28
1.28
1.28
1.28
1.28
1.28001
1.28068
1.28103
1.28
1.28
1.28
1.28
1.28
1.28
1.28
1.28001
1.28081
1.28106
1.27996
1.27999
1.28
1.28
1.28
1.28
1.28
1.28002
1.28095
1.28111
1.28
1.28
1.28
1.28
1.28
1.28
1.28
1.28
1.28008
1.28083
1.28
1.28
1.28
1.28
1.28
1.28
1.28
1.28
1.28012
1.28087
1.28
1.28
1.28
1.28
1.28
1.28
1.28
1.28
1.28017
1.28122
1.28
1.28
1.28
1.28
1.28
1.28
1.28
1.28
1.28022
1.2815
1.28
1.28
1.28
1.28
1.28
1.28
1.28
1.28
1.28027
1.28142
1.28
1.28
1.28
1.28
1.28
1.28
1.28
1.28
1.28033
1.28137
1.28
1.28
1.28
1.28
1.28
1.28
1.28
1.28
1.2804
1.28136
1.28
1.28
1.28
1.28
1.28
1.28
1.28
1.28
1.28047
1.28136
1.28
1.28
1.28
1.28
1.28
1.28
1.28
1.28001
1.28055
1.28139
1.27999
1.27999
1.28
1.28
1.28
1.28
1.28
1.28001
1.28064
1.28142
1.28
1.28
1.28
1.28
1.28
1.28
1.28
1.28
1.28003
1.28084
1.28
1.28
1.28
1.28
1.28
1.28
1.28
1.28
1.28005
1.28091
1.28
1.28
1.28
1.28
1.28
1.28
1.28
1.28
1.28009
1.28092
1.28
1.28
1.28
1.28
1.28
1.28
1.28
1.28
1.28012
1.28093
1.28
1.28
1.28
1.28
1.28
1.28
1.28
1.28
1.28016
1.28124
1.28
1.28
1.28
1.28
1.28
1.28
1.28
1.28
1.2802
1.28151
1.28
1.28
1.28
1.28
1.28
1.28
1.28
1.28
1.28025
1.28173
1.28
1.28
1.28
1.28
1.28
1.28
1.28
1.28
1.2803
1.28164
1.28
1.28
1.28
1.28
1.28
1.28
1.28
1.28
1.28035
1.28161
1.28018
1.27999
1.28
1.28
1.28
1.28
1.28
1.28
1.28041
1.28161
1.28
1.28
1.28
1.28
1.28
1.28
1.28
1.28
1.27998
1.28049
1.28
1.28
1.28
1.28
1.28
1.28
1.28
1.28
1.28
1.28056
1.28
1.28
1.28
1.28
1.28
1.28
1.28
1.28
1.28002
1.28072
1.28
1.28
1.28
1.28
1.28
1.28
1.28
1.28
1.28005
1.28077
1.28
1.28
1.28
1.28
1.28
1.28
1.28
1.28
1.28007
1.28083
1.28
1.28
1.28
1.28
1.28
1.28
1.28
1.28
1.2801
1.28089
1.28
1.28
1.28
1.28
1.28
1.28
1.28
1.28
1.28013
1.28096
1.28
1.28
1.28
1.28
1.28
1.28
1.28
1.28
1.28016
1.2813
1.28
1.28
1.28
1.28
1.28
1.28
1.28
1.28
1.2802
1.28157
1.28045
1.28013
1.28002
1.28
1.28
1.28
1.28
1.28
1.28024
1.28181
1.28
1.28
1.28
1.28
1.28
1.28
1.28
1.28
1.28001
1.28237
1.28
1.28
1.28
1.28
1.28
1.28
1.28
1.28
1.28001
1.28232
1.28
1.28
1.28
1.28
1.28
1.28
1.28
1.28
1.28001
1.28221
1.28
1.28
1.28
1.28
1.28
1.28
1.28
1.28
1.28001
1.2824
1.28
1.28
1.28
1.28
1.28
1.28
1.28
1.28
1.28001
1.28261
1.28
1.28
1.28
1.28
1.28
1.28
1.28
1.28
1.28001
1.28283
1.28
1.28
1.28
1.28
1.28
1.28
1.28
1.28
1.28001
1.28306
1.28
1.28
1.28
1.28
1.28
1.28
1.28
1.28
1.28002
1.28334
1.28
1.28
1.28
1.28
1.28
1.28
1.28
1.28
1.28002
1.28366
1.28009
1.28002
1.28
1.28
1.28
1.28
1.28
1.28
1.28002
1.28399
1.28
1.28
1.28
1.28
1.28
1.28
1.28
1.28
1.28001
1.28024
1.28
1.28
1.28
1.28
1.28
1.28
1.28
1.28
1.28
1.28026
1.28
1.28
1.28
1.28
1.28
1.28
1.28
1.28
1.28
1.28027
1.28
1.28
1.28
1.28
1.28
1.28
1.28
1.28
1.28
1.28035
1.28
1.28
1.28
1.28
1.28
1.28
1.28
1.28
1.28
1.28043
1.28
1.28
1.28
1.28
1.28
1.28
1.28
1.28
1.28
1.28049
1.28
1.28
1.28
1.28
1.28
1.28
1.28
1.28
1.28
1.28054
1.28
1.28
1.28
1.28
1.28
1.28
1.28
1.28
1.28
1.28056
1.28
1.28
1.28
1.28
1.28
1.28
1.28
1.28
1.28
1.28053
1.28001
1.28
1.28
1.28
1.28
1.28
1.28
1.28
1.28
1.28044
1.28
1.28
1.28
1.28
1.28
1.28
1.28
1.28
1.28
1.27912
1.28
1.28
1.28
1.28
1.28
1.28
1.28
1.28
1.28
1.2792
1.28
1.28
1.28
1.28
1.28
1.28
1.28
1.28
1.28
1.27929
1.28
1.28
1.28
1.28
1.28
1.28
1.28
1.28
1.28
1.27937
1.28
1.28
1.28
1.28
1.28
1.28
1.28
1.28
1.28
1.27945
1.28
1.28
1.28
1.28
1.28
1.28
1.28
1.28
1.28
1.27953
1.28
1.28
1.28
1.28
1.28
1.28
1.28
1.28
1.28
1.27961
1.28
1.28
1.28
1.28
1.28
1.28
1.28
1.28
1.28
1.2797
1.28
1.28
1.28
1.28
1.28
1.28
1.28
1.28
1.28
1.2798
1.28
1.28
1.28
1.28
1.28
1.28
1.28
1.28
1.28
1.27993
1.28
1.28
1.28
1.28
1.28
1.28
1.28
1.28
1.27999
1.27888
1.28
1.28
1.28
1.28
1.28
1.28
1.28
1.28
1.28
1.27898
1.28
1.28
1.28
1.28
1.28
1.28
1.28
1.28
1.28
1.27909
1.28
1.28
1.28
1.28
1.28
1.28
1.28
1.28
1.28
1.27919
1.28
1.28
1.28
1.28
1.28
1.28
1.28
1.28
1.28
1.27929
1.28
1.28
1.28
1.28
1.28
1.28
1.28
1.28
1.28
1.2794
1.28
1.28
1.28
1.28
1.28
1.28
1.28
1.28
1.28
1.27951
1.28
1.28
1.28
1.28
1.28
1.28
1.28
1.28
1.28
1.27963
1.28
1.28
1.28
1.28
1.28
1.28
1.28
1.28
1.28
1.27975
1.28
1.28
1.28
1.28
1.28
1.28
1.28
1.28
1.28
1.2799
1.28
1.28
1.28
1.28
1.28
1.28
1.28
1.28
1.27999
1.27893
1.28
1.28
1.28
1.28
1.28
1.28
1.28
1.28
1.28
1.27903
1.28
1.28
1.28
1.28
1.28
1.28
1.28
1.28
1.28
1.27914
1.28
1.28
1.28
1.28
1.28
1.28
1.28
1.28
1.28
1.27924
1.28
1.28
1.28
1.28
1.28
1.28
1.28
1.28
1.28
1.27934
1.28
1.28
1.28
1.28
1.28
1.28
1.28
1.28
1.28
1.27945
1.28
1.28
1.28
1.28
1.28
1.28
1.28
1.28
1.28
1.27956
1.28
1.28
1.28
1.28
1.28
1.28
1.28
1.28
1.28
1.27968
1.28
1.28
1.28
1.28
1.28
1.28
1.28
1.28
1.28
1.2798
1.28
1.28
1.28
1.28
1.28
1.28
1.28
1.28
1.28
1.27993
1.28
1.28
1.28
1.28
1.28
1.28
1.28
1.28
1.28
1.27902
1.28
1.28
1.28
1.28
1.28
1.28
1.28
1.28
1.28
1.27912
1.28
1.28
1.28
1.28
1.28
1.28
1.28
1.28
1.28
1.27921
1.28
1.28
1.28
1.28
1.28
1.28
1.28
1.28
1.28
1.27931
1.28
1.28
1.28
1.28
1.28
1.28
1.28
1.28
1.28
1.27941
1.28
1.28
1.28
1.28
1.28
1.28
1.28
1.28
1.28
1.27951
1.28
1.28
1.28
1.28
1.28
1.28
1.28
1.28
1.28
1.27962
1.28
1.28
1.28
1.28
1.28
1.28
1.28
1.28
1.28
1.27972
1.28
1.28
1.28
1.28
1.28
1.28
1.28
1.28
1.28
1.27983
1.28
1.28
1.28
1.28
1.28
1.28
1.28
1.28
1.28
1.27994
1.28
1.28
1.28
1.28
1.28
1.28
1.28
1.28
1.28
1.27908
1.28
1.28
1.28
1.28
1.28
1.28
1.28
1.28
1.28
1.27917
1.28
1.28
1.28
1.28
1.28
1.28
1.28
1.28
1.28
1.27926
1.28
1.28
1.28
1.28
1.28
1.28
1.28
1.28
1.28
1.27935
1.28
1.28
1.28
1.28
1.28
1.28
1.28
1.28
1.28
1.27945
1.28
1.28
1.28
1.28
1.28
1.28
1.28
1.28
1.28
1.27954
1.28
1.28
1.28
1.28
1.28
1.28
1.28
1.28
1.28
1.27964
1.28
1.28
1.28
1.28
1.28
1.28
1.28
1.28
1.28
1.27974
1.28
1.28
1.28
1.28
1.28
1.28
1.28
1.28
1.28
1.27985
1.28
1.28
1.28
1.28
1.28
1.28
1.28
1.28
1.28
1.27995
1.28
1.28
1.28
1.28
1.28
1.28
1.28
1.28
1.28
1.27907
1.28
1.28
1.28
1.28
1.28
1.28
1.28
1.28
1.28
1.27916
1.28
1.28
1.28
1.28
1.28
1.28
1.28
1.28
1.28
1.27925
1.28
1.28
1.28
1.28
1.28
1.28
1.28
1.28
1.28
1.27934
1.28
1.28
1.28
1.28
1.28
1.28
1.28
1.28
1.28
1.27944
1.28
1.28
1.28
1.28
1.28
1.28
1.28
1.28
1.28
1.27953
1.28
1.28
1.28
1.28
1.28
1.28
1.28
1.28
1.28
1.27963
1.28
1.28
1.28
1.28
1.28
1.28
1.28
1.28
1.28
1.27973
1.28
1.28
1.28
1.28
1.28
1.28
1.28
1.28
1.28
1.27984
1.28
1.28
1.28
1.28
1.28
1.28
1.28
1.28
1.28
1.27994
1.28002
1.28001
1.28002
1.28002
1.28002
1.28002
1.28002
1.28002
1.28002
1.27893
1.28002
1.28001
1.28001
1.28001
1.28001
1.28002
1.28002
1.28002
1.28001
1.27903
1.28002
1.28001
1.28001
1.28001
1.28001
1.28001
1.28001
1.28001
1.28001
1.27913
1.28002
1.28001
1.28001
1.28001
1.28001
1.28001
1.28001
1.28001
1.28
1.27924
1.28001
1.28001
1.28001
1.28001
1.28001
1.28
1.28
1.28
1.28
1.27934
1.28001
1.28
1.28
1.28
1.28
1.28
1.28
1.28
1.28
1.27945
1.28001
1.28
1.28
1.28
1.28
1.28
1.28
1.28
1.27999
1.27957
1.28001
1.28
1.28
1.28
1.28
1.28
1.28
1.27999
1.27999
1.27968
1.28
1.28
1.28
1.28
1.27999
1.27999
1.27999
1.27999
1.27999
1.2798
1.27999
1.27999
1.27999
1.27999
1.27999
1.27999
1.27999
1.27999
1.27999
1.27992
1.28026
1.27998
1.27998
1.27997
1.27997
1.27996
1.27995
1.27994
1.27992
1.27847
1.28023
1.27997
1.27997
1.27996
1.27996
1.27995
1.27995
1.27994
1.27993
1.27862
1.28021
1.27997
1.27997
1.27996
1.27996
1.27995
1.27995
1.27995
1.27993
1.27877
1.28019
1.27997
1.27997
1.27996
1.27996
1.27996
1.27995
1.27995
1.27994
1.27893
1.28016
1.27997
1.27996
1.27996
1.27996
1.27996
1.27995
1.27995
1.27994
1.27908
1.28014
1.27997
1.27996
1.27996
1.27996
1.27996
1.27996
1.27995
1.27995
1.27923
1.2801
1.27996
1.27996
1.27996
1.27996
1.27996
1.27996
1.27995
1.27995
1.27939
1.28007
1.27996
1.27996
1.27996
1.27996
1.27996
1.27996
1.27995
1.27995
1.27955
1.28003
1.27996
1.27996
1.27996
1.27996
1.27996
1.27996
1.27995
1.27995
1.27971
1.27994
1.27992
1.27992
1.27993
1.27993
1.27993
1.27994
1.27994
1.27995
1.27987
1.28
1.28
1.28
1.28
1.28
1.28
1.28
1.28
1.28
1.27897
1.28
1.28
1.28
1.28
1.28
1.28
1.28
1.28
1.28
1.27977
1.28
1.28
1.28
1.28
1.28
1.28
1.28
1.28
1.28
1.27989
1.28
1.28
1.28
1.28
1.28
1.28
1.28
1.28
1.28
1.27992
1.28
1.28
1.28
1.28
1.28
1.28
1.28
1.28
1.28
1.27993
1.28
1.28
1.28
1.28
1.28
1.28
1.28
1.28
1.28
1.27993
1.28
1.28
1.28
1.28
1.28
1.28
1.28
1.28
1.28
1.27992
1.28
1.28
1.28
1.28
1.28
1.28
1.28
1.28
1.28
1.27989
1.28
1.28
1.28
1.28
1.28
1.28
1.28
1.28
1.28
1.27976
1.28
1.28
1.28
1.28
1.28
1.28
1.28
1.28
1.28
1.27884
1.28
1.28
1.28
1.28
1.28
1.28
1.28
1.28
1.28
1.27977
1.28
1.28
1.28
1.28
1.28
1.28
1.28
1.28
1.28
1.28002
1.28
1.28
1.28
1.28
1.28
1.28
1.28
1.28
1.28
1.28005
1.28
1.28
1.28
1.28
1.28
1.28
1.28
1.28
1.28
1.28004
1.28
1.28
1.28
1.28
1.28
1.28
1.28
1.28
1.28
1.28004
1.28
1.28
1.28
1.28
1.28
1.28
1.28
1.28
1.28
1.28004
1.28
1.28
1.28
1.28
1.28
1.28
1.28
1.28
1.28
1.28004
1.28
1.28
1.28
1.28
1.28
1.28
1.28
1.28
1.28
1.28004
1.28
1.28
1.28
1.28
1.28
1.28
1.28
1.28
1.28
1.28002
1.28
1.28
1.28
1.28
1.28
1.28
1.28
1.28
1.28
1.27976
1.28
1.28
1.28
1.28
1.28
1.28
1.28
1.28
1.28
1.27989
1.28
1.28
1.28
1.28
1.28
1.28
1.28
1.28
1.28
1.28005
1.28
1.28
1.28
1.28
1.28
1.28
1.28
1.28
1.28
1.28005
1.28
1.28
1.28
1.28
1.28
1.28
1.28
1.28
1.28
1.28005
1.28
1.28
1.28
1.28
1.28
1.28
1.28
1.28
1.28
1.28005
1.28
1.28
1.28
1.28
1.28
1.28
1.28
1.28
1.28
1.28005
1.28
1.28
1.28
1.28
1.28
1.28
1.28
1.28
1.28
1.28005
1.28
1.28
1.28
1.28
1.28
1.28
1.28
1.28
1.28
1.28005
1.28
1.28
1.28
1.28
1.28
1.28
1.28
1.28
1.28
1.28004
1.28
1.28
1.28
1.28
1.28
1.28
1.28
1.28
1.28
1.27989
1.28
1.28
1.28
1.28
1.28
1.28
1.28
1.28
1.28
1.27992
1.28
1.28
1.28
1.28
1.28
1.28
1.28
1.28
1.28
1.28004
1.28
1.28
1.28
1.28
1.28
1.28
1.28
1.28
1.28
1.28005
1.28
1.28
1.28
1.28
1.28
1.28
1.28
1.28
1.28
1.28005
1.28
1.28
1.28
1.28
1.28
1.28
1.28
1.28
1.28
1.28005
1.28
1.28
1.28
1.28
1.28
1.28
1.28
1.28
1.28
1.28005
1.28
1.28
1.28
1.28
1.28
1.28
1.28
1.28
1.28
1.28005
1.28
1.28
1.28
1.28
1.28
1.28
1.28
1.28
1.28
1.28005
1.28
1.28
1.28
1.28
1.28
1.28
1.28
1.28
1.28
1.28004
1.28
1.28
1.28
1.28
1.28
1.28
1.28
1.28
1.28
1.27992
1.28
1.28
1.28
1.28
1.28
1.28
1.28
1.28
1.28
1.27993
1.28
1.28
1.28
1.28
1.28
1.28
1.28
1.28
1.28
1.28004
1.28
1.28
1.28
1.28
1.28
1.28
1.28
1.28
1.28
1.28005
1.28
1.28
1.28
1.28
1.28
1.28
1.28
1.28
1.28
1.28005
1.28
1.28
1.28
1.28
1.28
1.28
1.28
1.28
1.28
1.28005
1.28
1.28
1.28
1.28
1.28
1.28
1.28
1.28
1.28
1.28005
1.28
1.28
1.28
1.28
1.28
1.28
1.28
1.28
1.28
1.28005
1.28
1.28
1.28
1.28
1.28
1.28
1.28
1.28
1.28
1.28005
1.28
1.28
1.28
1.28
1.28
1.28
1.28
1.28
1.28
1.28004
1.28
1.28
1.28
1.28
1.28
1.28
1.28
1.28
1.28
1.27993
1.28
1.28
1.28
1.28
1.28
1.28
1.28
1.28
1.28
1.27993
1.28
1.28
1.28
1.28
1.28
1.28
1.28
1.28
1.28
1.28004
1.28
1.28
1.28
1.28
1.28
1.28
1.28
1.28
1.28
1.28005
1.28
1.28
1.28
1.28
1.28
1.28
1.28
1.28
1.28
1.28005
1.28
1.28
1.28
1.28
1.28
1.28
1.28
1.28
1.28
1.28005
1.28
1.28
1.28
1.28
1.28
1.28
1.28
1.28
1.28
1.28005
1.28
1.28
1.28
1.28
1.28
1.28
1.28
1.28
1.28
1.28005
1.28
1.28
1.28
1.28
1.28
1.28
1.28
1.28
1.28
1.28005
1.28
1.28
1.28
1.28
1.28
1.28
1.28
1.28
1.28
1.28004
1.28
1.28
1.28
1.28
1.28
1.28
1.28
1.28
1.28
1.27993
1.28
1.28
1.28
1.28
1.28
1.28
1.28
1.28
1.28
1.27992
1.28
1.28
1.28
1.28
1.28
1.28
1.28
1.28
1.28
1.28004
1.28
1.28
1.28
1.28
1.28
1.28
1.28
1.28
1.28
1.28005
1.28
1.28
1.28
1.28
1.28
1.28
1.28
1.28
1.28
1.28005
1.28
1.28
1.28
1.28
1.28
1.28
1.28
1.28
1.28
1.28005
1.28
1.28
1.28
1.28
1.28
1.28
1.28
1.28
1.28
1.28005
1.28
1.28
1.28
1.28
1.28
1.28
1.28
1.28
1.28
1.28005
1.28
1.28
1.28
1.28
1.28
1.28
1.28
1.28
1.28
1.28005
1.28
1.28
1.28
1.28
1.28
1.28
1.28
1.28
1.28
1.28004
1.28
1.28
1.28
1.28
1.28
1.28
1.28
1.28
1.28
1.27992
1.28
1.28
1.28
1.28
1.28
1.28
1.28
1.28
1.28
1.27989
1.28
1.28
1.28
1.28
1.28
1.28
1.28
1.28
1.28
1.28004
1.28
1.28
1.28
1.28
1.28
1.28
1.28
1.28
1.28
1.28005
1.28
1.28
1.28
1.28
1.28
1.28
1.28
1.28
1.28
1.28005
1.28
1.28
1.28
1.28
1.28
1.28
1.28
1.28
1.28
1.28005
1.28
1.28
1.28
1.28
1.28
1.28
1.28
1.28
1.28
1.28005
1.28
1.28
1.28
1.28
1.28
1.28
1.28
1.28
1.28
1.28005
1.28
1.28
1.28
1.28
1.28
1.28
1.28
1.28
1.28
1.28005
1.28
1.28
1.28
1.28
1.28
1.28
1.28
1.28
1.28
1.28005
1.28
1.28
1.28
1.28
1.28
1.28
1.28
1.28
1.28
1.27989
1.28
1.28
1.28
1.28
1.28
1.28
1.28
1.28
1.28
1.27976
1.28
1.28
1.28
1.28
1.28
1.28
1.28
1.28
1.28
1.28002
1.28
1.28
1.28
1.28
1.28
1.28
1.28
1.28
1.28
1.28004
1.28
1.28
1.28
1.28
1.28
1.28
1.28
1.28
1.28
1.28004
1.28
1.28
1.28
1.28
1.28
1.28
1.28
1.28
1.28
1.28004
1.28
1.28
1.28
1.28
1.28
1.28
1.28
1.28
1.28
1.28004
1.28
1.28
1.28
1.28
1.28
1.28
1.28
1.28
1.28
1.28004
1.28
1.28
1.28
1.28
1.28
1.28
1.28
1.28
1.28
1.28005
1.28
1.28
1.28
1.28
1.28
1.28
1.28
1.28
1.28
1.28002
1.28
1.28
1.28
1.28
1.28
1.28
1.28
1.28
1.28
1.27977
1.28
1.28
1.28
1.28
1.28
1.28
1.28
1.28
1.28
1.27884
1.28
1.28
1.28
1.28
1.28
1.28
1.28
1.28
1.28
1.27976
1.28
1.28
1.28
1.28
1.28
1.28
1.28
1.28
1.28
1.27989
1.28
1.28
1.28
1.28
1.28
1.28
1.28
1.28
1.28
1.27992
1.28
1.28
1.28
1.28
1.28
1.28
1.28
1.28
1.28
1.27993
1.28
1.28
1.28
1.28
1.28
1.28
1.28
1.28
1.28
1.27993
1.28
1.28
1.28
1.28
1.28
1.28
1.28
1.28
1.28
1.27992
1.28
1.28
1.28
1.28
1.28
1.28
1.28
1.28
1.28
1.27989
1.28
1.28
1.28
1.28
1.28
1.28
1.28
1.28
1.28
1.27977
1.28
1.28
1.28
1.28
1.28
1.28
1.28
1.28
1.28
1.27897
)
;

boundaryField
{
    walls
    {
        type            zeroGradient;
    }
    nozzleExt
    {
        type            zeroGradient;
    }
    nozzleInt
    {
        type            zeroGradient;
    }
    inlet
    {
        type            fixedValue;
        value           uniform 5;
    }
    outlet
    {
        type            zeroGradient;
    }
    defaultFaces
    {
        type            empty;
    }
}


// ************************************************************************* //
