/*--------------------------------*- C++ -*----------------------------------*\
| =========                 |                                                 |
| \\      /  F ield         | OpenFOAM: The Open Source CFD Toolbox           |
|  \\    /   O peration     | Version:  4.1                                   |
|   \\  /    A nd           | Web:      www.OpenFOAM.org                      |
|    \\/     M anipulation  |                                                 |
\*---------------------------------------------------------------------------*/
FoamFile
{
    version     2.0;
    format      ascii;
    class       volScalarField;
    location    "0.94";
    object      p;
}
// * * * * * * * * * * * * * * * * * * * * * * * * * * * * * * * * * * * * * //

dimensions      [1 -1 -2 0 0 0 0];

internalField   nonuniform List<scalar> 
18000
(
1.28
1.28
1.28
1.28
1.28
1.28
1.28
1.28
1.28
1.28
1.28
1.28
1.28
1.28
1.28
1.28
1.28
1.28
1.28
1.28
1.28
1.28
1.28
1.28
1.28
1.28
1.28
1.28
1.28
1.28
1.28
1.28
1.28
1.28
1.28
1.28
1.28
1.28
1.28
1.28
1.28
1.28
1.28
1.28
1.28
1.28
1.28
1.28
1.28
1.28
1.28
1.28
1.28
1.28
1.28
1.28
1.28
1.28
1.28
1.28
1.28
1.28
1.28
1.28
1.28
1.28
1.28
1.28
1.28
1.28
1.28
1.28
1.28
1.28
1.28
1.28
1.28
1.28
1.28
1.28
1.28
1.28
1.28
1.28
1.28
1.28
1.28
1.28
1.28
1.28
1.28001
1.28001
1.28001
1.28001
1.28001
1.28001
1.28001
1.28001
1.28001
1.28001
1.28
1.28
1.28
1.28
1.28
1.28
1.28
1.28
1.28
1.28
1.28
1.28
1.28
1.28
1.28
1.28
1.28
1.28
1.28
1.28
1.28
1.28
1.28
1.28
1.28
1.28
1.28
1.28
1.28
1.28
1.28
1.28
1.28
1.28
1.28
1.28
1.28
1.28
1.28
1.28
1.28
1.28
1.28
1.28
1.28
1.28
1.28
1.28
1.28
1.28
1.28
1.28
1.28
1.28
1.28
1.28
1.28
1.28
1.28
1.28
1.28
1.28
1.28
1.28
1.28
1.28
1.28
1.28
1.28
1.28
1.28
1.28
1.28
1.28
1.28
1.28
1.28
1.28
1.28
1.28
1.28
1.28
1.28
1.28
1.28
1.28
1.28
1.28
1.28
1.28
1.28
1.28
1.28
1.28
1.28
1.28
1.28
1.28
1.28
1.28
1.28
1.28
1.28
1.28
1.28
1.28
1.28
1.28
1.28
1.28
1.28
1.28
1.28
1.28
1.28
1.28
1.28
1.28
1.28
1.28
1.28
1.28
1.28
1.28
1.28
1.28
1.28
1.28
1.28
1.28
1.28
1.28
1.28
1.28
1.28
1.28
1.28
1.28
1.28
1.28
1.28
1.28
1.28
1.28
1.28
1.28
1.28
1.28
1.28
1.28
1.28
1.28
1.28
1.28
1.28
1.28
1.28
1.28
1.28
1.28
1.28
1.28
1.28
1.28
1.28
1.28
1.28
1.28
1.28
1.28
1.28
1.28
1.28
1.28
1.28
1.28
1.28
1.28
1.28
1.28
1.28
1.28
1.28
1.28
1.28
1.28
1.28
1.28
1.28
1.28
1.28
1.28
1.28
1.28
1.28
1.28
1.28
1.28
1.28
1.28
1.28
1.28
1.28
1.28
1.28
1.28
1.28
1.28
1.28
1.28
1.28
1.28
1.28
1.28
1.28
1.28
1.28
1.28
1.28
1.28
1.28
1.28
1.28
1.28
1.28
1.28
1.28
1.28
1.28
1.28
1.28
1.28
1.28
1.28
1.28
1.28
1.28
1.28
1.28
1.28
1.28
1.28
1.28
1.28
1.28
1.28
1.28
1.28
1.28
1.28
1.28
1.28
1.28
1.28
1.28
1.28
1.28
1.28
1.28
1.28
1.28
1.28
1.28
1.28
1.28
1.28
1.28
1.28
1.28
1.28
1.28
1.28
1.28
1.28
1.28
1.28
1.28
1.28
1.28
1.28
1.28
1.28
1.28
1.28
1.28
1.28
1.28
1.28
1.28
1.28
1.28
1.28
1.28
1.28
1.28
1.28
1.28
1.28
1.28
1.28
1.28
1.28
1.28
1.28
1.28
1.28
1.28
1.28
1.28
1.28
1.28
1.28
1.28
1.28
1.28
1.28
1.28
1.28
1.28
1.28
1.28
1.28
1.28
1.28
1.28
1.28
1.28
1.28
1.28
1.28
1.28
1.28
1.28
1.28
1.28
1.28
1.28
1.28
1.28
1.28
1.28
1.28
1.28
1.28
1.28
1.28
1.28
1.28
1.28
1.28
1.28
1.28
1.28
1.28
1.28
1.28
1.28
1.28
1.28
1.28
1.28
1.28
1.28
1.28
1.28
1.28
1.28
1.28
1.28
1.28
1.28
1.28
1.28
1.28
1.28
1.28
1.28
1.28
1.28
1.28
1.28
1.28
1.28
1.28
1.28
1.28
1.28
1.28
1.28
1.28
1.28
1.28
1.28
1.28
1.28
1.28
1.28
1.28
1.28
1.28
1.28
1.28
1.28
1.28
1.28
1.28
1.28
1.28
1.28
1.28
1.28
1.28
1.28
1.28
1.28
1.28
1.28
1.28
1.28
1.28
1.28
1.28
1.28
1.28
1.28
1.28
1.28
1.28
1.28
1.28
1.28
1.28
1.28
1.28
1.28
1.28
1.28
1.28
1.28
1.28
1.28
1.28
1.28
1.28
1.28
1.28
1.28
1.28
1.28
1.28
1.28
1.28
1.28
1.28
1.28
1.28
1.28
1.28
1.28
1.28
1.28
1.28
1.28
1.28
1.28
1.28
1.28
1.28
1.28
1.28
1.28
1.28
1.28
1.28
1.28
1.28
1.28
1.28
1.28
1.28
1.28
1.28
1.28
1.28
1.28
1.28
1.28
1.28
1.28
1.28
1.28
1.28
1.28
1.28
1.28
1.28
1.28
1.28
1.28
1.28
1.28
1.28
1.28
1.28
1.28
1.28
1.28
1.28
1.28
1.28
1.28
1.28
1.28
1.28
1.28
1.28
1.28
1.28
1.28
1.28
1.28
1.28
1.28
1.28
1.28
1.28
1.28
1.28
1.28
1.28
1.28
1.28
1.28
1.28
1.28
1.28
1.28
1.28
1.28
1.28
1.28
1.28
1.28
1.28
1.28
1.28
1.28
1.28
1.28
1.28
1.28
1.28
1.28
1.28
1.28
1.28
1.28
1.28
1.28
1.28
1.28
1.28
1.28
1.28
1.28
1.28
1.28
1.28
1.28
1.28
1.28
1.28
1.28
1.28
1.28
1.28
1.28
1.28
1.28
1.28
1.28
1.28
1.28
1.28
1.28
1.28
1.28
1.28
1.28
1.28
1.28
1.28
1.28
1.28
1.28
1.28
1.28
1.28
1.28
1.28
1.28
1.28
1.28
1.28
1.28
1.28
1.28
1.28
1.28
1.28
1.28
1.28
1.28
1.28
1.28
1.28
1.28
1.28
1.28
1.28
1.28
1.28
1.28
1.28
1.28
1.28
1.28
1.28
1.28
1.28
1.28
1.28
1.28
1.28
1.28
1.28
1.28
1.28
1.28
1.28
1.28
1.28
1.28
1.28
1.28
1.28
1.28
1.28
1.28
1.28
1.28
1.28
1.28
1.28
1.28
1.28
1.28
1.28
1.28
1.28
1.28
1.28
1.28
1.28
1.28
1.28
1.28
1.28
1.28
1.28
1.28
1.28
1.28
1.28
1.28
1.28
1.28
1.28
1.28
1.28
1.28
1.28
1.28
1.28
1.28
1.28
1.28
1.28
1.28
1.28
1.28
1.28
1.28
1.28
1.28
1.28
1.28
1.28
1.28
1.28
1.28
1.28
1.28
1.28
1.28
1.28
1.28
1.28
1.28
1.28
1.28
1.28
1.28
1.28
1.28
1.28
1.28
1.28
1.28
1.28
1.28
1.28
1.28
1.28
1.28
1.28
1.28
1.28
1.28
1.28
1.28
1.28
1.28
1.28
1.28
1.28
1.28
1.28
1.28
1.28
1.28
1.28
1.28
1.28
1.28
1.28
1.28
1.28
1.28
1.28
1.28
1.28
1.28
1.28
1.28
1.28
1.28
1.28
1.28
1.28
1.28
1.28
1.28
1.28
1.28
1.28
1.28
1.28
1.28
1.28
1.28
1.28
1.28
1.28
1.28
1.28
1.28
1.28
1.28
1.28
1.28
1.28
1.28
1.28
1.28
1.28
1.28
1.28
1.28
1.28
1.28
1.28
1.28
1.28
1.28
1.28
1.28
1.28
1.28
1.28
1.28
1.28
1.28
1.28
1.28
1.28
1.28
1.28
1.28
1.28
1.28
1.28
1.28
1.28
1.28
1.28
1.28
1.28
1.28
1.28
1.28
1.28
1.28
1.28
1.28
1.28
1.28
1.28
1.28
1.28
1.28
1.28
1.28
1.28
1.28
1.28
1.28
1.28
1.28
1.28
1.28
1.28
1.28
1.28
1.28
1.28
1.28
1.28
1.28
1.28
1.28
1.28
1.28
1.28
1.28
1.28
1.28
1.28
1.28
1.28
1.28
1.28
1.28
1.28
1.28
1.28
1.28
1.28
1.28
1.28
1.28
1.28
1.28
1.28
1.28
1.28
1.28
1.28
1.28
1.28
1.28
1.28
1.28
1.28
1.28
1.28
1.28
1.28
1.28
1.28
1.28
1.28
1.28
1.28
1.28
1.28
1.28
1.28
1.28
1.28
1.28
1.28
1.28
1.28
1.28
1.28
1.28
1.28
1.28
1.28
1.28
1.28
1.28
1.28
1.28
1.28
1.28
1.28
1.28
1.28
1.28
1.28
1.28
1.28
1.28
1.28
1.28
1.28
1.28
1.28
1.28
1.28
1.28
1.28
1.28
1.28
1.28
1.28
1.28
1.28
1.28
1.28
1.28
1.28
1.28
1.28
1.28
1.28
1.28
1.28
1.28
1.28
1.28
1.28
1.28
1.28
1.28
1.28
1.28
1.28
1.28
1.28
1.28
1.28
1.28
1.28
1.28
1.28
1.28
1.28
1.28
1.28
1.28
1.28
1.28
1.28
1.28
1.28
1.28
1.28
1.28
1.28
1.28
1.28
1.28
1.28
1.28
1.28
1.28
1.28
1.28
1.28
1.28
1.28
1.28
1.28
1.28
1.28
1.28
1.28
1.28
1.28
1.28
1.28
1.28
1.28
1.28
1.28
1.28
1.28
1.28
1.28
1.28
1.28
1.28
1.28
1.28
1.28
1.28
1.28
1.28
1.28
1.28
1.28
1.28
1.28
1.28
1.28
1.28
1.28
1.28
1.28
1.28
1.28
1.28
1.28
1.28
1.28
1.28
1.28
1.28
1.28
1.28
1.28
1.28
1.28
1.28
1.28
1.28
1.28
1.28
1.28
1.28
1.28
1.28
1.28
1.28
1.28
1.28
1.28
1.28
1.28
1.28
1.28
1.28
1.28
1.28
1.28
1.28
1.28
1.28
1.28
1.28
1.28
1.28
1.28
1.28
1.28
1.28
1.28
1.28
1.28
1.28
1.28
1.28
1.28
1.28
1.28
1.28
1.28
1.28
1.28
1.28
1.28
1.28
1.28
1.28
1.28
1.28
1.28
1.28
1.28
1.28
1.28
1.28
1.28
1.28
1.28
1.28
1.28
1.28
1.28
1.28
1.28
1.28
1.28
1.28
1.28
1.28
1.28
1.28
1.28
1.28
1.28
1.28
1.28
1.28
1.28
1.28
1.28
1.28
1.28
1.28
1.28
1.28
1.28
1.28
1.28
1.28
1.28
1.28
1.28
1.28
1.28
1.28
1.28
1.28
1.28
1.28
1.28
1.28
1.28
1.28
1.28
1.28
1.28
1.28
1.28
1.28
1.28
1.28
1.28
1.28
1.28
1.28
1.28
1.28
1.28
1.28
1.28
1.28
1.28
1.28
1.28
1.28
1.28
1.28
1.28
1.28
1.28
1.28
1.28
1.28
1.28
1.28
1.28
1.28
1.28
1.28
1.28
1.28
1.28
1.28
1.28
1.28
1.28
1.28
1.28
1.28
1.28
1.28
1.28
1.28
1.28
1.28
1.28
1.28
1.28
1.28
1.28
1.28
1.28
1.28
1.28
1.28
1.28
1.28
1.28
1.28
1.28
1.28
1.28
1.28
1.28
1.28
1.28
1.28
1.28
1.28
1.28
1.28
1.28
1.28
1.28
1.28
1.28
1.28
1.28
1.28
1.28
1.28
1.28
1.28
1.28
1.28
1.28
1.28
1.28
1.28
1.28
1.28
1.28
1.28
1.28
1.28
1.28
1.28
1.28
1.28
1.28
1.28
1.28
1.28
1.28
1.28
1.28
1.28
1.28
1.28
1.28
1.28
1.28
1.28
1.28
1.28
1.28
1.28
1.28
1.28
1.28
1.28
1.28
1.28
1.28
1.28
1.28
1.28
1.28
1.28
1.28
1.28
1.28
1.28
1.28
1.28
1.28
1.28
1.28
1.28
1.28
1.28
1.28
1.28
1.28
1.28
1.28
1.28
1.28
1.28
1.28
1.28
1.28
1.28
1.28
1.28
1.28
1.28
1.28
1.28
1.28
1.28
1.28
1.28
1.28
1.28
1.28
1.28
1.28
1.28
1.28
1.28
1.28
1.28
1.28
1.28
1.28
1.28
1.28
1.28
1.28
1.28
1.28
1.28
1.28
1.28
1.28
1.28
1.28
1.28
1.28
1.28
1.28
1.28
1.28
1.28
1.28
1.28
1.28
1.28
1.28
1.28
1.28
1.28
1.28
1.28
1.28
1.28
1.28
1.28
1.28
1.28
1.28
1.28
1.28
1.28
1.28
1.28
1.28
1.28
1.28
1.28
1.28
1.28
1.28
1.28
1.28
1.28
1.28
1.28
1.28
1.28
1.28
1.28
1.28
1.28
1.28
1.28
1.28
1.28
1.28
1.28
1.28
1.28
1.28
1.28
1.28
1.28
1.28
1.28
1.28
1.28
1.28
1.28
1.28
1.28
1.28
1.28
1.28
1.28
1.28
1.28
1.28
1.28
1.28
1.28
1.28
1.28
1.28
1.28
1.28
1.28
1.28
1.28
1.28
1.28
1.28
1.28
1.28
1.28
1.28
1.28
1.28
1.28
1.28
1.28
1.28
1.28
1.28
1.28
1.28
1.28
1.28
1.28
1.28
1.28
1.28
1.28
1.28
1.28
1.28
1.28
1.28
1.28
1.28
1.28
1.28
1.28
1.28
1.28
1.28
1.28
1.28
1.28
1.28
1.28
1.28
1.28
1.28
1.28
1.28
1.28
1.28
1.28
1.28
1.28
1.28
1.28
1.28
1.28
1.28
1.28
1.28
1.28
1.28
1.28
1.28
1.28
1.28
1.28
1.28
1.28
1.28
1.28
1.28
1.28
1.28
1.28
1.28
1.28
1.28
1.28
1.28
1.28
1.28
1.28
1.28
1.28
1.28
1.28
1.28
1.28
1.28
1.28
1.28
1.28
1.28
1.28
1.28
1.28
1.28
1.28
1.28
1.28
1.28
1.28
1.28
1.28
1.28
1.28
1.28
1.28
1.28
1.28
1.28
1.28
1.28
1.28
1.28
1.28
1.28
1.28
1.28
1.28
1.28
1.28
1.28
1.28
1.28
1.28
1.28
1.28
1.28
1.28
1.28
1.28
1.28
1.28
1.28
1.28
1.28
1.28
1.28
1.28
1.28
1.28
1.28
1.28
1.28
1.28
1.28
1.28
1.28
1.28
1.28
1.28
1.28
1.28
1.28
1.28
1.28
1.28001
1.28
1.28
1.28
1.28
1.28
1.28
1.28
1.28
1.28
1.28
1.28
1.28
1.28
1.28
1.28
1.28
1.28
1.28
1.28
1.28
1.28
1.28
1.28
1.28
1.28
1.28
1.28
1.28
1.28
1.28
1.28
1.28
1.28
1.28
1.28
1.28
1.28
1.28
1.28
1.28
1.28
1.28
1.28
1.28
1.28
1.28
1.28
1.28
1.28
1.28
1.28
1.28
1.28
1.28
1.28
1.28
1.28
1.28
1.28
1.28
1.28
1.28
1.28
1.28
1.28
1.28
1.28
1.28
1.28
1.28
1.28
1.28
1.28
1.28
1.28
1.28
1.28
1.28
1.28
1.28
1.28
1.28
1.28
1.28
1.28
1.28
1.28
1.28
1.28
1.28
1.28
1.28
1.28
1.28
1.28
1.28
1.28
1.28
1.28
1.28001
1.28
1.28
1.28
1.28
1.28
1.28
1.28
1.28
1.28
1.28
1.28
1.28
1.28
1.28
1.28
1.28
1.28
1.28
1.28
1.28
1.28
1.28
1.28
1.28
1.28
1.28
1.28
1.28
1.28
1.28
1.28
1.28
1.28
1.28
1.28
1.28
1.28
1.28
1.28
1.28
1.28
1.28
1.28
1.28
1.28
1.28
1.28
1.28
1.28
1.28
1.28
1.28
1.28
1.28
1.28
1.28
1.28
1.28
1.28
1.28
1.28
1.28
1.28
1.28
1.28
1.28
1.28
1.28
1.28
1.28
1.28
1.28
1.28
1.28
1.28
1.28
1.28
1.28
1.28
1.28
1.28
1.28
1.28
1.28
1.28
1.28
1.28
1.28
1.28
1.28
1.28
1.28
1.28
1.28
1.28
1.28
1.28
1.28
1.28
1.28001
1.28
1.28
1.28
1.28
1.28
1.28
1.28
1.28
1.28
1.28
1.28
1.28
1.28
1.28
1.28
1.28
1.28
1.28
1.28
1.28
1.28
1.28
1.28
1.28
1.28
1.28
1.28
1.28
1.28
1.28
1.28
1.28
1.28
1.28
1.28
1.28
1.28
1.28
1.28
1.28
1.28
1.28
1.28
1.28
1.28
1.28
1.28
1.28
1.28
1.28
1.28
1.28
1.28
1.28
1.28
1.28
1.28
1.28
1.28
1.28
1.28
1.28
1.28
1.28
1.28
1.28
1.28
1.28
1.28
1.28
1.28
1.28
1.28
1.28
1.28
1.28
1.28
1.28
1.28
1.28
1.28
1.28
1.28
1.28
1.28
1.28
1.28
1.28
1.28
1.28
1.28
1.28
1.28
1.28
1.28
1.28
1.28
1.28
1.28
1.28001
1.28
1.28
1.28
1.28
1.28
1.28
1.28
1.28
1.28
1.28
1.28
1.28
1.28
1.28
1.28
1.28
1.28
1.28
1.28
1.28
1.28
1.28
1.28
1.28
1.28
1.28
1.28
1.28
1.28
1.28
1.28
1.28
1.28
1.28
1.28
1.28
1.28
1.28
1.28
1.28
1.28
1.28
1.28
1.28
1.28
1.28
1.28
1.28
1.28
1.28
1.28
1.28
1.28
1.28
1.28
1.28
1.28
1.28
1.28
1.28
1.28
1.28
1.28
1.28
1.28
1.28
1.28
1.28
1.28
1.28
1.28
1.28
1.28
1.28
1.28
1.28
1.28
1.28
1.28
1.28
1.28
1.28
1.28
1.28
1.28
1.28
1.28
1.28
1.28
1.28
1.28
1.28
1.28
1.28
1.28
1.28
1.28
1.28
1.28
1.28001
1.28
1.28
1.28
1.28
1.28
1.28
1.28
1.28
1.28
1.28
1.28
1.28
1.28
1.28
1.28
1.28
1.28
1.28
1.28
1.28
1.28
1.28
1.28
1.28
1.28
1.28
1.28
1.28
1.28
1.28
1.28
1.28
1.28
1.28
1.28
1.28
1.28
1.28
1.28
1.28
1.28
1.28
1.28
1.28
1.28
1.28
1.28
1.28
1.28
1.28
1.28
1.28
1.28
1.28
1.28
1.28
1.28
1.28
1.28
1.28
1.28
1.28
1.28
1.28
1.28
1.28
1.28
1.28
1.28
1.28
1.28
1.28
1.28
1.28
1.28
1.28
1.28
1.28
1.28
1.28
1.28
1.28
1.28
1.28
1.28
1.28
1.28
1.28
1.28
1.28
1.28
1.28
1.28
1.28
1.28
1.28
1.28
1.28
1.28
1.28001
1.28
1.28
1.28
1.28
1.28
1.28
1.28
1.28
1.28
1.28
1.28
1.28
1.28
1.28
1.28
1.28
1.28
1.28
1.28
1.28
1.28
1.28
1.28
1.28
1.28
1.28
1.28
1.28
1.28
1.28
1.28
1.28
1.28
1.28
1.28
1.28
1.28
1.28
1.28
1.28
1.28
1.28
1.28
1.28
1.28
1.28
1.28
1.28
1.28
1.28
1.28
1.28
1.28
1.28
1.28
1.28
1.28
1.28
1.28
1.28
1.28
1.28
1.28
1.28
1.28
1.28
1.28
1.28
1.28
1.28
1.28
1.28
1.28
1.28
1.28
1.28
1.28
1.28
1.28
1.28
1.28
1.28
1.28
1.28
1.28
1.28
1.28
1.28
1.28
1.28
1.28
1.28
1.28
1.28
1.28
1.28
1.28
1.28
1.28
1.28001
1.28
1.28
1.28
1.28
1.28
1.28
1.28
1.28
1.28
1.28
1.28
1.28
1.28
1.28
1.28
1.28
1.28
1.28
1.28
1.28
1.28
1.28
1.28
1.28
1.28
1.28
1.28
1.28
1.28
1.28
1.28
1.28
1.28
1.28
1.28
1.28
1.28
1.28
1.28
1.28
1.28
1.28
1.28
1.28
1.28
1.28
1.28
1.28
1.28
1.28
1.28
1.28
1.28
1.28
1.28
1.28
1.28
1.28
1.28
1.28
1.28
1.28
1.28
1.28
1.28
1.28
1.28
1.28
1.28
1.28
1.28
1.28
1.28
1.28
1.28
1.28
1.28
1.28
1.28
1.28
1.28
1.28
1.28
1.28
1.28
1.28
1.28
1.28
1.28
1.28
1.28
1.28
1.28
1.28
1.28
1.28
1.28
1.28
1.28
1.28001
1.28
1.28
1.28
1.28
1.28
1.28
1.28
1.28
1.28
1.28
1.28
1.28
1.28
1.28
1.28
1.28
1.28
1.28
1.28
1.28
1.28
1.28
1.28
1.28
1.28
1.28
1.28
1.28
1.28
1.28
1.28
1.28
1.28
1.28
1.28
1.28
1.28
1.28
1.28
1.28
1.28
1.28
1.28
1.28
1.28
1.28
1.28
1.28
1.28
1.28
1.28
1.28
1.28
1.28
1.28
1.28
1.28
1.28
1.28
1.28
1.28
1.28
1.28
1.28
1.28
1.28
1.28
1.28
1.28
1.28
1.28
1.28
1.28
1.28
1.28
1.28
1.28
1.28
1.28
1.28
1.28
1.28
1.28
1.28
1.28
1.28
1.28
1.28
1.28
1.28
1.28
1.28
1.28
1.28
1.28
1.28
1.28
1.28
1.28
1.28
1.28
1.28
1.28
1.28
1.28
1.28
1.28
1.28
1.28
1.28
1.28
1.28
1.28
1.28
1.28
1.28
1.28
1.28
1.28
1.28
1.28
1.28
1.28
1.28
1.28
1.28
1.28
1.28
1.28
1.28
1.28
1.28
1.28
1.28
1.28
1.28
1.28
1.28
1.28
1.28
1.28
1.28
1.28
1.28
1.28
1.28
1.28
1.28
1.28
1.28
1.28
1.28
1.28
1.28
1.28
1.28
1.28
1.28
1.28
1.28
1.28
1.28
1.28
1.28
1.28
1.28
1.28
1.28
1.28
1.28
1.28
1.28
1.28
1.28
1.28
1.28
1.28
1.28
1.28
1.28
1.28
1.28
1.28
1.28
1.28
1.28
1.28
1.28
1.28
1.28
1.28
1.28
1.28
1.28
1.28
1.28
1.28
1.28
1.28
1.28
1.28
1.28
1.28
1.28
1.28
1.28
1.28
1.28
1.28
1.28
1.28
1.28
1.28
1.28
1.28
1.28
1.28
1.28
1.28
1.28
1.28
1.28
1.28
1.28
1.28
1.28
1.28
1.28
1.28
1.28
1.28
1.28
1.28
1.28
1.28
1.28
1.28
1.28
1.28
1.28
1.28
1.28
1.28
1.28
1.28
1.28
1.28
1.28
1.28
1.28
1.28
1.28
1.28
1.28
1.28
1.28
1.28
1.28
1.28
1.28
1.28
1.28
1.28
1.28
1.28
1.28
1.28
1.28
1.28
1.28
1.28
1.28
1.28
1.28
1.28
1.28
1.28
1.28
1.28
1.28
1.28
1.28
1.28
1.28
1.28
1.28
1.28
1.28
1.28
1.28
1.28
1.28
1.28
1.28
1.28
1.28
1.28
1.28
1.28
1.28
1.28
1.28
1.28
1.28
1.28
1.28
1.28
1.28
1.28
1.28
1.28
1.28
1.28
1.28
1.28
1.28
1.28
1.28
1.28
1.28
1.28
1.28
1.28
1.28
1.28
1.28
1.28
1.28
1.28
1.28
1.28
1.28
1.28
1.28
1.28
1.28
1.28
1.28
1.28
1.28
1.28
1.28
1.28
1.28
1.28
1.28
1.28
1.28
1.28
1.28
1.28
1.28
1.28
1.28
1.28
1.28
1.28
1.28
1.28
1.28
1.28
1.28
1.28
1.28
1.28
1.28
1.28
1.28
1.28
1.28
1.28
1.28
1.28
1.28
1.28
1.28
1.28
1.28
1.28
1.28
1.28
1.28
1.28
1.28
1.28
1.28
1.28
1.28
1.28
1.28
1.28
1.28
1.28
1.28
1.28
1.28
1.28
1.28
1.28
1.28
1.28
1.28
1.28
1.28
1.28
1.28
1.28
1.28
1.28
1.28
1.28
1.28
1.28
1.28
1.28
1.28
1.28
1.28
1.28
1.28
1.28
1.28
1.28
1.28
1.28
1.28
1.28
1.28
1.28
1.28
1.28
1.28
1.28
1.28
1.28
1.28
1.28
1.28
1.28
1.28
1.28
1.28
1.28
1.28
1.28
1.28
1.28
1.28
1.28
1.28
1.28
1.28
1.28
1.28
1.28
1.28
1.28
1.28
1.28
1.28
1.28
1.28
1.28
1.28
1.28
1.28
1.28
1.28
1.28
1.28
1.28
1.28
1.28
1.28
1.28
1.28
1.28
1.28
1.28
1.28
1.28
1.28
1.28
1.28
1.28
1.28
1.28
1.28
1.28
1.28
1.28
1.28
1.28
1.28
1.28
1.28
1.28
1.28
1.28
1.28
1.28
1.28
1.28
1.28
1.28
1.28
1.28
1.28
1.28
1.28
1.28
1.28
1.28
1.28
1.28
1.28
1.28
1.28
1.28
1.28
1.28
1.28
1.28
1.28
1.28
1.28
1.28
1.28
1.28
1.28
1.28
1.28
1.28
1.28
1.28
1.28
1.28
1.28
1.28
1.28
1.28
1.28
1.28
1.28
1.28
1.28
1.28
1.28
1.28
1.28
1.28
1.28
1.28
1.28
1.28
1.28
1.28
1.28
1.28
1.28
1.28
1.28
1.28
1.28
1.28
1.28
1.28
1.28
1.28
1.28
1.28
1.28
1.28
1.28
1.28
1.28
1.28
1.28
1.28
1.28
1.28
1.28
1.28
1.28
1.28
1.28
1.28
1.28
1.28
1.28
1.28
1.28
1.28
1.28
1.28
1.28
1.28
1.28
1.28
1.28
1.28
1.28
1.28
1.28
1.28
1.28
1.28
1.28
1.28
1.28
1.28
1.28
1.28
1.28
1.28
1.28
1.28
1.28
1.28
1.28
1.28
1.28
1.28
1.28
1.28
1.28
1.28
1.28
1.28
1.28
1.28
1.28
1.28
1.28
1.28
1.28
1.28
1.28
1.28
1.28
1.28
1.28
1.28
1.28
1.28
1.28
1.28
1.28
1.28
1.28
1.28
1.28
1.28
1.28
1.28
1.28
1.28
1.28
1.28
1.28
1.28
1.28
1.28
1.28
1.28
1.28
1.28
1.28
1.28
1.28
1.28
1.28
1.28
1.28
1.28
1.28
1.28
1.28
1.28
1.28
1.28
1.28
1.28
1.28
1.28
1.28
1.28
1.28
1.28
1.28
1.28
1.28
1.28
1.28
1.28
1.28
1.28
1.28
1.28
1.28
1.28
1.28
1.28
1.28
1.28
1.28
1.28
1.28
1.28
1.28
1.28
1.28
1.28
1.28
1.28
1.28
1.28
1.28
1.28
1.28
1.28
1.28
1.28
1.28
1.28
1.28
1.28
1.28
1.28
1.28
1.28
1.28
1.28
1.28
1.28
1.28
1.28
1.28
1.28
1.28
1.28
1.28
1.28
1.28
1.28
1.28
1.28
1.28
1.28
1.28
1.28
1.28
1.28
1.28
1.28
1.28
1.28
1.28
1.28
1.28
1.28
1.28
1.28
1.28
1.28
1.28
1.28
1.28
1.28
1.28
1.28
1.28
1.28
1.28
1.28
1.28
1.28
1.28
1.28
1.28
1.28
1.28
1.28
1.28
1.28
1.28
1.28
1.28
1.28
1.28
1.28
1.28
1.28
1.28
1.28
1.28
1.28
1.28
1.28
1.28
1.28
1.28
1.28
1.28
1.28
1.28
1.28
1.28
1.28
1.28
1.28
1.28
1.28
1.28
1.28
1.28
1.28
1.28
1.28
1.28
1.28
1.28
1.28
1.28
1.28
1.28
1.28
1.28
1.28
1.28
1.28
1.28
1.28
1.28
1.28
1.28
1.28
1.28
1.28
1.28
1.28
1.28
1.28
1.28
1.28
1.28
1.28
1.28
1.28
1.28
1.28
1.28
1.28
1.28
1.28
1.28
1.28
1.28
1.28
1.28
1.28
1.28
1.28
1.28
1.28
1.28
1.28
1.28
1.28
1.28
1.28
1.28
1.28
1.28
1.28
1.28
1.28
1.28
1.28
1.28
1.28
1.28
1.28
1.28
1.28
1.28
1.28
1.28
1.28
1.28
1.28
1.28
1.28
1.28
1.28
1.28
1.28
1.28
1.28
1.28
1.28
1.28
1.28
1.28
1.28
1.28
1.28
1.28
1.28
1.28
1.28
1.28
1.28
1.28
1.28
1.28
1.28
1.28
1.28
1.28
1.28
1.28
1.28
1.28
1.28
1.28
1.28
1.28
1.28
1.28
1.28
1.28
1.28
1.28
1.28
1.28
1.28
1.28
1.28
1.28
1.28
1.28
1.28
1.28
1.28
1.28
1.28
1.28
1.28
1.28
1.28
1.28
1.28
1.28
1.28
1.28
1.28
1.28
1.28
1.28
1.28
1.28
1.28
1.28
1.28
1.28
1.28
1.28
1.28
1.28
1.28
1.28
1.28
1.28
1.28
1.28
1.28
1.28
1.28
1.28
1.28
1.28
1.28
1.28
1.28
1.28
1.28
1.28
1.28
1.28
1.28
1.28
1.28
1.28
1.28
1.28
1.28
1.28
1.28
1.28
1.28
1.28
1.28
1.28
1.28
1.28
1.28
1.28
1.28
1.28
1.28
1.28
1.28
1.28
1.28
1.28
1.28
1.28
1.28
1.28
1.28
1.28
1.28
1.28
1.28
1.28
1.28
1.28
1.28
1.28
1.28
1.28
1.28
1.28
1.28
1.28
1.28
1.28
1.28
1.28
1.28
1.28
1.28
1.28
1.28
1.28
1.28
1.28
1.28
1.28
1.28
1.28
1.28
1.28
1.28
1.28
1.28
1.28
1.28
1.28
1.28
1.28
1.28
1.28
1.28
1.28
1.28
1.28
1.28
1.28
1.28
1.28
1.28
1.28
1.28
1.28
1.28
1.28
1.28
1.28
1.28
1.28
1.28
1.28
1.28
1.28
1.28
1.28
1.28
1.28
1.28
1.28
1.28
1.28
1.28
1.28
1.28
1.28
1.28
1.28
1.28
1.28
1.28
1.28
1.28
1.28
1.28
1.28
1.28
1.28
1.28
1.28
1.28
1.28
1.28
1.28
1.28
1.28
1.28
1.28
1.28
1.28
1.28
1.28
1.28
1.28
1.28
1.28
1.28
1.28
1.28
1.28
1.28
1.28
1.28
1.28
1.28
1.28
1.28
1.28
1.28
1.28
1.28
1.28
1.28
1.28
1.28
1.28
1.28
1.28
1.28
1.28
1.28
1.28
1.28
1.28
1.28
1.28
1.28
1.28
1.28
1.28
1.28
1.28
1.28
1.28
1.28
1.28
1.28
1.28
1.28
1.28
1.28
1.28
1.28
1.28
1.28
1.28
1.28
1.28
1.28
1.28
1.28
1.28
1.28
1.28
1.28
1.28
1.28
1.28
1.28
1.28
1.28
1.28
1.28
1.28
1.28
1.28
1.28
1.28
1.28
1.28
1.28
1.28
1.28
1.28
1.28
1.28
1.28
1.28
1.28
1.28
1.28
1.28
1.28
1.28
1.28
1.28
1.28
1.28
1.28
1.28
1.28
1.28
1.28
1.28
1.28
1.28
1.28
1.28
1.28
1.28
1.28
1.28
1.28
1.28
1.28
1.28
1.28
1.28
1.28
1.28
1.28
1.28
1.28
1.28
1.28
1.28
1.28
1.28
1.28
1.28
1.28
1.28
1.28
1.28
1.28
1.28
1.28
1.28
1.28
1.28
1.28
1.28
1.28
1.28
1.28
1.28
1.28
1.28
1.28
1.28
1.28
1.28
1.28
1.28
1.28
1.28
1.28
1.28
1.28
1.28
1.28
1.28
1.28
1.28
1.28
1.28
1.28
1.28
1.28
1.28
1.28
1.28
1.28
1.28
1.28
1.28
1.28
1.28
1.28
1.28
1.28
1.28
1.28
1.28
1.28
1.28
1.28
1.28
1.28
1.28
1.28
1.28
1.28
1.28
1.28
1.28
1.28
1.28
1.28
1.28
1.28
1.28
1.28
1.28
1.28
1.28
1.28
1.28
1.28
1.28
1.28
1.28
1.28
1.28
1.28
1.28
1.28
1.28
1.28
1.28
1.28
1.28
1.28
1.28
1.28
1.28
1.28
1.28
1.28
1.28
1.28
1.28
1.28
1.28
1.28
1.28
1.28
1.28
1.28
1.28
1.28
1.28
1.28
1.28
1.28
1.28
1.28
1.28
1.28
1.28
1.28
1.28
1.28
1.28
1.28
1.28
1.28
1.28
1.28
1.28
1.28
1.28
1.28
1.28
1.28
1.28
1.28
1.28
1.28
1.28
1.28
1.28
1.28
1.28
1.28
1.28
1.28
1.28
1.28
1.28
1.28
1.28
1.28
1.28
1.28
1.28
1.28
1.28
1.28
1.28
1.28
1.28
1.28
1.28
1.28
1.28
1.28
1.28
1.28
1.28
1.28
1.28
1.28
1.28
1.28
1.28
1.28
1.28
1.28
1.28
1.28
1.28
1.28
1.28
1.28
1.28
1.28
1.28
1.28
1.28
1.28
1.28
1.28
1.28
1.28
1.28
1.28
1.28
1.28
1.28
1.28
1.28
1.28
1.28
1.28
1.28
1.28
1.28
1.28
1.28
1.28
1.28
1.28
1.28
1.28
1.28
1.28
1.28
1.28
1.28
1.28
1.28
1.28
1.28
1.28
1.28
1.28
1.28
1.28
1.28
1.28
1.28
1.28
1.28
1.28
1.28
1.28
1.28
1.28
1.28
1.28
1.28
1.28
1.28
1.28
1.28
1.28
1.28
1.28
1.28
1.28
1.28
1.28
1.28
1.28
1.28
1.28
1.28
1.28
1.28
1.28
1.28
1.28
1.28
1.28
1.28
1.28
1.28
1.28
1.28
1.28
1.28
1.28
1.28
1.28
1.28
1.28
1.28
1.28
1.28
1.28
1.28
1.28
1.28
1.28
1.28
1.28
1.28
1.28
1.28
1.28
1.28
1.28
1.28
1.28
1.28
1.28
1.28
1.28
1.28
1.28
1.28
1.28
1.28
1.28
1.28
1.28
1.28
1.28
1.28
1.28
1.28
1.28
1.28
1.28
1.28
1.28
1.28
1.28
1.28
1.28
1.28
1.28
1.28
1.28
1.28
1.28
1.28
1.28
1.28
1.28
1.28
1.28
1.28
1.28
1.28
1.28
1.28
1.28
1.28
1.28
1.28
1.28
1.28
1.28
1.28
1.28
1.28001
1.28001
1.28001
1.28001
1.28001
1.28001
1.28001
1.28001
1.28001
1.28001
1.28
1.28
1.28
1.28
1.28
1.28
1.28
1.28
1.28
1.28
1.28
1.28
1.28
1.28
1.28
1.28
1.28
1.28
1.28
1.28
1.28
1.28
1.28
1.28
1.28
1.28
1.28
1.28
1.28
1.28
1.28
1.28
1.28
1.28
1.28
1.28
1.28
1.28
1.28
1.28
1.28
1.28
1.28
1.28
1.28
1.28
1.28
1.28
1.28
1.28
1.28
1.28
1.28
1.28
1.28
1.28
1.28
1.28
1.28
1.28
1.28
1.28
1.28
1.28
1.28
1.28
1.28
1.28
1.28
1.28
1.28
1.28
1.28
1.28
1.28
1.28
1.28
1.28
1.28
1.28
1.28
1.28
1.28
1.28
1.28
1.28
1.28
1.28
1.28
1.28
1.28001
1.28001
1.28001
1.28001
1.28001
1.28001
1.28001
1.28001
1.28001
1.28001
1.28
1.28
1.28
1.28
1.28
1.28
1.28
1.28
1.28
1.28
1.28
1.28
1.28
1.28
1.28
1.28
1.28
1.28
1.28
1.28
1.28
1.28
1.28
1.28
1.28
1.28
1.28
1.28
1.28
1.28
1.28
1.28
1.28
1.28
1.28
1.28
1.28
1.28
1.28
1.28
1.28
1.28
1.28
1.28
1.28
1.28
1.28
1.28
1.28
1.28
1.28
1.28
1.28
1.28
1.28
1.28
1.28
1.28
1.28
1.28
1.28
1.28
1.28
1.28
1.28
1.28
1.28
1.28
1.28
1.28
1.28
1.28
1.28
1.28
1.28
1.28
1.28
1.28
1.28
1.28
1.28
1.28
1.28
1.28
1.28
1.28
1.28
1.28
1.28
1.28
1.28
1.28
1.28
1.28
1.28
1.28
1.28
1.28
1.28
1.28
1.28
1.28
1.28
1.28
1.28
1.28
1.28
1.28
1.28
1.28
1.28
1.28
1.28
1.28
1.28
1.28
1.28
1.28
1.28
1.28
1.28
1.28
1.28
1.28
1.28
1.28
1.28
1.28
1.28
1.28
1.28
1.28
1.28
1.28
1.28
1.28
1.28
1.28
1.28
1.28
1.28
1.28
1.28
1.28
1.28
1.28
1.28
1.28
1.28
1.28
1.28
1.28
1.28
1.28
1.28
1.28
1.28
1.28
1.28
1.28
1.28
1.28
1.28
1.28
1.28
1.28
1.28
1.28
1.28
1.28
1.28
1.28
1.28
1.28
1.28
1.28
1.28
1.28
1.28
1.28
1.28
1.28
1.28
1.28
1.28
1.28
1.28
1.28
1.28
1.28
1.28
1.28
1.28
1.28
1.28
1.28
1.28
1.28
1.28
1.28
1.28
1.28
1.28
1.28
1.28
1.28
1.28
1.28
1.28
1.28
1.28
1.28
1.28
1.28
1.28
1.28
1.28
1.28
1.28
1.28
1.28
1.28
1.28
1.28
1.28
1.28
1.28
1.28
1.28
1.28
1.28
1.28
1.28
1.28
1.28
1.28
1.28
1.28
1.28
1.28
1.28
1.28
1.28
1.28
1.28
1.28
1.28
1.28
1.28
1.28
1.28
1.28
1.28
1.28
1.28
1.28
1.28
1.28
1.28
1.28
1.28
1.28
1.28
1.28
1.28
1.28
1.28
1.28
1.28
1.28
1.28
1.28
1.28
1.28
1.28
1.28
1.28
1.28
1.28
1.28
1.28
1.28
1.28
1.28
1.28
1.28
1.28
1.28
1.28
1.28
1.28
1.28
1.28
1.28
1.28
1.28
1.28
1.28
1.28
1.28
1.28
1.28
1.28
1.28
1.28
1.28
1.28
1.28
1.28
1.28
1.28
1.28
1.28
1.28
1.28
1.28
1.28
1.28
1.28
1.28
1.28
1.28
1.28
1.28
1.28
1.28
1.28
1.28
1.28
1.28
1.28
1.28
1.28
1.28
1.28
1.28
1.28
1.28
1.28
1.28
1.28
1.28
1.28
1.28
1.28
1.28
1.28
1.28
1.28
1.28
1.28
1.28
1.28
1.28
1.28
1.28
1.28
1.28
1.28
1.28
1.28
1.28
1.28
1.28
1.28
1.28
1.28
1.28
1.28
1.28
1.28
1.28
1.28
1.28
1.28
1.28
1.28
1.28
1.28
1.28
1.28
1.28
1.28
1.28
1.28
1.28
1.28
1.28
1.28
1.28
1.28
1.28
1.28
1.28
1.28
1.28
1.28
1.28
1.28
1.28
1.28
1.28
1.28
1.28
1.28
1.28
1.28
1.28
1.28
1.28
1.28
1.28
1.28
1.28
1.28
1.28
1.28
1.28
1.28
1.28
1.28
1.28
1.28
1.28
1.28
1.28
1.28
1.28
1.28
1.28
1.28
1.28
1.28
1.28
1.28
1.28
1.28
1.28
1.28
1.28
1.28
1.28
1.28
1.28
1.28
1.28
1.28
1.28
1.28
1.28
1.28
1.28
1.28
1.28
1.28
1.28
1.28
1.28
1.28
1.28
1.28
1.28
1.28
1.28
1.28
1.28
1.28
1.28
1.28
1.28
1.28
1.28
1.28
1.28
1.28
1.28
1.28
1.28
1.28
1.28
1.28
1.28
1.28
1.28
1.28
1.28
1.28
1.28
1.28
1.28
1.28
1.28
1.28
1.28
1.28
1.28
1.28
1.28
1.28
1.28
1.28
1.28
1.28
1.28
1.28
1.28
1.28
1.28
1.28
1.28
1.28
1.28
1.28
1.28
1.28
1.28
1.28
1.28
1.28
1.28
1.28
1.28
1.28
1.28
1.28
1.28
1.28
1.28
1.28
1.28
1.28
1.28
1.28
1.28
1.28
1.28
1.28
1.28
1.28
1.28
1.28
1.28
1.28
1.28
1.28
1.28
1.28
1.28
1.28
1.28
1.28
1.28
1.28
1.28
1.28
1.28
1.28
1.28
1.28
1.28
1.28
1.28
1.28
1.28
1.28
1.28
1.28
1.28
1.28
1.28
1.28
1.28
1.28
1.28
1.28
1.28
1.28
1.28
1.28
1.28
1.28
1.28
1.28
1.28
1.28
1.28
1.28
1.28
1.28
1.28
1.28
1.28
1.28
1.28
1.28
1.28
1.28
1.28
1.28
1.28
1.28
1.28
1.28
1.28
1.28
1.28
1.28
1.28
1.28
1.28
1.28
1.28
1.28
1.28
1.28
1.28
1.28
1.28
1.28
1.28
1.28
1.28
1.28
1.28
1.28
1.28
1.28
1.28
1.28
1.28
1.28
1.28
1.28
1.28
1.28
1.28
1.28
1.28
1.28
1.28
1.28
1.28
1.28
1.28
1.28
1.28
1.28
1.28
1.28
1.28
1.28
1.28
1.28
1.28
1.28
1.28
1.28
1.28
1.28
1.28
1.28
1.28
1.28
1.28
1.28
1.28
1.28
1.28
1.28
1.28
1.28
1.28
1.28
1.28
1.28
1.28
1.28
1.28
1.28
1.28
1.28
1.28
1.28
1.28
1.28
1.28
1.28
1.28
1.28
1.28
1.28
1.28
1.28
1.28
1.28
1.28
1.28
1.28
1.28
1.28
1.28
1.28
1.28
1.28
1.28
1.28
1.28
1.28
1.28
1.28
1.28
1.28
1.28
1.28
1.28
1.28
1.28
1.28
1.28
1.28
1.28
1.28
1.28
1.28
1.28
1.28
1.28
1.28
1.28
1.28
1.28
1.28
1.28
1.28
1.28
1.28
1.28
1.28
1.28
1.28
1.28
1.28
1.28
1.28
1.28
1.28
1.28
1.28
1.28
1.28
1.28
1.28
1.28
1.28
1.28
1.28
1.28
1.28
1.28
1.28
1.28
1.28
1.28
1.28
1.28
1.28
1.28
1.28
1.28
1.28
1.28
1.28
1.28
1.28
1.28
1.28
1.28
1.28
1.28
1.28
1.28
1.28
1.28
1.28
1.28
1.28
1.28
1.28
1.28
1.28
1.28
1.28
1.28
1.28
1.28
1.28
1.28
1.28
1.28
1.28
1.28
1.28
1.28
1.28
1.28
1.28
1.28
1.28
1.28
1.28
1.28
1.28
1.28
1.28
1.28
1.28
1.28
1.28
1.28
1.28
1.28
1.28
1.28
1.28
1.28
1.28
1.28
1.28
1.28
1.28
1.28
1.28
1.28
1.28
1.28
1.28
1.28
1.28
1.28
1.28
1.28
1.28
1.28
1.28
1.28
1.28
1.28
1.28
1.28
1.28
1.28
1.28
1.28
1.28
1.28
1.28
1.28
1.28
1.28
1.28
1.28
1.28
1.28
1.28
1.28
1.28
1.28
1.28
1.28
1.28
1.28
1.28
1.28
1.28
1.28
1.28
1.28
1.28
1.28
1.28
1.28
1.28
1.28
1.28
1.28
1.28
1.28
1.28
1.28
1.28
1.28
1.28
1.28
1.28
1.28
1.28
1.28
1.28
1.28
1.28
1.28
1.28
1.28
1.28
1.28
1.28
1.28
1.28
1.28
1.28
1.28
1.28
1.28
1.28
1.28
1.28
1.28
1.28
1.28
1.28
1.28
1.28
1.28
1.28
1.28
1.28
1.28
1.28
1.28
1.28
1.28
1.28
1.28
1.28
1.28
1.28
1.28
1.28
1.28
1.28
1.28
1.28
1.28
1.28
1.28
1.28
1.28
1.28
1.28
1.28
1.28
1.28
1.28
1.28
1.28
1.28
1.28
1.28
1.28
1.28
1.28
1.28
1.28
1.28
1.28
1.28
1.28
1.28
1.28
1.28
1.28
1.28
1.28
1.28
1.28
1.28
1.28
1.28
1.28
1.28
1.28
1.28
1.28
1.28
1.28
1.28
1.28
1.28
1.28
1.28
1.28
1.28
1.28
1.28
1.28
1.28
1.28
1.28
1.28
1.28
1.28
1.28
1.28
1.28
1.28
1.28
1.28
1.28
1.28
1.28
1.28
1.28
1.28
1.28
1.28
1.28
1.28
1.28
1.28
1.28
1.28
1.28
1.28
1.28
1.28
1.28
1.28
1.28
1.28
1.28
1.28
1.28
1.28
1.28
1.28
1.28
1.28
1.28
1.28
1.28
1.28
1.28
1.28
1.28
1.28
1.28
1.28
1.28
1.28
1.28
1.28
1.28
1.28
1.28
1.28
1.28
1.28
1.28
1.28
1.28
1.28
1.28
1.28
1.28
1.28
1.28
1.28
1.28
1.28
1.28
1.28
1.28
1.28
1.28
1.28
1.28
1.28
1.28
1.28
1.28
1.28
1.28
1.28
1.28
1.28
1.28
1.28
1.28
1.28
1.28
1.28
1.28
1.28
1.28
1.28
1.28
1.28
1.28
1.28
1.28
1.28
1.28
1.28
1.28
1.28
1.28
1.28
1.28
1.28
1.28
1.28
1.28
1.28
1.28
1.28
1.28
1.28
1.28
1.28
1.28
1.28
1.28
1.28
1.28
1.28
1.28
1.28
1.28
1.28
1.28
1.28
1.28
1.28
1.28
1.28
1.28
1.28
1.28
1.28
1.28
1.28
1.28
1.28
1.28
1.28
1.28
1.28
1.28
1.28
1.28
1.28
1.28
1.28
1.28
1.28
1.28
1.28
1.28
1.28
1.28
1.28
1.28
1.28
1.28
1.28
1.28
1.28
1.28
1.28
1.28
1.28
1.28
1.28
1.28
1.28
1.28
1.28
1.28
1.28
1.28
1.28
1.28
1.28
1.28
1.28
1.28
1.28
1.28
1.28
1.28
1.28
1.28
1.28
1.28
1.28
1.28
1.28
1.28
1.28
1.28
1.28
1.28
1.28
1.28
1.28
1.28
1.28
1.28
1.28
1.28
1.28
1.28
1.28
1.28
1.28
1.28
1.28
1.28
1.28
1.28
1.28
1.28
1.28
1.28
1.28
1.28
1.28
1.28
1.28
1.28
1.28
1.28
1.28
1.28
1.28
1.28
1.28
1.28
1.28
1.28
1.28
1.28
1.28
1.28
1.28
1.28
1.28
1.28
1.28
1.28
1.28
1.28
1.28
1.28
1.28
1.28
1.28
1.28
1.28
1.28
1.28
1.28
1.28
1.28
1.28
1.28
1.28
1.28
1.28
1.28
1.28
1.28
1.28
1.28
1.28
1.28
1.28
1.28
1.28
1.28
1.28
1.28
1.28
1.28
1.28
1.28
1.28
1.28
1.28
1.28
1.28
1.28
1.28
1.28
1.28
1.28
1.28
1.28
1.28
1.28
1.28
1.28
1.28
1.28
1.28
1.28
1.28
1.28
1.28
1.28
1.28
1.28
1.28
1.28
1.28
1.28
1.28
1.28
1.28
1.28
1.28
1.28
1.28
1.28
1.28
1.28
1.28
1.28
1.28
1.28
1.28
1.28
1.28
1.28
1.28
1.28
1.28
1.28
1.28
1.28
1.28
1.28
1.28
1.28
1.28
1.28
1.28
1.28
1.28
1.28
1.28
1.28
1.28
1.28
1.28
1.28
1.28
1.28
1.28
1.28
1.28
1.28
1.28
1.28
1.28
1.28
1.28
1.28
1.28
1.28
1.28
1.28
1.28
1.28
1.28
1.28
1.28
1.28
1.28
1.28
1.28
1.28
1.28
1.28
1.28
1.28
1.28
1.28
1.28
1.28
1.28
1.28
1.28
1.28
1.28
1.28
1.28
1.28
1.28
1.28
1.28
1.28
1.28
1.28
1.28
1.28
1.28
1.28
1.28
1.28
1.28
1.28
1.28
1.28
1.28
1.28
1.28
1.28
1.28
1.28
1.28
1.28
1.28
1.28
1.28
1.28
1.28
1.28
1.28
1.28
1.28
1.28
1.28
1.28
1.28
1.28
1.28
1.28
1.28
1.28
1.28
1.28
1.28
1.28
1.28
1.28
1.28
1.28
1.28
1.28
1.28
1.28
1.28
1.28
1.28
1.28
1.28
1.28
1.28
1.28
1.28
1.28
1.28
1.28
1.28
1.28
1.28
1.28
1.28
1.28
1.28
1.28
1.28
1.28
1.28
1.28
1.28
1.28
1.28
1.28
1.28
1.28
1.28
1.28
1.28
1.28
1.28
1.28
1.28
1.28
1.28
1.28
1.28
1.28
1.28
1.28
1.28
1.28
1.28
1.28
1.28
1.28
1.28
1.28
1.28
1.28
1.28
1.28
1.28
1.28
1.28
1.28
1.28
1.28
1.28
1.28
1.28
1.28
1.28
1.28
1.28
1.28
1.28
1.28
1.28
1.28
1.28
1.28
1.28
1.28
1.28
1.28
1.28
1.28
1.28
1.28
1.28
1.28
1.28
1.28
1.28
1.28
1.28
1.28
1.28
1.28
1.28
1.28
1.28
1.28
1.28
1.28
1.28
1.28
1.28
1.28
1.28
1.28
1.28
1.28
1.28
1.28
1.28
1.28
1.28
1.28
1.28
1.28
1.28
1.28
1.28
1.28
1.28
1.28
1.28
1.28
1.28
1.28
1.28
1.28
1.28
1.28
1.28
1.28
1.28
1.28
1.28
1.28
1.28
1.28
1.28
1.28
1.28
1.28
1.28
1.28
1.28
1.28
1.28
1.28001
1.28
1.28
1.28
1.28
1.28
1.28
1.28
1.28
1.28
1.28
1.28
1.28
1.28
1.28
1.28
1.28
1.28
1.28
1.28
1.28
1.28
1.28
1.28
1.28
1.28
1.28
1.28
1.28
1.28
1.28
1.28
1.28
1.28
1.28
1.28
1.28
1.28
1.28
1.28
1.28
1.28
1.28
1.28
1.28
1.28
1.28
1.28
1.28
1.28
1.28
1.28
1.28
1.28
1.28
1.28
1.28
1.28
1.28
1.28
1.28
1.28
1.28
1.28
1.28
1.28
1.28
1.28
1.28
1.28
1.28
1.28
1.28
1.28
1.28
1.28
1.28
1.28
1.28
1.28
1.28
1.28
1.28
1.28
1.28
1.28
1.28
1.28
1.28
1.28
1.28
1.28
1.28
1.28
1.28
1.28
1.28
1.28
1.28
1.28
1.28001
1.28
1.28
1.28
1.28
1.28
1.28
1.28
1.28
1.28
1.28
1.28
1.28
1.28
1.28
1.28
1.28
1.28
1.28
1.28
1.28
1.28
1.28
1.28
1.28
1.28
1.28
1.28
1.28
1.28
1.28
1.28
1.28
1.28
1.28
1.28
1.28
1.28
1.28
1.28
1.28
1.28
1.28
1.28
1.28
1.28
1.28
1.28
1.28
1.28
1.28
1.28
1.28
1.28
1.28
1.28
1.28
1.28
1.28
1.28
1.28
1.28
1.28
1.28
1.28
1.28
1.28
1.28
1.28
1.28
1.28
1.28
1.28
1.28
1.28
1.28
1.28
1.28
1.28
1.28
1.28
1.28
1.28
1.28
1.28
1.28
1.28
1.28
1.28
1.28
1.28
1.28
1.28
1.28
1.28
1.28
1.28
1.28
1.28
1.28
1.28001
1.28
1.28
1.28
1.28
1.28
1.28
1.28
1.28
1.28
1.28
1.28
1.28
1.28
1.28
1.28
1.28
1.28
1.28
1.28
1.28
1.28
1.28
1.28
1.28
1.28
1.28
1.28
1.28
1.28
1.28
1.28
1.28
1.28
1.28
1.28
1.28
1.28
1.28
1.28
1.28
1.28
1.28
1.28
1.28
1.28
1.28
1.28
1.28
1.28
1.28
1.28
1.28
1.28
1.28
1.28
1.28
1.28
1.28
1.28
1.28
1.28
1.28
1.28
1.28
1.28
1.28
1.28
1.28
1.28
1.28
1.28
1.28
1.28
1.28
1.28
1.28
1.28
1.28
1.28
1.28
1.28
1.28
1.28
1.28
1.28
1.28
1.28
1.28
1.28
1.28
1.28
1.28
1.28
1.28
1.28
1.28
1.28
1.28
1.28
1.28001
1.28
1.28
1.28
1.28
1.28
1.28
1.28
1.28
1.28
1.28
1.28
1.28
1.28
1.28
1.28
1.28
1.28
1.28
1.28
1.28
1.28
1.28
1.28
1.28
1.28
1.28
1.28
1.28
1.28
1.28
1.28
1.28
1.28
1.28
1.28
1.28
1.28
1.28
1.28
1.28
1.28
1.28
1.28
1.28
1.28
1.28
1.28
1.28
1.28
1.28
1.28
1.28
1.28
1.28
1.28
1.28
1.28
1.28
1.28
1.28
1.28
1.28
1.28
1.28
1.28
1.28
1.28
1.28
1.28
1.28
1.28
1.28
1.28
1.28
1.28
1.28
1.28
1.28
1.28
1.28
1.28
1.28
1.28
1.28
1.28
1.28
1.28
1.28
1.28
1.28
1.28
1.28
1.28
1.28
1.28
1.28
1.28
1.28
1.28
1.28001
1.28
1.28
1.28
1.28
1.28
1.28
1.28
1.28
1.28
1.28
1.28
1.28
1.28
1.28
1.28
1.28
1.28
1.28
1.28
1.28
1.28
1.28
1.28
1.28
1.28
1.28
1.28
1.28
1.28
1.28
1.28
1.28
1.28
1.28
1.28
1.28
1.28
1.28
1.28
1.28
1.28
1.28
1.28
1.28
1.28
1.28
1.28
1.28
1.28
1.28
1.28
1.28
1.28
1.28
1.28
1.28
1.28
1.28
1.28
1.28
1.28
1.28
1.28
1.28
1.28
1.28
1.28
1.28
1.28
1.28
1.28
1.28
1.28
1.28
1.28
1.28
1.28
1.28
1.28
1.28
1.28
1.28
1.28
1.28
1.28
1.28
1.28
1.28
1.28
1.28
1.28
1.28
1.28
1.28
1.28
1.28
1.28
1.28
1.28
1.28001
1.28
1.28
1.28
1.28
1.28
1.28
1.28
1.28
1.28
1.28
1.28
1.28
1.28
1.28
1.28
1.28
1.28
1.28
1.28
1.28
1.28
1.28
1.28
1.28
1.28
1.28
1.28
1.28
1.28
1.28
1.28
1.28
1.28
1.28
1.28
1.28
1.28
1.28
1.28
1.28
1.28
1.28
1.28
1.28
1.28
1.28
1.28
1.28
1.28
1.28
1.28
1.28
1.28
1.28
1.28
1.28
1.28
1.28
1.28
1.28
1.28
1.28
1.28
1.28
1.28
1.28
1.28
1.28
1.28
1.28
1.28
1.28
1.28
1.28
1.28
1.28
1.28
1.28
1.28
1.28
1.28
1.28
1.28
1.28
1.28
1.28
1.28
1.28
1.28
1.28
1.28
1.28
1.28
1.28
1.28
1.28
1.28
1.28
1.28
1.28001
1.28
1.28
1.28
1.28
1.28
1.28
1.28
1.28
1.28
1.28
1.28
1.28
1.28
1.28
1.28
1.28
1.28
1.28
1.28
1.28
1.28
1.28
1.28
1.28
1.28
1.28
1.28
1.28
1.28
1.28
1.28
1.28
1.28
1.28
1.28
1.28
1.28
1.28
1.28
1.28
1.28
1.28
1.28
1.28
1.28
1.28
1.28
1.28
1.28
1.28
1.28
1.28
1.28
1.28
1.28
1.28
1.28
1.28
1.28
1.28
1.28
1.28
1.28
1.28
1.28
1.28
1.28
1.28
1.28
1.28
1.28
1.28
1.28
1.28
1.28
1.28
1.28
1.28
1.28
1.28
1.28
1.28
1.28
1.28
1.28
1.28
1.28
1.28
1.28
1.28
1.28
1.28
1.28
1.28
1.28
1.28
1.28
1.28
1.28
1.28001
1.28
1.28
1.28
1.28
1.28
1.28
1.28
1.28
1.28
1.28
1.28
1.28
1.28
1.28
1.28
1.28
1.28
1.28
1.28
1.28
1.28
1.28
1.28
1.28
1.28
1.28
1.28
1.28
1.28
1.28
1.28
1.28
1.28
1.28
1.28
1.28
1.28
1.28
1.28
1.28
1.28
1.28
1.28
1.28
1.28
1.28
1.28
1.28
1.28
1.28
1.28
1.28
1.28
1.28
1.28
1.28
1.28
1.28
1.28
1.28
1.28
1.28
1.28
1.28
1.28
1.28
1.28
1.28
1.28
1.28
1.28
1.28
1.28
1.28
1.28
1.28
1.28
1.28
1.28
1.28
1.28
1.28
1.28
1.28
1.28
1.28
1.28
1.28
1.28
1.28
1.28
1.28
1.28
1.28
1.28
1.28
1.28
1.28
1.28
1.28
1.28
1.28
1.28
1.28
1.28
1.28
1.28
1.28
1.28
1.28
1.28
1.28
1.28
1.28
1.28
1.28
1.28
1.28
1.28
1.28
1.28
1.28
1.28
1.28
1.28
1.28
1.28
1.28
1.28
1.28
1.28
1.28
1.28
1.28
1.28
1.28
1.28
1.28
1.28
1.28
1.28
1.28
1.28
1.28
1.28
1.28
1.28
1.28
1.28
1.28
1.28
1.28
1.28
1.28
1.28
1.28
1.28
1.28
1.28
1.28
1.28
1.28
1.28
1.28
1.28
1.28
1.28
1.28
1.28
1.28
1.28
1.28
1.28
1.28
1.28
1.28
1.28
1.28
1.28
1.28
1.28
1.28
1.28
1.28
1.28
1.28
1.28
1.28
1.28
1.28
1.28
1.28
1.28
1.28
1.28
1.28
1.28
1.28
1.28
1.28
1.28
1.28
1.28
1.28
1.28
1.28
1.28
1.28
1.28
1.28
1.28
1.28
1.28
1.28
1.28
1.28
1.28
1.28
1.28
1.28
1.28
1.28
1.28
1.28
1.28
1.28
1.28
1.28
1.28
1.28
1.28
1.28
1.28
1.28
1.28
1.28
1.28
1.28
1.28
1.28
1.28
1.28
1.28
1.28
1.28
1.28
1.28
1.28
1.28
1.28
1.28
1.28
1.28
1.28
1.28
1.28
1.28
1.28
1.28
1.28
1.28
1.28
1.28
1.28
1.28
1.28
1.28
1.28
1.28
1.28
1.28
1.28
1.28
1.28
1.28
1.28
1.28
1.28
1.28
1.28
1.28
1.28
1.28
1.28
1.28
1.28
1.28
1.28
1.28
1.28
1.28
1.28
1.28
1.28
1.28
1.28
1.28
1.28
1.28
1.28
1.28
1.28
1.28
1.28
1.28
1.28
1.28
1.28
1.28
1.28
1.28
1.28
1.28
1.28
1.28
1.28
1.28
1.28
1.28
1.28
1.28
1.28
1.28
1.28
1.28
1.28
1.28
1.28
1.28
1.28
1.28
1.28
1.28
1.28
1.28
1.28
1.28
1.28
1.28
1.28
1.28
1.28
1.28
1.28
1.28
1.28
1.28
1.28
1.28
1.28
1.28
1.28
1.28
1.28
1.28
1.28
1.28
1.28
1.28
1.28
1.28
1.28
1.28
1.28
1.28
1.28
1.28
1.28
1.28
1.28
1.28
1.28
1.28
1.28
1.28
1.28
1.28
1.28
1.28
1.28
1.28
1.28
1.28
1.28
1.28
1.28
1.28
1.28
1.28
1.28
1.28
1.28
1.28
1.28
1.28
1.28
1.28
1.28
1.28
1.28
1.28
1.28
1.28
1.28
1.28
1.28
1.28
1.28
1.28
1.28
1.28
1.28
1.28
1.28
1.28
1.28
1.28
1.28
1.28
1.28
1.28
1.28
1.28
1.28
1.28
1.28
1.28
1.28
1.28
1.28
1.28
1.28
1.28
1.28
1.28
1.28
1.28
1.28
1.28
1.28
1.28
1.28
1.28
1.28
1.28
1.28
1.28
1.28
1.28
1.28
1.28
1.28
1.28
1.28
1.28
1.28
1.28
1.28
1.28
1.28
1.28
1.28
1.28
1.28
1.28
1.28
1.28
1.28
1.28
1.28
1.28
1.28
1.28
1.28
1.28
1.28
1.28
1.28
1.28
1.28
1.28
1.28
1.28
1.28
1.28
1.28
1.28
1.28
1.28
1.28
1.28
1.28
1.28
1.28
1.28
1.28
1.28
1.28
1.28
1.28
1.28
1.28
1.28
1.28
1.28
1.28
1.28
1.28
1.28
1.28
1.28
1.28
1.28
1.28
1.28
1.28
1.28
1.28
1.28
1.28
1.28
1.28
1.28
1.28
1.28
1.28
1.28
1.28
1.28
1.28
1.28
1.28
1.28
1.28
1.28
1.28
1.28
1.28
1.28
1.28
1.28
1.28
1.28
1.28
1.28
1.28
1.28
1.28
1.28
1.28
1.28
1.28
1.28
1.28
1.28
1.28
1.28
1.28
1.28
1.28
1.28
1.28
1.28
1.28
1.28
1.28
1.28
1.28
1.28
1.28
1.28
1.28
1.28
1.28
1.28
1.28
1.28
1.28
1.28
1.28
1.28
1.28
1.28
1.28
1.28
1.28
1.28
1.28
1.28
1.28
1.28
1.28
1.28
1.28
1.28
1.28
1.28
1.28
1.28
1.28
1.28
1.28
1.28
1.28
1.28
1.28
1.28
1.28
1.28
1.28
1.28
1.28
1.28
1.28
1.28
1.28
1.28
1.28
1.28
1.28
1.28
1.28
1.28
1.28
1.28
1.28
1.28
1.28
1.28
1.28
1.28
1.28
1.28
1.28
1.28
1.28
1.28
1.28
1.28
1.28
1.28
1.28
1.28
1.28
1.28
1.28
1.28
1.28
1.28
1.28
1.28
1.28
1.28
1.28
1.28
1.28
1.28
1.28
1.28
1.28
1.28
1.28
1.28
1.28
1.28
1.28
1.28
1.28
1.28
1.28
1.28
1.28
1.28
1.28
1.28
1.28
1.28
1.28
1.28
1.28
1.28
1.28
1.28
1.28
1.28
1.28
1.28
1.28
1.28
1.28
1.28
1.28
1.28
1.28
1.28
1.28
1.28
1.28
1.28
1.28
1.28
1.28
1.28
1.28
1.28
1.28
1.28
1.28
1.28
1.28
1.28
1.28
1.28
1.28
1.28
1.28
1.28
1.28
1.28
1.28
1.28
1.28
1.28
1.28
1.28
1.28
1.28
1.28
1.28
1.28
1.28
1.28
1.28
1.28
1.28
1.28
1.28
1.28
1.28
1.28
1.28
1.28
1.28
1.28
1.28
1.28
1.28
1.28
1.28
1.28
1.28
1.28
1.28
1.28
1.28
1.28
1.28
1.28
1.28
1.28
1.28
1.28
1.28
1.28
1.28
1.28
1.28
1.28
1.28
1.28
1.28
1.28
1.28
1.28
1.28
1.28
1.28
1.28
1.28
1.28
1.28
1.28
1.28
1.28
1.28
1.28
1.28
1.28
1.28
1.28
1.28
1.28
1.28
1.28
1.28
1.28
1.28
1.28
1.28
1.28
1.28
1.28
1.28
1.28
1.28
1.28
1.28
1.28
1.28
1.28
1.28
1.28
1.28
1.28
1.28
1.28
1.28
1.28
1.28
1.28
1.28
1.28
1.28
1.28
1.28
1.28
1.28
1.28
1.28
1.28
1.28
1.28
1.28
1.28
1.28
1.28
1.28
1.28
1.28
1.28
1.28
1.28
1.28
1.28
1.28
1.28
1.28
1.28
1.28
1.28
1.28
1.28
1.28
1.28
1.28
1.28
1.28
1.28
1.28
1.28
1.28
1.28
1.28
1.28
1.28
1.28
1.28
1.28
1.28
1.28
1.28
1.28
1.28
1.28
1.28
1.28
1.28
1.28
1.28
1.28
1.28
1.28
1.28
1.28
1.28
1.28
1.28
1.28
1.28
1.28
1.28
1.28
1.28
1.28
1.28
1.28
1.28
1.28
1.28
1.28
1.28
1.28
1.28
1.28
1.28
1.28
1.28
1.28
1.28
1.28
1.28
1.28
1.28
1.28
1.28
1.28
1.28
1.28
1.28
1.28
1.28
1.28
1.28
1.28
1.28
1.28
1.28
1.28
1.28
1.28
1.28
1.28
1.28
1.28
1.28
1.28
1.28
1.28
1.28
1.28
1.28
1.28
1.28
1.28
1.28
1.28
1.28
1.28
1.28
1.28
1.28
1.28
1.28
1.28
1.28
1.28
1.28
1.28
1.28
1.28
1.28
1.28
1.28
1.28
1.28
1.28
1.28
1.28
1.28
1.28
1.28
1.28
1.28
1.28
1.28
1.28
1.28
1.28
1.28
1.28
1.28
1.28
1.28
1.28
1.28
1.28
1.28
1.28
1.28
1.28
1.28
1.28
1.28
1.28
1.28
1.28
1.28
1.28
1.28
1.28
1.28
1.28
1.28
1.28
1.28
1.28
1.28
1.28
1.28
1.28
1.28
1.28
1.28
1.28
1.28
1.28
1.28
1.28
1.28
1.28
1.28
1.28
1.28
1.28
1.28
1.28
1.28
1.28
1.28
1.28
1.28
1.28
1.28
1.28
1.28
1.28
1.28
1.28
1.28
1.28
1.28
1.28
1.28
1.28
1.28
1.28
1.28
1.28
1.28
1.28
1.28
1.28
1.28
1.28
1.28
1.28
1.28
1.28
1.28
1.28
1.28
1.28
1.28
1.28
1.28
1.28
1.28
1.28
1.28
1.28
1.28
1.28
1.28
1.28
1.28
1.28
1.28
1.28
1.28
1.28
1.28
1.28
1.28
1.28
1.28
1.28
1.28
1.28
1.28
1.28
1.28
1.28
1.28
1.28
1.28
1.28
1.28
1.28
1.28
1.28
1.28
1.28
1.28
1.28
1.28
1.28
1.28
1.28
1.28
1.28
1.28
1.28
1.28
1.28
1.28
1.28
1.28
1.28
1.28
1.28
1.28
1.28
1.28
1.28
1.28
1.28
1.28
1.28
1.28
1.28
1.28
1.28
1.28
1.28
1.28
1.28
1.28
1.28
1.28
1.28
1.28
1.28
1.28
1.28
1.28
1.28
1.28
1.28
1.28
1.28
1.28
1.28
1.28
1.28
1.28
1.28
1.28
1.28
1.28
1.28
1.28
1.28
1.28
1.28
1.28
1.28
1.28
1.28
1.28
1.28
1.28
1.28
1.28
1.28
1.28
1.28
1.28
1.28
1.28
1.28
1.28
1.28
1.28
1.28
1.28
1.28
1.28
1.28
1.28
1.28
1.28
1.28
1.28
1.28
1.28
1.28
1.28
1.28
1.28
1.28
1.28
1.28
1.28
1.28
1.28
1.28
1.28
1.28
1.28
1.28
1.28
1.28
1.28
1.28
1.28
1.28
1.28
1.28
1.28
1.28
1.28
1.28
1.28
1.28
1.28
1.28
1.28
1.28
1.28
1.28
1.28
1.28
1.28
1.28
1.28
1.28
1.28
1.28
1.28
1.28
1.28
1.28
1.28
1.28
1.28
1.28
1.28
1.28
1.28
1.28
1.28
1.28
1.28
1.28
1.28
1.28
1.28
1.28
1.28
1.28
1.28
1.28
1.28
1.28
1.28
1.28
1.28
1.28
1.28
1.28
1.28
1.28
1.28
1.28
1.28
1.28
1.28
1.28
1.28
1.28
1.28
1.28
1.28
1.28
1.28
1.28
1.28
1.28
1.28
1.28
1.28
1.28
1.28
1.28
1.28
1.28
1.28
1.28
1.28
1.28
1.28
1.28
1.28
1.28
1.28
1.28
1.28
1.28
1.28
1.28
1.28
1.28
1.28
1.28
1.28
1.28
1.28
1.28
1.28
1.28
1.28
1.28
1.28
1.28
1.28
1.28
1.28
1.28
1.28
1.28
1.28
1.28
1.28
1.28
1.28
1.28
1.28
1.28
1.28
1.28
1.28
1.28
1.28
1.28
1.28
1.28
1.28
1.28
1.28
1.28
1.28
1.28
1.28
1.28
1.28
1.28
1.28
1.28
1.28
1.28
1.28
1.28
1.28
1.28
1.28
1.28
1.28
1.28
1.28
1.28
1.28
1.28
1.28
1.28
1.28
1.28
1.28
1.28
1.28
1.28
1.28
1.28
1.28
1.28
1.28
1.28
1.28
1.28
1.28
1.28
1.28
1.28
1.28
1.28
1.28
1.28
1.28
1.28
1.28
1.28
1.28
1.28
1.28
1.28
1.28
1.28
1.28
1.28
1.28
1.28
1.28
1.28
1.28
1.28
1.28
1.28
1.28
1.28
1.28
1.28
1.28
1.28
1.28
1.28
1.28
1.28
1.28
1.28
1.28
1.28
1.28
1.28
1.28
1.28
1.28
1.28
1.28
1.28
1.28
1.28
1.28
1.28
1.28
1.28
1.28
1.28
1.28
1.28
1.28
1.28
1.28
1.28
1.28
1.28
1.28
1.28
1.28
1.28
1.28
1.28
1.28
1.28
1.28
1.28
1.28
1.28
1.28
1.28
1.28
1.28
1.28
1.28
1.28
1.28
1.28
1.28
1.28
1.28
1.28
1.28
1.28
1.28
1.28
1.28
1.28
1.28
1.28
1.28
1.28
1.28
1.28
1.28
1.28
1.28
1.28
1.28
1.28
1.28
1.28
1.28
1.28
1.28
1.28
1.28
1.28
1.28
1.28
1.28
1.28
1.28
1.28
1.28
1.28
1.28
1.28
1.28
1.28
1.28
1.28
1.28
1.28
1.28
1.28
1.28
1.28
1.28
1.28
1.28
1.28
1.28
1.28
1.28
1.28
1.28
1.28
1.28
1.28
1.28
1.28
1.28
1.28
1.28
1.28
1.28
1.28
1.28
1.28
1.28
1.28
1.28
1.28
1.28
1.28
1.28
1.28
1.28
1.28
1.28
1.28
1.28
1.28
1.28
1.28
1.28
1.28
1.28
1.28
1.28
1.28
1.28
1.28
1.28
1.28
1.28
1.28
1.28
1.28
1.28
1.28
1.28
1.28
1.28
1.28
1.28
1.28
1.28
1.28
1.28
1.28
1.28
1.28001
1.28001
1.28001
1.28001
1.28001
1.28001
1.28001
1.28001
1.28001
1.28001
8.67613
1.28182
1.27999
1.28
1.28
1.28
1.28
1.28
1.28
1.28
8.70819
1.29264
1.28
1.28
1.28
1.28
1.28
1.28
1.28
1.28
8.72721
1.29609
1.28001
1.28
1.28
1.28
1.28
1.28
1.28
1.28
8.73492
1.29674
1.28001
1.28
1.28
1.28
1.28
1.28
1.28
1.28
8.7385
1.29696
1.28001
1.28
1.28
1.28
1.28
1.28
1.28
1.28
8.73989
1.29695
1.28001
1.28
1.28
1.28
1.28
1.28
1.28
1.28
8.73954
1.29678
1.28001
1.28
1.28
1.28
1.28
1.28
1.28
1.28
8.73653
1.29618
1.28001
1.28
1.28
1.28
1.28
1.28
1.28
1.28
8.7264
1.29294
1.28
1.28
1.28
1.28
1.28
1.28
1.28
1.28
8.70567
1.28277
1.27999
1.28
1.28
1.28
1.28
1.28
1.28
1.28
8.70659
1.29261
1.28
1.28
1.28
1.28
1.28
1.28
1.28
1.28
8.72654
1.29832
1.28001
1.28
1.28
1.28
1.28
1.28
1.28
1.28
8.73673
1.29953
1.28002
1.28
1.28
1.28
1.28
1.28
1.28
1.28
8.74107
1.29961
1.28002
1.28
1.28
1.28
1.28
1.28
1.28
1.28
8.74317
1.29964
1.28002
1.28
1.28
1.28
1.28
1.28
1.28
1.28
8.74381
1.29963
1.28002
1.28
1.28
1.28
1.28
1.28
1.28
1.28
8.74319
1.29963
1.28002
1.28
1.28
1.28
1.28
1.28
1.28
1.28
8.74083
1.29955
1.28002
1.28
1.28
1.28
1.28
1.28
1.28
1.28
8.73395
1.29834
1.28001
1.28
1.28
1.28
1.28
1.28
1.28
1.28
8.71934
1.29279
1.28
1.28
1.28
1.28
1.28
1.28
1.28
1.28
8.72417
1.29605
1.28001
1.28
1.28
1.28
1.28
1.28
1.28
1.28
8.73542
1.29953
1.28002
1.28
1.28
1.28
1.28
1.28
1.28
1.28
8.74092
1.30003
1.28002
1.28
1.28
1.28
1.28
1.28
1.28
1.28
8.7434
1.29999
1.28002
1.28
1.28
1.28
1.28
1.28
1.28
1.28
8.74457
1.29997
1.28002
1.28
1.28
1.28
1.28
1.28
1.28
1.28
8.7447
1.29997
1.28002
1.28
1.28
1.28
1.28
1.28
1.28
1.28
8.74382
1.29999
1.28002
1.28
1.28
1.28
1.28
1.28
1.28
1.28
8.74172
1.30004
1.28002
1.28
1.28
1.28
1.28
1.28
1.28
1.28
8.73682
1.29953
1.28002
1.28
1.28
1.28
1.28
1.28
1.28
1.28
8.72648
1.29604
1.28001
1.28
1.28
1.28
1.28
1.28
1.28
1.28
8.73055
1.29669
1.28001
1.28
1.28
1.28
1.28
1.28
1.28
1.28
8.73872
1.2996
1.28002
1.28
1.28
1.28
1.28
1.28
1.28
1.28
8.74252
1.29998
1.28002
1.28
1.28
1.28
1.28
1.28
1.28
1.28
8.74423
1.29995
1.28002
1.28
1.28
1.28
1.28
1.28
1.28
1.28
8.74494
1.29994
1.28002
1.28
1.28
1.28
1.28
1.28
1.28
1.28
8.74476
1.29994
1.28002
1.28
1.28
1.28
1.28
1.28
1.28
1.28
8.74368
1.29995
1.28002
1.28
1.28
1.28
1.28
1.28
1.28
1.28
8.74156
1.29998
1.28002
1.28
1.28
1.28
1.28
1.28
1.28
1.28
8.73727
1.29959
1.28002
1.28
1.28
1.28
1.28
1.28
1.28
1.28
8.72848
1.29666
1.28001
1.28
1.28
1.28
1.28
1.28
1.28
1.28
8.73282
1.2969
1.28001
1.28
1.28
1.28
1.28
1.28
1.28
1.28
8.74
1.29962
1.28002
1.28
1.28
1.28
1.28
1.28
1.28
1.28
8.7432
1.29996
1.28002
1.28
1.28
1.28
1.28
1.28
1.28
1.28
8.74459
1.29993
1.28002
1.28
1.28
1.28
1.28
1.28
1.28
1.28
8.74509
1.29992
1.28002
1.28
1.28
1.28
1.28
1.28
1.28
1.28
8.74477
1.29992
1.28002
1.28
1.28
1.28
1.28
1.28
1.28
1.28
8.74358
1.29992
1.28002
1.28
1.28
1.28
1.28
1.28
1.28
1.28
8.74143
1.29994
1.28002
1.28
1.28
1.28
1.28
1.28
1.28
1.28
8.73734
1.29959
1.28002
1.28
1.28
1.28
1.28
1.28
1.28
1.28
8.72906
1.29684
1.28001
1.28
1.28
1.28
1.28
1.28
1.28
1.28
8.73282
1.2969
1.28001
1.28
1.28
1.28
1.28
1.28
1.28
1.28
8.74
1.29962
1.28002
1.28
1.28
1.28
1.28
1.28
1.28
1.28
8.7432
1.29996
1.28002
1.28
1.28
1.28
1.28
1.28
1.28
1.28
8.74459
1.29993
1.28002
1.28
1.28
1.28
1.28
1.28
1.28
1.28
8.74509
1.29992
1.28002
1.28
1.28
1.28
1.28
1.28
1.28
1.28
8.74477
1.29992
1.28002
1.28
1.28
1.28
1.28
1.28
1.28
1.28
8.74358
1.29992
1.28002
1.28
1.28
1.28
1.28
1.28
1.28
1.28
8.74143
1.29994
1.28002
1.28
1.28
1.28
1.28
1.28
1.28
1.28
8.73734
1.29959
1.28002
1.28
1.28
1.28
1.28
1.28
1.28
1.28
8.72906
1.29684
1.28001
1.28
1.28
1.28
1.28
1.28
1.28
1.28
8.73055
1.29669
1.28001
1.28
1.28
1.28
1.28
1.28
1.28
1.28
8.73872
1.2996
1.28002
1.28
1.28
1.28
1.28
1.28
1.28
1.28
8.74252
1.29998
1.28002
1.28
1.28
1.28
1.28
1.28
1.28
1.28
8.74423
1.29995
1.28002
1.28
1.28
1.28
1.28
1.28
1.28
1.28
8.74494
1.29994
1.28002
1.28
1.28
1.28
1.28
1.28
1.28
1.28
8.74476
1.29994
1.28002
1.28
1.28
1.28
1.28
1.28
1.28
1.28
8.74368
1.29995
1.28002
1.28
1.28
1.28
1.28
1.28
1.28
1.28
8.74156
1.29998
1.28002
1.28
1.28
1.28
1.28
1.28
1.28
1.28
8.73727
1.29959
1.28002
1.28
1.28
1.28
1.28
1.28
1.28
1.28
8.72848
1.29666
1.28001
1.28
1.28
1.28
1.28
1.28
1.28
1.28
8.72417
1.29605
1.28001
1.28
1.28
1.28
1.28
1.28
1.28
1.28
8.73542
1.29953
1.28002
1.28
1.28
1.28
1.28
1.28
1.28
1.28
8.74092
1.30003
1.28002
1.28
1.28
1.28
1.28
1.28
1.28
1.28
8.7434
1.29999
1.28002
1.28
1.28
1.28
1.28
1.28
1.28
1.28
8.74457
1.29997
1.28002
1.28
1.28
1.28
1.28
1.28
1.28
1.28
8.7447
1.29997
1.28002
1.28
1.28
1.28
1.28
1.28
1.28
1.28
8.74382
1.29999
1.28002
1.28
1.28
1.28
1.28
1.28
1.28
1.28
8.74172
1.30004
1.28002
1.28
1.28
1.28
1.28
1.28
1.28
1.28
8.73682
1.29953
1.28002
1.28
1.28
1.28
1.28
1.28
1.28
1.28
8.72648
1.29604
1.28001
1.28
1.28
1.28
1.28
1.28
1.28
1.28
8.70659
1.29261
1.28
1.28
1.28
1.28
1.28
1.28
1.28
1.28
8.72654
1.29832
1.28001
1.28
1.28
1.28
1.28
1.28
1.28
1.28
8.73673
1.29953
1.28002
1.28
1.28
1.28
1.28
1.28
1.28
1.28
8.74107
1.29961
1.28002
1.28
1.28
1.28
1.28
1.28
1.28
1.28
8.74317
1.29964
1.28002
1.28
1.28
1.28
1.28
1.28
1.28
1.28
8.74381
1.29963
1.28002
1.28
1.28
1.28
1.28
1.28
1.28
1.28
8.74319
1.29963
1.28002
1.28
1.28
1.28
1.28
1.28
1.28
1.28
8.74083
1.29955
1.28002
1.28
1.28
1.28
1.28
1.28
1.28
1.28
8.73395
1.29834
1.28001
1.28
1.28
1.28
1.28
1.28
1.28
1.28
8.71934
1.29279
1.28
1.28
1.28
1.28
1.28
1.28
1.28
1.28
8.67613
1.28182
1.27999
1.28
1.28
1.28
1.28
1.28
1.28
1.28
8.70819
1.29264
1.28
1.28
1.28
1.28
1.28
1.28
1.28
1.28
8.72721
1.29609
1.28001
1.28
1.28
1.28
1.28
1.28
1.28
1.28
8.73492
1.29674
1.28001
1.28
1.28
1.28
1.28
1.28
1.28
1.28
8.7385
1.29696
1.28001
1.28
1.28
1.28
1.28
1.28
1.28
1.28
8.73989
1.29695
1.28001
1.28
1.28
1.28
1.28
1.28
1.28
1.28
8.73954
1.29678
1.28001
1.28
1.28
1.28
1.28
1.28
1.28
1.28
8.73653
1.29618
1.28001
1.28
1.28
1.28
1.28
1.28
1.28
1.28
8.7264
1.29294
1.28
1.28
1.28
1.28
1.28
1.28
1.28
1.28
8.70567
1.28277
1.27999
1.28
1.28
1.28
1.28
1.28
1.28
1.28
1.27833
1.27992
1.27994
1.27995
1.27996
1.27997
1.27997
1.27998
1.27998
1.28028
1.2785
1.27993
1.27994
1.27995
1.27995
1.27996
1.27996
1.27996
1.27997
1.28025
1.27867
1.27993
1.27994
1.27995
1.27995
1.27996
1.27996
1.27996
1.27997
1.28023
1.27883
1.27994
1.27995
1.27995
1.27996
1.27996
1.27996
1.27996
1.27997
1.2802
1.279
1.27994
1.27995
1.27995
1.27996
1.27996
1.27996
1.27996
1.27997
1.28018
1.27917
1.27995
1.27995
1.27996
1.27996
1.27996
1.27996
1.27996
1.27997
1.28015
1.27934
1.27995
1.27995
1.27996
1.27996
1.27996
1.27996
1.27996
1.27996
1.28012
1.27951
1.27995
1.27995
1.27996
1.27996
1.27996
1.27996
1.27996
1.27996
1.28008
1.27969
1.27995
1.27995
1.27996
1.27996
1.27996
1.27996
1.27996
1.27996
1.28003
1.27986
1.27995
1.27994
1.27994
1.27993
1.27993
1.27992
1.27992
1.27991
1.27994
1.27883
1.28002
1.28002
1.28002
1.28002
1.28002
1.28002
1.28002
1.28002
1.28002
1.27894
1.28001
1.28002
1.28002
1.28002
1.28002
1.28001
1.28001
1.28001
1.28002
1.27905
1.28001
1.28001
1.28001
1.28001
1.28001
1.28001
1.28001
1.28001
1.28002
1.27916
1.28
1.28001
1.28001
1.28001
1.28001
1.28001
1.28001
1.28001
1.28002
1.27928
1.28
1.28
1.28
1.28001
1.28001
1.28001
1.28001
1.28001
1.28002
1.2794
1.28
1.28
1.28
1.28
1.28
1.28
1.28
1.28
1.28001
1.27952
1.27999
1.28
1.28
1.28
1.28
1.28
1.28
1.28
1.28001
1.27965
1.27999
1.27999
1.28
1.28
1.28
1.28
1.28
1.28
1.28001
1.27978
1.27999
1.27999
1.27999
1.27999
1.27999
1.27999
1.28
1.28
1.28
1.27991
1.27999
1.27999
1.27999
1.27999
1.27999
1.27999
1.27999
1.27999
1.27999
1.27898
1.28
1.28
1.28
1.28
1.28
1.28
1.28
1.28
1.28
1.27908
1.28
1.28
1.28
1.28
1.28
1.28
1.28
1.28
1.28
1.27918
1.28
1.28
1.28
1.28
1.28
1.28
1.28
1.28
1.28
1.27928
1.28
1.28
1.28
1.28
1.28
1.28
1.28
1.28
1.28
1.27938
1.28
1.28
1.28
1.28
1.28
1.28
1.28
1.28
1.28
1.27949
1.28
1.28
1.28
1.28
1.28
1.28
1.28
1.28
1.28
1.2796
1.28
1.28
1.28
1.28
1.28
1.28
1.28
1.28
1.28
1.27971
1.28
1.28
1.28
1.28
1.28
1.28
1.28
1.28
1.28
1.27982
1.28
1.28
1.28
1.28
1.28
1.28
1.28
1.28
1.28
1.27994
1.28
1.28
1.28
1.28
1.28
1.28
1.28
1.28
1.28
1.27899
1.27999
1.28
1.28
1.28
1.28
1.28
1.28
1.28
1.28
1.27909
1.28
1.28
1.28
1.28
1.28
1.28
1.28
1.28
1.28
1.27919
1.28
1.28
1.28
1.28
1.28
1.28
1.28
1.28
1.28
1.27929
1.28
1.28
1.28
1.28
1.28
1.28
1.28
1.28
1.28
1.27939
1.28
1.28
1.28
1.28
1.28
1.28
1.28
1.28
1.28
1.2795
1.28
1.28
1.28
1.28
1.28
1.28
1.28
1.28
1.28
1.27961
1.28
1.28
1.28
1.28
1.28
1.28
1.28
1.28
1.28
1.27972
1.28
1.28
1.28
1.28
1.28
1.28
1.28
1.28
1.28
1.27983
1.28
1.28
1.28
1.28
1.28
1.28
1.28
1.28
1.28
1.27994
1.28
1.28
1.28
1.28
1.28
1.28
1.28
1.28
1.28
1.27893
1.27999
1.28
1.28
1.28
1.28
1.28
1.28
1.28
1.28
1.27903
1.27999
1.28
1.28
1.28
1.28
1.28
1.28
1.28
1.28
1.27913
1.28
1.28
1.28
1.28
1.28
1.28
1.28
1.28
1.28
1.27924
1.28
1.28
1.28
1.28
1.28
1.28
1.28
1.28
1.28
1.27935
1.28
1.28
1.28
1.28
1.28
1.28
1.28
1.28
1.28
1.27946
1.28
1.28
1.28
1.28
1.28
1.28
1.28
1.28
1.28
1.27958
1.28
1.28
1.28
1.28
1.28
1.28
1.28
1.28
1.28
1.2797
1.28
1.28
1.28
1.28
1.28
1.28
1.28
1.28
1.28
1.27982
1.28
1.28
1.28
1.28
1.28
1.28
1.28
1.28
1.28
1.27994
1.28
1.28
1.28
1.28
1.28
1.28
1.28
1.28
1.28
1.27883
1.27999
1.28
1.28
1.28
1.28
1.28
1.28
1.28
1.28
1.27894
1.27999
1.28
1.28
1.28
1.28
1.28
1.28
1.28
1.28
1.27905
1.27999
1.28
1.28
1.28
1.28
1.28
1.28
1.28
1.28
1.27916
1.28
1.28
1.28
1.28
1.28
1.28
1.28
1.28
1.28
1.27928
1.28
1.28
1.28
1.28
1.28
1.28
1.28
1.28
1.28
1.2794
1.28
1.28
1.28
1.28
1.28
1.28
1.28
1.28
1.28
1.27952
1.28
1.28
1.28
1.28
1.28
1.28
1.28
1.28
1.28
1.27965
1.28
1.28
1.28
1.28
1.28
1.28
1.28
1.28
1.28
1.27978
1.28
1.28
1.28
1.28
1.28
1.28
1.28
1.28
1.28
1.27992
1.28
1.28
1.28
1.28
1.28
1.28
1.28
1.28
1.28
1.27878
1.27999
1.28
1.28
1.28
1.28
1.28
1.28
1.28
1.28
1.27889
1.27999
1.28
1.28
1.28
1.28
1.28
1.28
1.28
1.28
1.27901
1.28
1.28
1.28
1.28
1.28
1.28
1.28
1.28
1.28
1.27911
1.28
1.28
1.28
1.28
1.28
1.28
1.28
1.28
1.28
1.27922
1.28
1.28
1.28
1.28
1.28
1.28
1.28
1.28
1.28
1.27934
1.28
1.28
1.28
1.28
1.28
1.28
1.28
1.28
1.28
1.27946
1.28
1.28
1.28
1.28
1.28
1.28
1.28
1.28
1.28
1.27959
1.28
1.28
1.28
1.28
1.28
1.28
1.28
1.28
1.28
1.27973
1.28
1.28
1.28
1.28
1.28
1.28
1.28
1.28
1.28
1.27989
1.28
1.28
1.28
1.28
1.28
1.28
1.28
1.28
1.28
1.27907
1.28
1.28
1.28
1.28
1.28
1.28
1.28
1.28
1.28
1.27915
1.28
1.28
1.28
1.28
1.28
1.28
1.28
1.28
1.28
1.27924
1.28
1.28
1.28
1.28
1.28
1.28
1.28
1.28
1.28
1.27933
1.28
1.28
1.28
1.28
1.28
1.28
1.28
1.28
1.28
1.27941
1.28
1.28
1.28
1.28
1.28
1.28
1.28
1.28
1.28
1.2795
1.28
1.28
1.28
1.28
1.28
1.28
1.28
1.28
1.28
1.27959
1.28
1.28
1.28
1.28
1.28
1.28
1.28
1.28
1.28
1.27968
1.28
1.28
1.28
1.28
1.28
1.28
1.28
1.28
1.28
1.27979
1.28
1.28
1.28
1.28
1.28
1.28
1.28
1.28
1.28
1.27993
1.28
1.28
1.28
1.28
1.28
1.28
1.28
1.28
1.28
1.28028
1.28001
1.28
1.28
1.28
1.28
1.28
1.28
1.28
1.28
1.2803
1.28001
1.28
1.28
1.28
1.28
1.28
1.28
1.28
1.28
1.28031
1.28
1.28
1.28
1.28
1.28
1.28
1.28
1.28
1.28
1.2804
1.28
1.28
1.28
1.28
1.28
1.28
1.28
1.28
1.28
1.28049
1.28
1.28
1.28
1.28
1.28
1.28
1.28
1.28
1.28
1.28056
1.28
1.28
1.28
1.28
1.28
1.28
1.28
1.28
1.28
1.28062
1.28
1.28
1.28
1.28
1.28
1.28
1.28
1.28
1.28
1.28064
1.28
1.28
1.28
1.28
1.28
1.28
1.28
1.28
1.28
1.28061
1.28
1.28
1.28
1.28
1.28
1.28
1.28
1.28
1.28
1.28051
1.28
1.28
1.28
1.28
1.28
1.28
1.28
1.28
1.28001
1.28254
1.28001
1.28
1.28
1.28
1.28
1.28
1.28
1.28
1.28
1.28249
1.28001
1.28
1.28
1.28
1.28
1.28
1.28
1.28
1.28
1.28237
1.28001
1.28
1.28
1.28
1.28
1.28
1.28
1.28
1.28
1.28258
1.28001
1.28
1.28
1.28
1.28
1.28
1.28
1.28
1.28
1.28281
1.28001
1.28
1.28
1.28
1.28
1.28
1.28
1.28
1.28
1.28305
1.28002
1.28
1.28
1.28
1.28
1.28
1.28
1.28
1.28
1.28331
1.28002
1.28
1.28
1.28
1.28
1.28
1.28
1.28
1.28
1.28361
1.28002
1.28
1.28
1.28
1.28
1.28
1.28
1.28
1.28
1.28396
1.28002
1.28
1.28
1.28
1.28
1.28
1.28
1.28
1.28
1.28432
1.28002
1.28
1.28
1.28
1.28
1.28
1.28
1.28002
1.2801
1.28054
1.27998
1.28
1.28
1.28
1.28
1.28
1.28
1.28
1.28
1.28062
1.28
1.28
1.28
1.28
1.28
1.28
1.28
1.28
1.28
1.28079
1.28002
1.28
1.28
1.28
1.28
1.28
1.28
1.28
1.28
1.28085
1.28005
1.28
1.28
1.28
1.28
1.28
1.28
1.28
1.28
1.28091
1.28008
1.28
1.28
1.28
1.28
1.28
1.28
1.28
1.28
1.28097
1.28011
1.28
1.28
1.28
1.28
1.28
1.28
1.28
1.28
1.28105
1.28014
1.28
1.28
1.28
1.28
1.28
1.28
1.28
1.28
1.28142
1.28018
1.28
1.28
1.28
1.28
1.28
1.28
1.28
1.28
1.28172
1.28022
1.28
1.28
1.28
1.28
1.28
1.28
1.28
1.28
1.28199
1.28026
1.28
1.28
1.28
1.28
1.28
1.28002
1.28014
1.28046
1.28091
1.28003
1.28
1.28
1.28
1.28
1.28
1.28
1.28
1.28
1.28099
1.28006
1.28
1.28
1.28
1.28
1.28
1.28
1.28
1.28
1.28101
1.28009
1.28
1.28
1.28
1.28
1.28
1.28
1.28
1.28
1.28102
1.28013
1.28
1.28
1.28
1.28
1.28
1.28
1.28
1.28
1.28135
1.28017
1.28
1.28
1.28
1.28
1.28
1.28
1.28
1.28
1.28165
1.28022
1.28
1.28
1.28
1.28
1.28
1.28
1.28
1.28
1.28189
1.28027
1.28
1.28
1.28
1.28
1.28
1.28
1.28
1.28
1.28179
1.28032
1.28
1.28
1.28
1.28
1.28
1.28
1.28
1.28
1.28176
1.28038
1.28
1.28
1.28
1.28
1.28
1.28
1.28
1.28
1.28176
1.28045
1.28
1.28
1.28
1.28
1.28
1.28
1.28
1.28019
1.2809
1.28009
1.28
1.28
1.28
1.28
1.28
1.28
1.28
1.28
1.28094
1.28013
1.28
1.28
1.28
1.28
1.28
1.28
1.28
1.28
1.28133
1.28018
1.28
1.28
1.28
1.28
1.28
1.28
1.28
1.28
1.28163
1.28024
1.28
1.28
1.28
1.28
1.28
1.28
1.28
1.28
1.28155
1.28029
1.28
1.28
1.28
1.28
1.28
1.28
1.28
1.28
1.2815
1.28036
1.28
1.28
1.28
1.28
1.28
1.28
1.28
1.28
1.28148
1.28043
1.28
1.28
1.28
1.28
1.28
1.28
1.28
1.28
1.28149
1.28051
1.28
1.28
1.28
1.28
1.28
1.28
1.28
1.28
1.28152
1.2806
1.28001
1.28
1.28
1.28
1.28
1.28
1.28
1.28
1.28155
1.2807
1.28001
1.28
1.28
1.28
1.28
1.28
1.27999
1.27999
1.28111
1.28016
1.28
1.28
1.28
1.28
1.28
1.28
1.28
1.28
1.28138
1.28021
1.28
1.28
1.28
1.28
1.28
1.28
1.28
1.28
1.28122
1.28028
1.28
1.28
1.28
1.28
1.28
1.28
1.28
1.28
1.28116
1.28035
1.28
1.28
1.28
1.28
1.28
1.28
1.28
1.28
1.28112
1.28043
1.28001
1.28
1.28
1.28
1.28
1.28
1.28
1.28
1.2811
1.28052
1.28001
1.28
1.28
1.28
1.28
1.28
1.28
1.28
1.28111
1.28062
1.28001
1.28
1.28
1.28
1.28
1.28
1.28
1.28
1.28113
1.28074
1.28001
1.28
1.28
1.28
1.28
1.28
1.28
1.28
1.28116
1.28088
1.28002
1.28
1.28
1.28
1.28
1.28
1.28
1.28
1.28121
1.28104
1.28002
1.28
1.28
1.28
1.28
1.28
1.27999
1.27996
1.2809
1.28022
1.28
1.28
1.28
1.28
1.28
1.28
1.28
1.28
1.28077
1.28028
1.28
1.28
1.28
1.28
1.28
1.28
1.28
1.28
1.28069
1.28036
1.28001
1.28
1.28
1.28
1.28
1.28
1.28
1.28
1.28062
1.28045
1.28001
1.28
1.28
1.28
1.28
1.28
1.28
1.28
1.28056
1.28055
1.28001
1.28
1.28
1.28
1.28
1.28
1.28
1.28
1.28052
1.28068
1.28002
1.28
1.28
1.28
1.28
1.28
1.28
1.28
1.28049
1.28083
1.28002
1.28
1.28
1.28
1.28
1.28
1.28
1.28
1.28047
1.281
1.28002
1.28
1.28
1.28
1.28
1.28
1.28
1.28
1.28048
1.28121
1.28003
1.28
1.28
1.28
1.28
1.28
1.28
1.28
1.28049
1.28145
1.28004
1.28
1.28
1.28
1.28
1.28
1.27999
1.27995
1.28029
1.28024
1.28001
1.28
1.28
1.28
1.28
1.28
1.28
1.28
1.28013
1.28031
1.28001
1.28
1.28
1.28
1.28
1.28
1.28
1.28
1.27999
1.2804
1.28001
1.28
1.28
1.28
1.28
1.28
1.28
1.28
1.27985
1.28051
1.28001
1.28
1.28
1.28
1.28
1.28
1.28
1.28
1.27971
1.28063
1.28002
1.28
1.28
1.28
1.28
1.28
1.28
1.28
1.27957
1.28079
1.28002
1.28
1.28
1.28
1.28
1.28
1.28
1.28
1.27943
1.28098
1.28003
1.28
1.28
1.28
1.28
1.28
1.28
1.28
1.27929
1.28121
1.28004
1.28
1.28
1.28
1.28
1.28
1.28
1.28
1.27916
1.28149
1.28005
1.28
1.28
1.28
1.28
1.28
1.28
1.28
1.27902
1.28183
1.28007
1.28
1.28
1.28
1.28
1.28
1.27999
1.27995
1.27959
1.28022
1.28
1.28
1.28
1.28
1.28
1.28
1.28
1.28
1.27933
1.28028
1.28001
1.28
1.28
1.28
1.28
1.28
1.28
1.28
1.27907
1.28037
1.28001
1.28
1.28
1.28
1.28
1.28
1.28
1.28
1.27879
1.28047
1.28001
1.28
1.28
1.28
1.28
1.28
1.28
1.28
1.27848
1.2806
1.28002
1.28
1.28
1.28
1.28
1.28
1.28
1.28
1.27814
1.28075
1.28003
1.28
1.28
1.28
1.28
1.28
1.28
1.28
1.27776
1.28095
1.28004
1.28
1.28
1.28
1.28
1.28
1.28
1.28
1.27734
1.28121
1.28005
1.28
1.28
1.28
1.28
1.28
1.28
1.28
1.27688
1.28153
1.28007
1.28
1.28
1.28
1.28
1.28
1.28
1.28
1.27634
1.28194
1.28011
1.28
1.28
1.28
1.28
1.28
1.27999
1.27996
1.27882
1.28014
1.28
1.28
1.28
1.28
1.28
1.28
1.28
1.28
1.27842
1.28018
1.28001
1.28
1.28
1.28
1.28
1.28
1.28
1.28
1.27799
1.28023
1.28001
1.28
1.28
1.28
1.28
1.28
1.28
1.28
1.2775
1.2803
1.28001
1.28
1.28
1.28
1.28
1.28
1.28
1.28
1.27694
1.28038
1.28002
1.28
1.28
1.28
1.28
1.28
1.28
1.28
1.27629
1.28049
1.28002
1.28
1.28
1.28
1.28
1.28
1.28
1.28
1.27552
1.28063
1.28004
1.28
1.28
1.28
1.28
1.28
1.28
1.28
1.27462
1.28081
1.28005
1.28
1.28
1.28
1.28
1.28
1.28
1.28
1.27356
1.28104
1.28008
1.28
1.28
1.28
1.28
1.28
1.28
1.28
1.27225
1.28135
1.28012
1.28001
1.28
1.28
1.28
1.28
1.28
1.27997
1.27812
1.28002
1.28
1.28
1.28
1.28
1.28
1.28
1.28
1.28
1.27758
1.28003
1.28
1.28
1.28
1.28
1.28
1.28
1.28
1.28
1.27698
1.28003
1.28
1.28
1.28
1.28
1.28
1.28
1.28
1.28
1.27627
1.28004
1.28
1.28
1.28
1.28
1.28
1.28
1.28
1.28
1.27543
1.28005
1.28001
1.28
1.28
1.28
1.28
1.28
1.28
1.28
1.27443
1.28005
1.28001
1.28
1.28
1.28
1.28
1.28
1.28
1.28
1.27322
1.28005
1.28001
1.28
1.28
1.28
1.28
1.28
1.28
1.28
1.27175
1.28005
1.28002
1.28
1.28
1.28
1.28
1.28
1.28
1.28
1.26993
1.28003
1.28003
1.28
1.28
1.28
1.28
1.28
1.28
1.28
1.26763
1.27998
1.28004
1.28
1.28
1.28
1.28
1.28
1.28
1.28002
1.27769
1.27994
1.28
1.28
1.28
1.28
1.28
1.28
1.28
1.28
1.27706
1.27992
1.28
1.28
1.28
1.28
1.28
1.28
1.28
1.28
1.27634
1.27988
1.28
1.28
1.28
1.28
1.28
1.28
1.28
1.28
1.27549
1.27984
1.28
1.28
1.28
1.28
1.28
1.28
1.28
1.28
1.27446
1.27977
1.27999
1.28
1.28
1.28
1.28
1.28
1.28
1.28
1.27323
1.27968
1.27999
1.28
1.28
1.28
1.28
1.28
1.28
1.28
1.27172
1.27956
1.27998
1.28
1.28
1.28
1.28
1.28
1.28
1.28
1.26986
1.27937
1.27997
1.28
1.28
1.28
1.28
1.28
1.28
1.28
1.26753
1.2791
1.27995
1.28
1.28
1.28
1.28
1.28
1.28
1.28
1.26453
1.27868
1.27992
1.28
1.28
1.28
1.28
1.28
1.28003
1.28026
1.27769
1.27994
1.28
1.28
1.28
1.28
1.28
1.28
1.28
1.28
1.27706
1.27992
1.28
1.28
1.28
1.28
1.28
1.28
1.28
1.28
1.27634
1.27988
1.28
1.28
1.28
1.28
1.28
1.28
1.28
1.28
1.27549
1.27984
1.28
1.28
1.28
1.28
1.28
1.28
1.28
1.28
1.27446
1.27977
1.27999
1.28
1.28
1.28
1.28
1.28
1.28
1.28
1.27323
1.27968
1.27999
1.28
1.28
1.28
1.28
1.28
1.28
1.28
1.27172
1.27956
1.27998
1.28
1.28
1.28
1.28
1.28
1.28
1.28
1.26986
1.27937
1.27997
1.28
1.28
1.28
1.28
1.28
1.28
1.28
1.26753
1.2791
1.27995
1.28
1.28
1.28
1.28
1.28
1.28
1.28
1.26453
1.27868
1.27992
1.28
1.28
1.28
1.28
1.28
1.28003
1.28026
1.27812
1.28002
1.28
1.28
1.28
1.28
1.28
1.28
1.28
1.28
1.27758
1.28003
1.28
1.28
1.28
1.28
1.28
1.28
1.28
1.28
1.27698
1.28003
1.28
1.28
1.28
1.28
1.28
1.28
1.28
1.28
1.27627
1.28004
1.28
1.28
1.28
1.28
1.28
1.28
1.28
1.28
1.27543
1.28005
1.28001
1.28
1.28
1.28
1.28
1.28
1.28
1.28
1.27443
1.28005
1.28001
1.28
1.28
1.28
1.28
1.28
1.28
1.28
1.27322
1.28005
1.28001
1.28
1.28
1.28
1.28
1.28
1.28
1.28
1.27175
1.28005
1.28002
1.28
1.28
1.28
1.28
1.28
1.28
1.28
1.26993
1.28003
1.28003
1.28
1.28
1.28
1.28
1.28
1.28
1.28
1.26763
1.27998
1.28004
1.28
1.28
1.28
1.28
1.28
1.28
1.28002
1.27882
1.28014
1.28
1.28
1.28
1.28
1.28
1.28
1.28
1.28
1.27842
1.28018
1.28001
1.28
1.28
1.28
1.28
1.28
1.28
1.28
1.27799
1.28023
1.28001
1.28
1.28
1.28
1.28
1.28
1.28
1.28
1.2775
1.2803
1.28001
1.28
1.28
1.28
1.28
1.28
1.28
1.28
1.27694
1.28038
1.28002
1.28
1.28
1.28
1.28
1.28
1.28
1.28
1.27629
1.28049
1.28002
1.28
1.28
1.28
1.28
1.28
1.28
1.28
1.27552
1.28063
1.28004
1.28
1.28
1.28
1.28
1.28
1.28
1.28
1.27462
1.28081
1.28005
1.28
1.28
1.28
1.28
1.28
1.28
1.28
1.27356
1.28104
1.28008
1.28
1.28
1.28
1.28
1.28
1.28
1.28
1.27225
1.28135
1.28012
1.28001
1.28
1.28
1.28
1.28
1.28
1.27997
1.27959
1.28022
1.28
1.28
1.28
1.28
1.28
1.28
1.28
1.28
1.27933
1.28028
1.28001
1.28
1.28
1.28
1.28
1.28
1.28
1.28
1.27907
1.28037
1.28001
1.28
1.28
1.28
1.28
1.28
1.28
1.28
1.27879
1.28047
1.28001
1.28
1.28
1.28
1.28
1.28
1.28
1.28
1.27848
1.2806
1.28002
1.28
1.28
1.28
1.28
1.28
1.28
1.28
1.27814
1.28075
1.28003
1.28
1.28
1.28
1.28
1.28
1.28
1.28
1.27776
1.28095
1.28004
1.28
1.28
1.28
1.28
1.28
1.28
1.28
1.27734
1.28121
1.28005
1.28
1.28
1.28
1.28
1.28
1.28
1.28
1.27688
1.28153
1.28007
1.28
1.28
1.28
1.28
1.28
1.28
1.28
1.27634
1.28194
1.28011
1.28
1.28
1.28
1.28
1.28
1.27999
1.27996
1.28029
1.28024
1.28001
1.28
1.28
1.28
1.28
1.28
1.28
1.28
1.28013
1.28031
1.28001
1.28
1.28
1.28
1.28
1.28
1.28
1.28
1.27999
1.2804
1.28001
1.28
1.28
1.28
1.28
1.28
1.28
1.28
1.27985
1.28051
1.28001
1.28
1.28
1.28
1.28
1.28
1.28
1.28
1.27971
1.28063
1.28002
1.28
1.28
1.28
1.28
1.28
1.28
1.28
1.27957
1.28079
1.28002
1.28
1.28
1.28
1.28
1.28
1.28
1.28
1.27943
1.28098
1.28003
1.28
1.28
1.28
1.28
1.28
1.28
1.28
1.27929
1.28121
1.28004
1.28
1.28
1.28
1.28
1.28
1.28
1.28
1.27916
1.28149
1.28005
1.28
1.28
1.28
1.28
1.28
1.28
1.28
1.27902
1.28183
1.28007
1.28
1.28
1.28
1.28
1.28
1.27999
1.27995
1.2809
1.28022
1.28
1.28
1.28
1.28
1.28
1.28
1.28
1.28
1.28077
1.28028
1.28
1.28
1.28
1.28
1.28
1.28
1.28
1.28
1.28069
1.28036
1.28001
1.28
1.28
1.28
1.28
1.28
1.28
1.28
1.28062
1.28045
1.28001
1.28
1.28
1.28
1.28
1.28
1.28
1.28
1.28056
1.28055
1.28001
1.28
1.28
1.28
1.28
1.28
1.28
1.28
1.28052
1.28068
1.28002
1.28
1.28
1.28
1.28
1.28
1.28
1.28
1.28049
1.28083
1.28002
1.28
1.28
1.28
1.28
1.28
1.28
1.28
1.28047
1.281
1.28002
1.28
1.28
1.28
1.28
1.28
1.28
1.28
1.28048
1.28121
1.28003
1.28
1.28
1.28
1.28
1.28
1.28
1.28
1.28049
1.28145
1.28004
1.28
1.28
1.28
1.28
1.28
1.27999
1.27995
1.28111
1.28016
1.28
1.28
1.28
1.28
1.28
1.28
1.28
1.28
1.28138
1.28021
1.28
1.28
1.28
1.28
1.28
1.28
1.28
1.28
1.28122
1.28028
1.28
1.28
1.28
1.28
1.28
1.28
1.28
1.28
1.28116
1.28035
1.28
1.28
1.28
1.28
1.28
1.28
1.28
1.28
1.28112
1.28043
1.28001
1.28
1.28
1.28
1.28
1.28
1.28
1.28
1.2811
1.28052
1.28001
1.28
1.28
1.28
1.28
1.28
1.28
1.28
1.28111
1.28062
1.28001
1.28
1.28
1.28
1.28
1.28
1.28
1.28
1.28113
1.28074
1.28001
1.28
1.28
1.28
1.28
1.28
1.28
1.28
1.28116
1.28088
1.28002
1.28
1.28
1.28
1.28
1.28
1.28
1.28
1.28121
1.28104
1.28002
1.28
1.28
1.28
1.28
1.28
1.27999
1.27996
1.2809
1.28009
1.28
1.28
1.28
1.28
1.28
1.28
1.28
1.28
1.28094
1.28013
1.28
1.28
1.28
1.28
1.28
1.28
1.28
1.28
1.28133
1.28018
1.28
1.28
1.28
1.28
1.28
1.28
1.28
1.28
1.28163
1.28024
1.28
1.28
1.28
1.28
1.28
1.28
1.28
1.28
1.28155
1.28029
1.28
1.28
1.28
1.28
1.28
1.28
1.28
1.28
1.2815
1.28036
1.28
1.28
1.28
1.28
1.28
1.28
1.28
1.28
1.28148
1.28043
1.28
1.28
1.28
1.28
1.28
1.28
1.28
1.28
1.28149
1.28051
1.28
1.28
1.28
1.28
1.28
1.28
1.28
1.28
1.28152
1.2806
1.28001
1.28
1.28
1.28
1.28
1.28
1.28
1.28
1.28155
1.2807
1.28001
1.28
1.28
1.28
1.28
1.28
1.27999
1.27999
1.28091
1.28003
1.28
1.28
1.28
1.28
1.28
1.28
1.28
1.28
1.28099
1.28006
1.28
1.28
1.28
1.28
1.28
1.28
1.28
1.28
1.28101
1.28009
1.28
1.28
1.28
1.28
1.28
1.28
1.28
1.28
1.28102
1.28013
1.28
1.28
1.28
1.28
1.28
1.28
1.28
1.28
1.28135
1.28017
1.28
1.28
1.28
1.28
1.28
1.28
1.28
1.28
1.28165
1.28022
1.28
1.28
1.28
1.28
1.28
1.28
1.28
1.28
1.28189
1.28027
1.28
1.28
1.28
1.28
1.28
1.28
1.28
1.28
1.28179
1.28032
1.28
1.28
1.28
1.28
1.28
1.28
1.28
1.28
1.28176
1.28038
1.28
1.28
1.28
1.28
1.28
1.28
1.28
1.28
1.28176
1.28045
1.28
1.28
1.28
1.28
1.28
1.28
1.28
1.28019
1.28054
1.27998
1.28
1.28
1.28
1.28
1.28
1.28
1.28
1.28
1.28062
1.28
1.28
1.28
1.28
1.28
1.28
1.28
1.28
1.28
1.28079
1.28002
1.28
1.28
1.28
1.28
1.28
1.28
1.28
1.28
1.28085
1.28005
1.28
1.28
1.28
1.28
1.28
1.28
1.28
1.28
1.28091
1.28008
1.28
1.28
1.28
1.28
1.28
1.28
1.28
1.28
1.28097
1.28011
1.28
1.28
1.28
1.28
1.28
1.28
1.28
1.28
1.28105
1.28014
1.28
1.28
1.28
1.28
1.28
1.28
1.28
1.28
1.28142
1.28018
1.28
1.28
1.28
1.28
1.28
1.28
1.28
1.28
1.28172
1.28022
1.28
1.28
1.28
1.28
1.28
1.28
1.28
1.28
1.28199
1.28026
1.28
1.28
1.28
1.28
1.28
1.28002
1.28014
1.28046
1.28254
1.28001
1.28
1.28
1.28
1.28
1.28
1.28
1.28
1.28
1.28249
1.28001
1.28
1.28
1.28
1.28
1.28
1.28
1.28
1.28
1.28237
1.28001
1.28
1.28
1.28
1.28
1.28
1.28
1.28
1.28
1.28258
1.28001
1.28
1.28
1.28
1.28
1.28
1.28
1.28
1.28
1.28281
1.28001
1.28
1.28
1.28
1.28
1.28
1.28
1.28
1.28
1.28305
1.28002
1.28
1.28
1.28
1.28
1.28
1.28
1.28
1.28
1.28331
1.28002
1.28
1.28
1.28
1.28
1.28
1.28
1.28
1.28
1.28361
1.28002
1.28
1.28
1.28
1.28
1.28
1.28
1.28
1.28
1.28396
1.28002
1.28
1.28
1.28
1.28
1.28
1.28
1.28
1.28
1.28432
1.28002
1.28
1.28
1.28
1.28
1.28
1.28
1.28002
1.2801
1.28028
1.28001
1.28
1.28
1.28
1.28
1.28
1.28
1.28
1.28
1.2803
1.28001
1.28
1.28
1.28
1.28
1.28
1.28
1.28
1.28
1.28031
1.28
1.28
1.28
1.28
1.28
1.28
1.28
1.28
1.28
1.2804
1.28
1.28
1.28
1.28
1.28
1.28
1.28
1.28
1.28
1.28049
1.28
1.28
1.28
1.28
1.28
1.28
1.28
1.28
1.28
1.28056
1.28
1.28
1.28
1.28
1.28
1.28
1.28
1.28
1.28
1.28062
1.28
1.28
1.28
1.28
1.28
1.28
1.28
1.28
1.28
1.28064
1.28
1.28
1.28
1.28
1.28
1.28
1.28
1.28
1.28
1.28061
1.28
1.28
1.28
1.28
1.28
1.28
1.28
1.28
1.28
1.28051
1.28
1.28
1.28
1.28
1.28
1.28
1.28
1.28
1.28001
1.27907
1.28
1.28
1.28
1.28
1.28
1.28
1.28
1.28
1.28
1.27915
1.28
1.28
1.28
1.28
1.28
1.28
1.28
1.28
1.28
1.27924
1.28
1.28
1.28
1.28
1.28
1.28
1.28
1.28
1.28
1.27933
1.28
1.28
1.28
1.28
1.28
1.28
1.28
1.28
1.28
1.27941
1.28
1.28
1.28
1.28
1.28
1.28
1.28
1.28
1.28
1.2795
1.28
1.28
1.28
1.28
1.28
1.28
1.28
1.28
1.28
1.27959
1.28
1.28
1.28
1.28
1.28
1.28
1.28
1.28
1.28
1.27968
1.28
1.28
1.28
1.28
1.28
1.28
1.28
1.28
1.28
1.27979
1.28
1.28
1.28
1.28
1.28
1.28
1.28
1.28
1.28
1.27993
1.28
1.28
1.28
1.28
1.28
1.28
1.28
1.28
1.28
1.27878
1.27999
1.28
1.28
1.28
1.28
1.28
1.28
1.28
1.28
1.27889
1.27999
1.28
1.28
1.28
1.28
1.28
1.28
1.28
1.28
1.27901
1.28
1.28
1.28
1.28
1.28
1.28
1.28
1.28
1.28
1.27911
1.28
1.28
1.28
1.28
1.28
1.28
1.28
1.28
1.28
1.27922
1.28
1.28
1.28
1.28
1.28
1.28
1.28
1.28
1.28
1.27934
1.28
1.28
1.28
1.28
1.28
1.28
1.28
1.28
1.28
1.27946
1.28
1.28
1.28
1.28
1.28
1.28
1.28
1.28
1.28
1.27959
1.28
1.28
1.28
1.28
1.28
1.28
1.28
1.28
1.28
1.27973
1.28
1.28
1.28
1.28
1.28
1.28
1.28
1.28
1.28
1.27989
1.28
1.28
1.28
1.28
1.28
1.28
1.28
1.28
1.28
1.27883
1.27999
1.28
1.28
1.28
1.28
1.28
1.28
1.28
1.28
1.27894
1.27999
1.28
1.28
1.28
1.28
1.28
1.28
1.28
1.28
1.27905
1.27999
1.28
1.28
1.28
1.28
1.28
1.28
1.28
1.28
1.27916
1.28
1.28
1.28
1.28
1.28
1.28
1.28
1.28
1.28
1.27928
1.28
1.28
1.28
1.28
1.28
1.28
1.28
1.28
1.28
1.2794
1.28
1.28
1.28
1.28
1.28
1.28
1.28
1.28
1.28
1.27952
1.28
1.28
1.28
1.28
1.28
1.28
1.28
1.28
1.28
1.27965
1.28
1.28
1.28
1.28
1.28
1.28
1.28
1.28
1.28
1.27978
1.28
1.28
1.28
1.28
1.28
1.28
1.28
1.28
1.28
1.27992
1.28
1.28
1.28
1.28
1.28
1.28
1.28
1.28
1.28
1.27893
1.27999
1.28
1.28
1.28
1.28
1.28
1.28
1.28
1.28
1.27903
1.27999
1.28
1.28
1.28
1.28
1.28
1.28
1.28
1.28
1.27913
1.28
1.28
1.28
1.28
1.28
1.28
1.28
1.28
1.28
1.27924
1.28
1.28
1.28
1.28
1.28
1.28
1.28
1.28
1.28
1.27935
1.28
1.28
1.28
1.28
1.28
1.28
1.28
1.28
1.28
1.27946
1.28
1.28
1.28
1.28
1.28
1.28
1.28
1.28
1.28
1.27958
1.28
1.28
1.28
1.28
1.28
1.28
1.28
1.28
1.28
1.2797
1.28
1.28
1.28
1.28
1.28
1.28
1.28
1.28
1.28
1.27982
1.28
1.28
1.28
1.28
1.28
1.28
1.28
1.28
1.28
1.27994
1.28
1.28
1.28
1.28
1.28
1.28
1.28
1.28
1.28
1.27899
1.27999
1.28
1.28
1.28
1.28
1.28
1.28
1.28
1.28
1.27909
1.28
1.28
1.28
1.28
1.28
1.28
1.28
1.28
1.28
1.27919
1.28
1.28
1.28
1.28
1.28
1.28
1.28
1.28
1.28
1.27929
1.28
1.28
1.28
1.28
1.28
1.28
1.28
1.28
1.28
1.27939
1.28
1.28
1.28
1.28
1.28
1.28
1.28
1.28
1.28
1.2795
1.28
1.28
1.28
1.28
1.28
1.28
1.28
1.28
1.28
1.27961
1.28
1.28
1.28
1.28
1.28
1.28
1.28
1.28
1.28
1.27972
1.28
1.28
1.28
1.28
1.28
1.28
1.28
1.28
1.28
1.27983
1.28
1.28
1.28
1.28
1.28
1.28
1.28
1.28
1.28
1.27994
1.28
1.28
1.28
1.28
1.28
1.28
1.28
1.28
1.28
1.27898
1.28
1.28
1.28
1.28
1.28
1.28
1.28
1.28
1.28
1.27908
1.28
1.28
1.28
1.28
1.28
1.28
1.28
1.28
1.28
1.27918
1.28
1.28
1.28
1.28
1.28
1.28
1.28
1.28
1.28
1.27928
1.28
1.28
1.28
1.28
1.28
1.28
1.28
1.28
1.28
1.27938
1.28
1.28
1.28
1.28
1.28
1.28
1.28
1.28
1.28
1.27949
1.28
1.28
1.28
1.28
1.28
1.28
1.28
1.28
1.28
1.2796
1.28
1.28
1.28
1.28
1.28
1.28
1.28
1.28
1.28
1.27971
1.28
1.28
1.28
1.28
1.28
1.28
1.28
1.28
1.28
1.27982
1.28
1.28
1.28
1.28
1.28
1.28
1.28
1.28
1.28
1.27994
1.28
1.28
1.28
1.28
1.28
1.28
1.28
1.28
1.28
1.27883
1.28002
1.28002
1.28002
1.28002
1.28002
1.28002
1.28002
1.28002
1.28002
1.27894
1.28001
1.28002
1.28002
1.28002
1.28002
1.28001
1.28001
1.28001
1.28002
1.27905
1.28001
1.28001
1.28001
1.28001
1.28001
1.28001
1.28001
1.28001
1.28002
1.27916
1.28
1.28001
1.28001
1.28001
1.28001
1.28001
1.28001
1.28001
1.28002
1.27928
1.28
1.28
1.28
1.28001
1.28001
1.28001
1.28001
1.28001
1.28002
1.2794
1.28
1.28
1.28
1.28
1.28
1.28
1.28
1.28
1.28001
1.27952
1.27999
1.28
1.28
1.28
1.28
1.28
1.28
1.28
1.28001
1.27965
1.27999
1.27999
1.28
1.28
1.28
1.28
1.28
1.28
1.28001
1.27978
1.27999
1.27999
1.27999
1.27999
1.27999
1.27999
1.28
1.28
1.28
1.27991
1.27999
1.27999
1.27999
1.27999
1.27999
1.27999
1.27999
1.27999
1.27999
1.27833
1.27992
1.27994
1.27995
1.27996
1.27997
1.27997
1.27998
1.27998
1.28028
1.2785
1.27993
1.27994
1.27995
1.27995
1.27996
1.27996
1.27996
1.27997
1.28025
1.27867
1.27993
1.27994
1.27995
1.27995
1.27996
1.27996
1.27996
1.27997
1.28023
1.27883
1.27994
1.27995
1.27995
1.27996
1.27996
1.27996
1.27996
1.27997
1.2802
1.279
1.27994
1.27995
1.27995
1.27996
1.27996
1.27996
1.27996
1.27997
1.28018
1.27917
1.27995
1.27995
1.27996
1.27996
1.27996
1.27996
1.27996
1.27997
1.28015
1.27934
1.27995
1.27995
1.27996
1.27996
1.27996
1.27996
1.27996
1.27996
1.28012
1.27951
1.27995
1.27995
1.27996
1.27996
1.27996
1.27996
1.27996
1.27996
1.28008
1.27969
1.27995
1.27995
1.27996
1.27996
1.27996
1.27996
1.27996
1.27996
1.28003
1.27986
1.27995
1.27994
1.27994
1.27993
1.27993
1.27992
1.27992
1.27991
1.27994
1.28028
1.27998
1.27998
1.27997
1.27997
1.27996
1.27995
1.27994
1.27992
1.27833
1.28025
1.27997
1.27996
1.27996
1.27996
1.27995
1.27995
1.27994
1.27993
1.2785
1.28023
1.27997
1.27996
1.27996
1.27996
1.27995
1.27995
1.27994
1.27993
1.27867
1.2802
1.27997
1.27996
1.27996
1.27996
1.27996
1.27995
1.27995
1.27994
1.27883
1.28018
1.27997
1.27996
1.27996
1.27996
1.27996
1.27995
1.27995
1.27994
1.279
1.28015
1.27997
1.27996
1.27996
1.27996
1.27996
1.27996
1.27995
1.27995
1.27917
1.28012
1.27996
1.27996
1.27996
1.27996
1.27996
1.27996
1.27995
1.27995
1.27934
1.28008
1.27996
1.27996
1.27996
1.27996
1.27996
1.27996
1.27995
1.27995
1.27951
1.28003
1.27996
1.27996
1.27996
1.27996
1.27996
1.27996
1.27995
1.27995
1.27969
1.27994
1.27991
1.27992
1.27992
1.27993
1.27993
1.27994
1.27994
1.27995
1.27986
1.28002
1.28002
1.28002
1.28002
1.28002
1.28002
1.28002
1.28002
1.28002
1.27883
1.28002
1.28001
1.28001
1.28001
1.28002
1.28002
1.28002
1.28002
1.28001
1.27894
1.28002
1.28001
1.28001
1.28001
1.28001
1.28001
1.28001
1.28001
1.28001
1.27905
1.28002
1.28001
1.28001
1.28001
1.28001
1.28001
1.28001
1.28001
1.28
1.27916
1.28002
1.28001
1.28001
1.28001
1.28001
1.28001
1.28
1.28
1.28
1.27928
1.28001
1.28
1.28
1.28
1.28
1.28
1.28
1.28
1.28
1.2794
1.28001
1.28
1.28
1.28
1.28
1.28
1.28
1.28
1.27999
1.27952
1.28001
1.28
1.28
1.28
1.28
1.28
1.28
1.27999
1.27999
1.27965
1.28
1.28
1.28
1.27999
1.27999
1.27999
1.27999
1.27999
1.27999
1.27978
1.27999
1.27999
1.27999
1.27999
1.27999
1.27999
1.27999
1.27999
1.27999
1.27991
1.28
1.28
1.28
1.28
1.28
1.28
1.28
1.28
1.28
1.27898
1.28
1.28
1.28
1.28
1.28
1.28
1.28
1.28
1.28
1.27908
1.28
1.28
1.28
1.28
1.28
1.28
1.28
1.28
1.28
1.27918
1.28
1.28
1.28
1.28
1.28
1.28
1.28
1.28
1.28
1.27928
1.28
1.28
1.28
1.28
1.28
1.28
1.28
1.28
1.28
1.27938
1.28
1.28
1.28
1.28
1.28
1.28
1.28
1.28
1.28
1.27949
1.28
1.28
1.28
1.28
1.28
1.28
1.28
1.28
1.28
1.2796
1.28
1.28
1.28
1.28
1.28
1.28
1.28
1.28
1.28
1.27971
1.28
1.28
1.28
1.28
1.28
1.28
1.28
1.28
1.28
1.27982
1.28
1.28
1.28
1.28
1.28
1.28
1.28
1.28
1.28
1.27994
1.28
1.28
1.28
1.28
1.28
1.28
1.28
1.28
1.27999
1.27899
1.28
1.28
1.28
1.28
1.28
1.28
1.28
1.28
1.28
1.27909
1.28
1.28
1.28
1.28
1.28
1.28
1.28
1.28
1.28
1.27919
1.28
1.28
1.28
1.28
1.28
1.28
1.28
1.28
1.28
1.27929
1.28
1.28
1.28
1.28
1.28
1.28
1.28
1.28
1.28
1.27939
1.28
1.28
1.28
1.28
1.28
1.28
1.28
1.28
1.28
1.2795
1.28
1.28
1.28
1.28
1.28
1.28
1.28
1.28
1.28
1.27961
1.28
1.28
1.28
1.28
1.28
1.28
1.28
1.28
1.28
1.27972
1.28
1.28
1.28
1.28
1.28
1.28
1.28
1.28
1.28
1.27983
1.28
1.28
1.28
1.28
1.28
1.28
1.28
1.28
1.28
1.27994
1.28
1.28
1.28
1.28
1.28
1.28
1.28
1.28
1.27999
1.27893
1.28
1.28
1.28
1.28
1.28
1.28
1.28
1.28
1.27999
1.27903
1.28
1.28
1.28
1.28
1.28
1.28
1.28
1.28
1.28
1.27913
1.28
1.28
1.28
1.28
1.28
1.28
1.28
1.28
1.28
1.27924
1.28
1.28
1.28
1.28
1.28
1.28
1.28
1.28
1.28
1.27935
1.28
1.28
1.28
1.28
1.28
1.28
1.28
1.28
1.28
1.27946
1.28
1.28
1.28
1.28
1.28
1.28
1.28
1.28
1.28
1.27958
1.28
1.28
1.28
1.28
1.28
1.28
1.28
1.28
1.28
1.2797
1.28
1.28
1.28
1.28
1.28
1.28
1.28
1.28
1.28
1.27982
1.28
1.28
1.28
1.28
1.28
1.28
1.28
1.28
1.28
1.27994
1.28
1.28
1.28
1.28
1.28
1.28
1.28
1.28
1.27999
1.27883
1.28
1.28
1.28
1.28
1.28
1.28
1.28
1.28
1.27999
1.27894
1.28
1.28
1.28
1.28
1.28
1.28
1.28
1.28
1.27999
1.27905
1.28
1.28
1.28
1.28
1.28
1.28
1.28
1.28
1.28
1.27916
1.28
1.28
1.28
1.28
1.28
1.28
1.28
1.28
1.28
1.27928
1.28
1.28
1.28
1.28
1.28
1.28
1.28
1.28
1.28
1.2794
1.28
1.28
1.28
1.28
1.28
1.28
1.28
1.28
1.28
1.27952
1.28
1.28
1.28
1.28
1.28
1.28
1.28
1.28
1.28
1.27965
1.28
1.28
1.28
1.28
1.28
1.28
1.28
1.28
1.28
1.27978
1.28
1.28
1.28
1.28
1.28
1.28
1.28
1.28
1.28
1.27992
1.28
1.28
1.28
1.28
1.28
1.28
1.28
1.28
1.27999
1.27878
1.28
1.28
1.28
1.28
1.28
1.28
1.28
1.28
1.27999
1.27889
1.28
1.28
1.28
1.28
1.28
1.28
1.28
1.28
1.28
1.27901
1.28
1.28
1.28
1.28
1.28
1.28
1.28
1.28
1.28
1.27911
1.28
1.28
1.28
1.28
1.28
1.28
1.28
1.28
1.28
1.27922
1.28
1.28
1.28
1.28
1.28
1.28
1.28
1.28
1.28
1.27934
1.28
1.28
1.28
1.28
1.28
1.28
1.28
1.28
1.28
1.27946
1.28
1.28
1.28
1.28
1.28
1.28
1.28
1.28
1.28
1.27959
1.28
1.28
1.28
1.28
1.28
1.28
1.28
1.28
1.28
1.27973
1.28
1.28
1.28
1.28
1.28
1.28
1.28
1.28
1.28
1.27989
1.28
1.28
1.28
1.28
1.28
1.28
1.28
1.28
1.28
1.27907
1.28
1.28
1.28
1.28
1.28
1.28
1.28
1.28
1.28
1.27915
1.28
1.28
1.28
1.28
1.28
1.28
1.28
1.28
1.28
1.27924
1.28
1.28
1.28
1.28
1.28
1.28
1.28
1.28
1.28
1.27933
1.28
1.28
1.28
1.28
1.28
1.28
1.28
1.28
1.28
1.27941
1.28
1.28
1.28
1.28
1.28
1.28
1.28
1.28
1.28
1.2795
1.28
1.28
1.28
1.28
1.28
1.28
1.28
1.28
1.28
1.27959
1.28
1.28
1.28
1.28
1.28
1.28
1.28
1.28
1.28
1.27968
1.28
1.28
1.28
1.28
1.28
1.28
1.28
1.28
1.28
1.27979
1.28
1.28
1.28
1.28
1.28
1.28
1.28
1.28
1.28
1.27993
1.28
1.28
1.28
1.28
1.28
1.28
1.28
1.28
1.28001
1.28028
1.28
1.28
1.28
1.28
1.28
1.28
1.28
1.28
1.28001
1.2803
1.28
1.28
1.28
1.28
1.28
1.28
1.28
1.28
1.28
1.28031
1.28
1.28
1.28
1.28
1.28
1.28
1.28
1.28
1.28
1.2804
1.28
1.28
1.28
1.28
1.28
1.28
1.28
1.28
1.28
1.28049
1.28
1.28
1.28
1.28
1.28
1.28
1.28
1.28
1.28
1.28056
1.28
1.28
1.28
1.28
1.28
1.28
1.28
1.28
1.28
1.28062
1.28
1.28
1.28
1.28
1.28
1.28
1.28
1.28
1.28
1.28064
1.28
1.28
1.28
1.28
1.28
1.28
1.28
1.28
1.28
1.28061
1.28001
1.28
1.28
1.28
1.28
1.28
1.28
1.28
1.28
1.28051
1.28
1.28
1.28
1.28
1.28
1.28
1.28
1.28
1.28001
1.28254
1.28
1.28
1.28
1.28
1.28
1.28
1.28
1.28
1.28001
1.28249
1.28
1.28
1.28
1.28
1.28
1.28
1.28
1.28
1.28001
1.28237
1.28
1.28
1.28
1.28
1.28
1.28
1.28
1.28
1.28001
1.28258
1.28
1.28
1.28
1.28
1.28
1.28
1.28
1.28
1.28001
1.28281
1.28
1.28
1.28
1.28
1.28
1.28
1.28
1.28
1.28002
1.28305
1.28
1.28
1.28
1.28
1.28
1.28
1.28
1.28
1.28002
1.28331
1.28
1.28
1.28
1.28
1.28
1.28
1.28
1.28
1.28002
1.28361
1.28
1.28
1.28
1.28
1.28
1.28
1.28
1.28
1.28002
1.28396
1.2801
1.28002
1.28
1.28
1.28
1.28
1.28
1.28
1.28002
1.28432
1.28
1.28
1.28
1.28
1.28
1.28
1.28
1.28
1.27998
1.28054
1.28
1.28
1.28
1.28
1.28
1.28
1.28
1.28
1.28
1.28062
1.28
1.28
1.28
1.28
1.28
1.28
1.28
1.28
1.28002
1.28079
1.28
1.28
1.28
1.28
1.28
1.28
1.28
1.28
1.28005
1.28085
1.28
1.28
1.28
1.28
1.28
1.28
1.28
1.28
1.28008
1.28091
1.28
1.28
1.28
1.28
1.28
1.28
1.28
1.28
1.28011
1.28097
1.28
1.28
1.28
1.28
1.28
1.28
1.28
1.28
1.28014
1.28105
1.28
1.28
1.28
1.28
1.28
1.28
1.28
1.28
1.28018
1.28142
1.28
1.28
1.28
1.28
1.28
1.28
1.28
1.28
1.28022
1.28172
1.28046
1.28014
1.28002
1.28
1.28
1.28
1.28
1.28
1.28026
1.28199
1.28
1.28
1.28
1.28
1.28
1.28
1.28
1.28
1.28003
1.28091
1.28
1.28
1.28
1.28
1.28
1.28
1.28
1.28
1.28006
1.28099
1.28
1.28
1.28
1.28
1.28
1.28
1.28
1.28
1.28009
1.28101
1.28
1.28
1.28
1.28
1.28
1.28
1.28
1.28
1.28013
1.28102
1.28
1.28
1.28
1.28
1.28
1.28
1.28
1.28
1.28017
1.28135
1.28
1.28
1.28
1.28
1.28
1.28
1.28
1.28
1.28022
1.28165
1.28
1.28
1.28
1.28
1.28
1.28
1.28
1.28
1.28027
1.28189
1.28
1.28
1.28
1.28
1.28
1.28
1.28
1.28
1.28032
1.28179
1.28
1.28
1.28
1.28
1.28
1.28
1.28
1.28
1.28038
1.28176
1.28019
1.28
1.28
1.28
1.28
1.28
1.28
1.28
1.28045
1.28176
1.28
1.28
1.28
1.28
1.28
1.28
1.28
1.28
1.28009
1.2809
1.28
1.28
1.28
1.28
1.28
1.28
1.28
1.28
1.28013
1.28094
1.28
1.28
1.28
1.28
1.28
1.28
1.28
1.28
1.28018
1.28133
1.28
1.28
1.28
1.28
1.28
1.28
1.28
1.28
1.28024
1.28163
1.28
1.28
1.28
1.28
1.28
1.28
1.28
1.28
1.28029
1.28155
1.28
1.28
1.28
1.28
1.28
1.28
1.28
1.28
1.28036
1.2815
1.28
1.28
1.28
1.28
1.28
1.28
1.28
1.28
1.28043
1.28148
1.28
1.28
1.28
1.28
1.28
1.28
1.28
1.28
1.28051
1.28149
1.28
1.28
1.28
1.28
1.28
1.28
1.28
1.28001
1.2806
1.28152
1.27999
1.27999
1.28
1.28
1.28
1.28
1.28
1.28001
1.2807
1.28155
1.28
1.28
1.28
1.28
1.28
1.28
1.28
1.28
1.28016
1.28111
1.28
1.28
1.28
1.28
1.28
1.28
1.28
1.28
1.28021
1.28138
1.28
1.28
1.28
1.28
1.28
1.28
1.28
1.28
1.28028
1.28122
1.28
1.28
1.28
1.28
1.28
1.28
1.28
1.28
1.28035
1.28116
1.28
1.28
1.28
1.28
1.28
1.28
1.28
1.28001
1.28043
1.28112
1.28
1.28
1.28
1.28
1.28
1.28
1.28
1.28001
1.28052
1.2811
1.28
1.28
1.28
1.28
1.28
1.28
1.28
1.28001
1.28062
1.28111
1.28
1.28
1.28
1.28
1.28
1.28
1.28
1.28001
1.28074
1.28113
1.28
1.28
1.28
1.28
1.28
1.28
1.28
1.28002
1.28088
1.28116
1.27996
1.27999
1.28
1.28
1.28
1.28
1.28
1.28002
1.28104
1.28121
1.28
1.28
1.28
1.28
1.28
1.28
1.28
1.28
1.28022
1.2809
1.28
1.28
1.28
1.28
1.28
1.28
1.28
1.28
1.28028
1.28077
1.28
1.28
1.28
1.28
1.28
1.28
1.28
1.28001
1.28036
1.28069
1.28
1.28
1.28
1.28
1.28
1.28
1.28
1.28001
1.28045
1.28062
1.28
1.28
1.28
1.28
1.28
1.28
1.28
1.28001
1.28055
1.28056
1.28
1.28
1.28
1.28
1.28
1.28
1.28
1.28002
1.28068
1.28052
1.28
1.28
1.28
1.28
1.28
1.28
1.28
1.28002
1.28083
1.28049
1.28
1.28
1.28
1.28
1.28
1.28
1.28
1.28002
1.281
1.28047
1.28
1.28
1.28
1.28
1.28
1.28
1.28
1.28003
1.28121
1.28048
1.27995
1.27999
1.28
1.28
1.28
1.28
1.28
1.28004
1.28145
1.28049
1.28
1.28
1.28
1.28
1.28
1.28
1.28
1.28001
1.28024
1.28029
1.28
1.28
1.28
1.28
1.28
1.28
1.28
1.28001
1.28031
1.28013
1.28
1.28
1.28
1.28
1.28
1.28
1.28
1.28001
1.2804
1.27999
1.28
1.28
1.28
1.28
1.28
1.28
1.28
1.28001
1.28051
1.27985
1.28
1.28
1.28
1.28
1.28
1.28
1.28
1.28002
1.28063
1.27971
1.28
1.28
1.28
1.28
1.28
1.28
1.28
1.28002
1.28079
1.27957
1.28
1.28
1.28
1.28
1.28
1.28
1.28
1.28003
1.28098
1.27943
1.28
1.28
1.28
1.28
1.28
1.28
1.28
1.28004
1.28121
1.27929
1.28
1.28
1.28
1.28
1.28
1.28
1.28
1.28005
1.28149
1.27916
1.27995
1.27999
1.28
1.28
1.28
1.28
1.28
1.28007
1.28183
1.27902
1.28
1.28
1.28
1.28
1.28
1.28
1.28
1.28
1.28022
1.27959
1.28
1.28
1.28
1.28
1.28
1.28
1.28
1.28001
1.28028
1.27933
1.28
1.28
1.28
1.28
1.28
1.28
1.28
1.28001
1.28037
1.27907
1.28
1.28
1.28
1.28
1.28
1.28
1.28
1.28001
1.28047
1.27879
1.28
1.28
1.28
1.28
1.28
1.28
1.28
1.28002
1.2806
1.27848
1.28
1.28
1.28
1.28
1.28
1.28
1.28
1.28003
1.28075
1.27814
1.28
1.28
1.28
1.28
1.28
1.28
1.28
1.28004
1.28095
1.27776
1.28
1.28
1.28
1.28
1.28
1.28
1.28
1.28005
1.28121
1.27734
1.28
1.28
1.28
1.28
1.28
1.28
1.28
1.28007
1.28153
1.27688
1.27996
1.27999
1.28
1.28
1.28
1.28
1.28
1.28011
1.28194
1.27634
1.28
1.28
1.28
1.28
1.28
1.28
1.28
1.28
1.28014
1.27882
1.28
1.28
1.28
1.28
1.28
1.28
1.28
1.28001
1.28018
1.27842
1.28
1.28
1.28
1.28
1.28
1.28
1.28
1.28001
1.28023
1.27799
1.28
1.28
1.28
1.28
1.28
1.28
1.28
1.28001
1.2803
1.2775
1.28
1.28
1.28
1.28
1.28
1.28
1.28
1.28002
1.28038
1.27694
1.28
1.28
1.28
1.28
1.28
1.28
1.28
1.28002
1.28049
1.27629
1.28
1.28
1.28
1.28
1.28
1.28
1.28
1.28004
1.28063
1.27552
1.28
1.28
1.28
1.28
1.28
1.28
1.28
1.28005
1.28081
1.27462
1.28
1.28
1.28
1.28
1.28
1.28
1.28
1.28008
1.28104
1.27356
1.27997
1.28
1.28
1.28
1.28
1.28
1.28001
1.28012
1.28135
1.27225
1.28
1.28
1.28
1.28
1.28
1.28
1.28
1.28
1.28002
1.27812
1.28
1.28
1.28
1.28
1.28
1.28
1.28
1.28
1.28003
1.27758
1.28
1.28
1.28
1.28
1.28
1.28
1.28
1.28
1.28003
1.27698
1.28
1.28
1.28
1.28
1.28
1.28
1.28
1.28
1.28004
1.27627
1.28
1.28
1.28
1.28
1.28
1.28
1.28
1.28001
1.28005
1.27543
1.28
1.28
1.28
1.28
1.28
1.28
1.28
1.28001
1.28005
1.27443
1.28
1.28
1.28
1.28
1.28
1.28
1.28
1.28001
1.28005
1.27322
1.28
1.28
1.28
1.28
1.28
1.28
1.28
1.28002
1.28005
1.27175
1.28
1.28
1.28
1.28
1.28
1.28
1.28
1.28003
1.28003
1.26993
1.28002
1.28
1.28
1.28
1.28
1.28
1.28
1.28004
1.27998
1.26763
1.28
1.28
1.28
1.28
1.28
1.28
1.28
1.28
1.27994
1.27769
1.28
1.28
1.28
1.28
1.28
1.28
1.28
1.28
1.27992
1.27706
1.28
1.28
1.28
1.28
1.28
1.28
1.28
1.28
1.27988
1.27634
1.28
1.28
1.28
1.28
1.28
1.28
1.28
1.28
1.27984
1.27549
1.28
1.28
1.28
1.28
1.28
1.28
1.28
1.27999
1.27977
1.27447
1.28
1.28
1.28
1.28
1.28
1.28
1.28
1.27999
1.27968
1.27323
1.28
1.28
1.28
1.28
1.28
1.28
1.28
1.27998
1.27956
1.27172
1.28
1.28
1.28
1.28
1.28
1.28
1.28
1.27997
1.27937
1.26986
1.28
1.28
1.28
1.28
1.28
1.28
1.28
1.27995
1.2791
1.26753
1.28026
1.28003
1.28
1.28
1.28
1.28
1.28
1.27992
1.27868
1.26453
1.28
1.28
1.28
1.28
1.28
1.28
1.28
1.28
1.27994
1.27769
1.28
1.28
1.28
1.28
1.28
1.28
1.28
1.28
1.27991
1.27705
1.28
1.28
1.28
1.28
1.28
1.28
1.28
1.28
1.27988
1.27634
1.28
1.28
1.28
1.28
1.28
1.28
1.28
1.28
1.27984
1.27548
1.28
1.28
1.28
1.28
1.28
1.28
1.28
1.27999
1.27977
1.27446
1.28
1.28
1.28
1.28
1.28
1.28
1.28
1.27999
1.27968
1.27323
1.28
1.28
1.28
1.28
1.28
1.28
1.28
1.27998
1.27956
1.27172
1.28
1.28
1.28
1.28
1.28
1.28
1.28
1.27997
1.27937
1.26985
1.28
1.28
1.28
1.28
1.28
1.28
1.28
1.27995
1.2791
1.26752
1.28026
1.28003
1.28
1.28
1.28
1.28
1.28
1.27992
1.27868
1.26452
1.28
1.28
1.28
1.28
1.28
1.28
1.28
1.28
1.28002
1.27811
1.28
1.28
1.28
1.28
1.28
1.28
1.28
1.28
1.28003
1.27757
1.28
1.28
1.28
1.28
1.28
1.28
1.28
1.28
1.28003
1.27696
1.28
1.28
1.28
1.28
1.28
1.28
1.28
1.28
1.28004
1.27625
1.28
1.28
1.28
1.28
1.28
1.28
1.28
1.28001
1.28004
1.27542
1.28
1.28
1.28
1.28
1.28
1.28
1.28
1.28001
1.28005
1.27441
1.28
1.28
1.28
1.28
1.28
1.28
1.28
1.28001
1.28005
1.27321
1.28
1.28
1.28
1.28
1.28
1.28
1.28
1.28002
1.28004
1.27174
1.28
1.28
1.28
1.28
1.28
1.28
1.28
1.28003
1.28003
1.26993
1.28002
1.28
1.28
1.28
1.28
1.28
1.28
1.28004
1.27998
1.26763
1.28
1.28
1.28
1.28
1.28
1.28
1.28
1.28
1.28014
1.2788
1.28
1.28
1.28
1.28
1.28
1.28
1.28
1.28001
1.28018
1.27841
1.28
1.28
1.28
1.28
1.28
1.28
1.28
1.28001
1.28023
1.27798
1.28
1.28
1.28
1.28
1.28
1.28
1.28
1.28001
1.2803
1.27749
1.28
1.28
1.28
1.28
1.28
1.28
1.28
1.28002
1.28038
1.27693
1.28
1.28
1.28
1.28
1.28
1.28
1.28
1.28002
1.28049
1.27628
1.28
1.28
1.28
1.28
1.28
1.28
1.28
1.28004
1.28063
1.27552
1.28
1.28
1.28
1.28
1.28
1.28
1.28
1.28005
1.28081
1.27462
1.28
1.28
1.28
1.28
1.28
1.28
1.28
1.28008
1.28104
1.27355
1.27997
1.28
1.28
1.28
1.28
1.28
1.28001
1.28012
1.28135
1.27225
1.28
1.28
1.28
1.28
1.28
1.28
1.28
1.28
1.28022
1.27958
1.28
1.28
1.28
1.28
1.28
1.28
1.28
1.28001
1.28029
1.27933
1.28
1.28
1.28
1.28
1.28
1.28
1.28
1.28001
1.28037
1.27907
1.28
1.28
1.28
1.28
1.28
1.28
1.28
1.28001
1.28047
1.27879
1.28
1.28
1.28
1.28
1.28
1.28
1.28
1.28002
1.2806
1.27848
1.28
1.28
1.28
1.28
1.28
1.28
1.28
1.28003
1.28076
1.27813
1.28
1.28
1.28
1.28
1.28
1.28
1.28
1.28004
1.28096
1.27776
1.28
1.28
1.28
1.28
1.28
1.28
1.28
1.28005
1.28121
1.27734
1.28
1.28
1.28
1.28
1.28
1.28
1.28
1.28007
1.28153
1.27687
1.27996
1.27999
1.28
1.28
1.28
1.28
1.28
1.28011
1.28194
1.27634
1.28
1.28
1.28
1.28
1.28
1.28
1.28
1.28001
1.28024
1.28029
1.28
1.28
1.28
1.28
1.28
1.28
1.28
1.28001
1.28031
1.28013
1.28
1.28
1.28
1.28
1.28
1.28
1.28
1.28001
1.2804
1.27999
1.28
1.28
1.28
1.28
1.28
1.28
1.28
1.28001
1.28051
1.27985
1.28
1.28
1.28
1.28
1.28
1.28
1.28
1.28002
1.28064
1.27971
1.28
1.28
1.28
1.28
1.28
1.28
1.28
1.28002
1.28079
1.27957
1.28
1.28
1.28
1.28
1.28
1.28
1.28
1.28003
1.28098
1.27943
1.28
1.28
1.28
1.28
1.28
1.28
1.28
1.28004
1.28121
1.27929
1.28
1.28
1.28
1.28
1.28
1.28
1.28
1.28005
1.28149
1.27916
1.27995
1.27999
1.28
1.28
1.28
1.28
1.28
1.28007
1.28183
1.27902
1.28
1.28
1.28
1.28
1.28
1.28
1.28
1.28
1.28022
1.2809
1.28
1.28
1.28
1.28
1.28
1.28
1.28
1.28
1.28028
1.28077
1.28
1.28
1.28
1.28
1.28
1.28
1.28
1.28001
1.28036
1.28069
1.28
1.28
1.28
1.28
1.28
1.28
1.28
1.28001
1.28045
1.28062
1.28
1.28
1.28
1.28
1.28
1.28
1.28
1.28001
1.28055
1.28056
1.28
1.28
1.28
1.28
1.28
1.28
1.28
1.28002
1.28068
1.28052
1.28
1.28
1.28
1.28
1.28
1.28
1.28
1.28002
1.28083
1.28049
1.28
1.28
1.28
1.28
1.28
1.28
1.28
1.28002
1.281
1.28047
1.28
1.28
1.28
1.28
1.28
1.28
1.28
1.28003
1.28121
1.28048
1.27995
1.27999
1.28
1.28
1.28
1.28
1.28
1.28004
1.28145
1.28049
1.28
1.28
1.28
1.28
1.28
1.28
1.28
1.28
1.28016
1.28112
1.28
1.28
1.28
1.28
1.28
1.28
1.28
1.28
1.28022
1.28138
1.28
1.28
1.28
1.28
1.28
1.28
1.28
1.28
1.28028
1.28123
1.28
1.28
1.28
1.28
1.28
1.28
1.28
1.28
1.28035
1.28116
1.28
1.28
1.28
1.28
1.28
1.28
1.28
1.28001
1.28043
1.28112
1.28
1.28
1.28
1.28
1.28
1.28
1.28
1.28001
1.28052
1.28111
1.28
1.28
1.28
1.28
1.28
1.28
1.28
1.28001
1.28062
1.28111
1.28
1.28
1.28
1.28
1.28
1.28
1.28
1.28001
1.28074
1.28113
1.28
1.28
1.28
1.28
1.28
1.28
1.28
1.28002
1.28088
1.28116
1.27996
1.27999
1.28
1.28
1.28
1.28
1.28
1.28002
1.28104
1.28121
1.28
1.28
1.28
1.28
1.28
1.28
1.28
1.28
1.28009
1.28091
1.28
1.28
1.28
1.28
1.28
1.28
1.28
1.28
1.28013
1.28095
1.28
1.28
1.28
1.28
1.28
1.28
1.28
1.28
1.28018
1.28134
1.28
1.28
1.28
1.28
1.28
1.28
1.28
1.28
1.28024
1.28164
1.28
1.28
1.28
1.28
1.28
1.28
1.28
1.28
1.28029
1.28155
1.28
1.28
1.28
1.28
1.28
1.28
1.28
1.28
1.28036
1.2815
1.28
1.28
1.28
1.28
1.28
1.28
1.28
1.28
1.28043
1.28149
1.28
1.28
1.28
1.28
1.28
1.28
1.28
1.28
1.28051
1.28149
1.28
1.28
1.28
1.28
1.28
1.28
1.28
1.28001
1.2806
1.28152
1.27999
1.27999
1.28
1.28
1.28
1.28
1.28
1.28001
1.2807
1.28155
1.28
1.28
1.28
1.28
1.28
1.28
1.28
1.28
1.28003
1.28091
1.28
1.28
1.28
1.28
1.28
1.28
1.28
1.28
1.28006
1.28099
1.28
1.28
1.28
1.28
1.28
1.28
1.28
1.28
1.28009
1.28101
1.28
1.28
1.28
1.28
1.28
1.28
1.28
1.28
1.28013
1.28102
1.28
1.28
1.28
1.28
1.28
1.28
1.28
1.28
1.28017
1.28135
1.28
1.28
1.28
1.28
1.28
1.28
1.28
1.28
1.28022
1.28165
1.28
1.28
1.28
1.28
1.28
1.28
1.28
1.28
1.28027
1.28189
1.28
1.28
1.28
1.28
1.28
1.28
1.28
1.28
1.28033
1.28179
1.28
1.28
1.28
1.28
1.28
1.28
1.28
1.28
1.28038
1.28176
1.28019
1.28
1.28
1.28
1.28
1.28
1.28
1.28
1.28045
1.28176
1.28
1.28
1.28
1.28
1.28
1.28
1.28
1.28
1.27998
1.28054
1.28
1.28
1.28
1.28
1.28
1.28
1.28
1.28
1.28
1.28062
1.28
1.28
1.28
1.28
1.28
1.28
1.28
1.28
1.28002
1.28079
1.28
1.28
1.28
1.28
1.28
1.28
1.28
1.28
1.28005
1.28085
1.28
1.28
1.28
1.28
1.28
1.28
1.28
1.28
1.28008
1.28091
1.28
1.28
1.28
1.28
1.28
1.28
1.28
1.28
1.28011
1.28097
1.28
1.28
1.28
1.28
1.28
1.28
1.28
1.28
1.28014
1.28105
1.28
1.28
1.28
1.28
1.28
1.28
1.28
1.28
1.28018
1.28142
1.28
1.28
1.28
1.28
1.28
1.28
1.28
1.28
1.28022
1.28172
1.28045
1.28014
1.28002
1.28
1.28
1.28
1.28
1.28
1.28026
1.28199
1.28
1.28
1.28
1.28
1.28
1.28
1.28
1.28
1.28001
1.28254
1.28
1.28
1.28
1.28
1.28
1.28
1.28
1.28
1.28001
1.28249
1.28
1.28
1.28
1.28
1.28
1.28
1.28
1.28
1.28001
1.28238
1.28
1.28
1.28
1.28
1.28
1.28
1.28
1.28
1.28001
1.28259
1.28
1.28
1.28
1.28
1.28
1.28
1.28
1.28
1.28001
1.28281
1.28
1.28
1.28
1.28
1.28
1.28
1.28
1.28
1.28002
1.28305
1.28
1.28
1.28
1.28
1.28
1.28
1.28
1.28
1.28002
1.28331
1.28
1.28
1.28
1.28
1.28
1.28
1.28
1.28
1.28002
1.28361
1.28
1.28
1.28
1.28
1.28
1.28
1.28
1.28
1.28002
1.28396
1.2801
1.28002
1.28
1.28
1.28
1.28
1.28
1.28
1.28002
1.28432
1.28
1.28
1.28
1.28
1.28
1.28
1.28
1.28
1.28001
1.28028
1.28
1.28
1.28
1.28
1.28
1.28
1.28
1.28
1.28001
1.2803
1.28
1.28
1.28
1.28
1.28
1.28
1.28
1.28
1.28
1.28031
1.28
1.28
1.28
1.28
1.28
1.28
1.28
1.28
1.28
1.28041
1.28
1.28
1.28
1.28
1.28
1.28
1.28
1.28
1.28
1.28049
1.28
1.28
1.28
1.28
1.28
1.28
1.28
1.28
1.28
1.28056
1.28
1.28
1.28
1.28
1.28
1.28
1.28
1.28
1.28
1.28062
1.28
1.28
1.28
1.28
1.28
1.28
1.28
1.28
1.28
1.28064
1.28
1.28
1.28
1.28
1.28
1.28
1.28
1.28
1.28
1.28061
1.28001
1.28
1.28
1.28
1.28
1.28
1.28
1.28
1.28
1.28051
1.28
1.28
1.28
1.28
1.28
1.28
1.28
1.28
1.28
1.27907
1.28
1.28
1.28
1.28
1.28
1.28
1.28
1.28
1.28
1.27915
1.28
1.28
1.28
1.28
1.28
1.28
1.28
1.28
1.28
1.27924
1.28
1.28
1.28
1.28
1.28
1.28
1.28
1.28
1.28
1.27933
1.28
1.28
1.28
1.28
1.28
1.28
1.28
1.28
1.28
1.27941
1.28
1.28
1.28
1.28
1.28
1.28
1.28
1.28
1.28
1.2795
1.28
1.28
1.28
1.28
1.28
1.28
1.28
1.28
1.28
1.27959
1.28
1.28
1.28
1.28
1.28
1.28
1.28
1.28
1.28
1.27968
1.28
1.28
1.28
1.28
1.28
1.28
1.28
1.28
1.28
1.27979
1.28
1.28
1.28
1.28
1.28
1.28
1.28
1.28
1.28
1.27993
1.28
1.28
1.28
1.28
1.28
1.28
1.28
1.28
1.27999
1.27878
1.28
1.28
1.28
1.28
1.28
1.28
1.28
1.28
1.27999
1.27889
1.28
1.28
1.28
1.28
1.28
1.28
1.28
1.28
1.28
1.27901
1.28
1.28
1.28
1.28
1.28
1.28
1.28
1.28
1.28
1.27911
1.28
1.28
1.28
1.28
1.28
1.28
1.28
1.28
1.28
1.27922
1.28
1.28
1.28
1.28
1.28
1.28
1.28
1.28
1.28
1.27934
1.28
1.28
1.28
1.28
1.28
1.28
1.28
1.28
1.28
1.27946
1.28
1.28
1.28
1.28
1.28
1.28
1.28
1.28
1.28
1.27959
1.28
1.28
1.28
1.28
1.28
1.28
1.28
1.28
1.28
1.27973
1.28
1.28
1.28
1.28
1.28
1.28
1.28
1.28
1.28
1.27989
1.28
1.28
1.28
1.28
1.28
1.28
1.28
1.28
1.27999
1.27883
1.28
1.28
1.28
1.28
1.28
1.28
1.28
1.28
1.27999
1.27894
1.28
1.28
1.28
1.28
1.28
1.28
1.28
1.28
1.27999
1.27905
1.28
1.28
1.28
1.28
1.28
1.28
1.28
1.28
1.28
1.27916
1.28
1.28
1.28
1.28
1.28
1.28
1.28
1.28
1.28
1.27928
1.28
1.28
1.28
1.28
1.28
1.28
1.28
1.28
1.28
1.2794
1.28
1.28
1.28
1.28
1.28
1.28
1.28
1.28
1.28
1.27952
1.28
1.28
1.28
1.28
1.28
1.28
1.28
1.28
1.28
1.27965
1.28
1.28
1.28
1.28
1.28
1.28
1.28
1.28
1.28
1.27978
1.28
1.28
1.28
1.28
1.28
1.28
1.28
1.28
1.28
1.27992
1.28
1.28
1.28
1.28
1.28
1.28
1.28
1.28
1.27999
1.27893
1.28
1.28
1.28
1.28
1.28
1.28
1.28
1.28
1.27999
1.27903
1.28
1.28
1.28
1.28
1.28
1.28
1.28
1.28
1.28
1.27913
1.28
1.28
1.28
1.28
1.28
1.28
1.28
1.28
1.28
1.27924
1.28
1.28
1.28
1.28
1.28
1.28
1.28
1.28
1.28
1.27935
1.28
1.28
1.28
1.28
1.28
1.28
1.28
1.28
1.28
1.27946
1.28
1.28
1.28
1.28
1.28
1.28
1.28
1.28
1.28
1.27958
1.28
1.28
1.28
1.28
1.28
1.28
1.28
1.28
1.28
1.2797
1.28
1.28
1.28
1.28
1.28
1.28
1.28
1.28
1.28
1.27982
1.28
1.28
1.28
1.28
1.28
1.28
1.28
1.28
1.28
1.27994
1.28
1.28
1.28
1.28
1.28
1.28
1.28
1.28
1.27999
1.27899
1.28
1.28
1.28
1.28
1.28
1.28
1.28
1.28
1.28
1.27909
1.28
1.28
1.28
1.28
1.28
1.28
1.28
1.28
1.28
1.27919
1.28
1.28
1.28
1.28
1.28
1.28
1.28
1.28
1.28
1.27929
1.28
1.28
1.28
1.28
1.28
1.28
1.28
1.28
1.28
1.27939
1.28
1.28
1.28
1.28
1.28
1.28
1.28
1.28
1.28
1.2795
1.28
1.28
1.28
1.28
1.28
1.28
1.28
1.28
1.28
1.27961
1.28
1.28
1.28
1.28
1.28
1.28
1.28
1.28
1.28
1.27972
1.28
1.28
1.28
1.28
1.28
1.28
1.28
1.28
1.28
1.27983
1.28
1.28
1.28
1.28
1.28
1.28
1.28
1.28
1.28
1.27994
1.28
1.28
1.28
1.28
1.28
1.28
1.28
1.28
1.28
1.27898
1.28
1.28
1.28
1.28
1.28
1.28
1.28
1.28
1.28
1.27908
1.28
1.28
1.28
1.28
1.28
1.28
1.28
1.28
1.28
1.27918
1.28
1.28
1.28
1.28
1.28
1.28
1.28
1.28
1.28
1.27928
1.28
1.28
1.28
1.28
1.28
1.28
1.28
1.28
1.28
1.27938
1.28
1.28
1.28
1.28
1.28
1.28
1.28
1.28
1.28
1.27949
1.28
1.28
1.28
1.28
1.28
1.28
1.28
1.28
1.28
1.2796
1.28
1.28
1.28
1.28
1.28
1.28
1.28
1.28
1.28
1.27971
1.28
1.28
1.28
1.28
1.28
1.28
1.28
1.28
1.28
1.27982
1.28
1.28
1.28
1.28
1.28
1.28
1.28
1.28
1.28
1.27994
1.28002
1.28002
1.28002
1.28002
1.28002
1.28002
1.28002
1.28002
1.28002
1.27883
1.28002
1.28001
1.28001
1.28001
1.28002
1.28002
1.28002
1.28002
1.28001
1.27894
1.28002
1.28001
1.28001
1.28001
1.28001
1.28001
1.28001
1.28001
1.28001
1.27905
1.28002
1.28001
1.28001
1.28001
1.28001
1.28001
1.28001
1.28001
1.28
1.27916
1.28002
1.28001
1.28001
1.28001
1.28001
1.28001
1.28
1.28
1.28
1.27928
1.28001
1.28
1.28
1.28
1.28
1.28
1.28
1.28
1.28
1.2794
1.28001
1.28
1.28
1.28
1.28
1.28
1.28
1.28
1.27999
1.27952
1.28001
1.28
1.28
1.28
1.28
1.28
1.28
1.27999
1.27999
1.27965
1.28
1.28
1.28
1.27999
1.27999
1.27999
1.27999
1.27999
1.27999
1.27978
1.27999
1.27999
1.27999
1.27999
1.27999
1.27999
1.27999
1.27999
1.27999
1.27991
1.28028
1.27998
1.27998
1.27997
1.27997
1.27996
1.27995
1.27994
1.27992
1.27833
1.28025
1.27997
1.27996
1.27996
1.27996
1.27995
1.27995
1.27994
1.27993
1.2785
1.28023
1.27997
1.27996
1.27996
1.27996
1.27995
1.27995
1.27994
1.27993
1.27867
1.2802
1.27997
1.27996
1.27996
1.27996
1.27996
1.27995
1.27995
1.27994
1.27883
1.28018
1.27997
1.27996
1.27996
1.27996
1.27996
1.27995
1.27995
1.27994
1.279
1.28015
1.27997
1.27996
1.27996
1.27996
1.27996
1.27996
1.27995
1.27995
1.27917
1.28012
1.27996
1.27996
1.27996
1.27996
1.27996
1.27996
1.27995
1.27995
1.27934
1.28008
1.27996
1.27996
1.27996
1.27996
1.27996
1.27996
1.27995
1.27995
1.27951
1.28003
1.27996
1.27996
1.27996
1.27996
1.27996
1.27996
1.27995
1.27995
1.27969
1.27994
1.27991
1.27992
1.27992
1.27993
1.27993
1.27994
1.27994
1.27995
1.27986
1.28
1.28
1.28
1.28
1.28
1.28
1.28
1.28
1.28
1.27889
1.28
1.28
1.28
1.28
1.28
1.28
1.28
1.28
1.28
1.27974
1.28
1.28
1.28
1.28
1.28
1.28
1.28
1.28
1.28
1.27989
1.28
1.28
1.28
1.28
1.28
1.28
1.28
1.28
1.28
1.27991
1.28
1.28
1.28
1.28
1.28
1.28
1.28
1.28
1.28
1.27992
1.28
1.28
1.28
1.28
1.28
1.28
1.28
1.28
1.28
1.27992
1.28
1.28
1.28
1.28
1.28
1.28
1.28
1.28
1.28
1.27991
1.28
1.28
1.28
1.28
1.28
1.28
1.28
1.28
1.28
1.27988
1.28
1.28
1.28
1.28
1.28
1.28
1.28
1.28
1.28
1.27974
1.28
1.28
1.28
1.28
1.28
1.28
1.28
1.28
1.28
1.27875
1.28
1.28
1.28
1.28
1.28
1.28
1.28
1.28
1.28
1.27974
1.28
1.28
1.28
1.28
1.28
1.28
1.28
1.28
1.28
1.28002
1.28
1.28
1.28
1.28
1.28
1.28
1.28
1.28
1.28
1.28005
1.28
1.28
1.28
1.28
1.28
1.28
1.28
1.28
1.28
1.28005
1.28
1.28
1.28
1.28
1.28
1.28
1.28
1.28
1.28
1.28005
1.28
1.28
1.28
1.28
1.28
1.28
1.28
1.28
1.28
1.28005
1.28
1.28
1.28
1.28
1.28
1.28
1.28
1.28
1.28
1.28005
1.28
1.28
1.28
1.28
1.28
1.28
1.28
1.28
1.28
1.28005
1.28
1.28
1.28
1.28
1.28
1.28
1.28
1.28
1.28
1.28001
1.28
1.28
1.28
1.28
1.28
1.28
1.28
1.28
1.28
1.27974
1.28
1.28
1.28
1.28
1.28
1.28
1.28
1.28
1.28
1.27989
1.28
1.28
1.28
1.28
1.28
1.28
1.28
1.28
1.28
1.28005
1.28
1.28
1.28
1.28
1.28
1.28
1.28
1.28
1.28
1.28006
1.28
1.28
1.28
1.28
1.28
1.28
1.28
1.28
1.28
1.28006
1.28
1.28
1.28
1.28
1.28
1.28
1.28
1.28
1.28
1.28006
1.28
1.28
1.28
1.28
1.28
1.28
1.28
1.28
1.28
1.28006
1.28
1.28
1.28
1.28
1.28
1.28
1.28
1.28
1.28
1.28006
1.28
1.28
1.28
1.28
1.28
1.28
1.28
1.28
1.28
1.28006
1.28
1.28
1.28
1.28
1.28
1.28
1.28
1.28
1.28
1.28005
1.28
1.28
1.28
1.28
1.28
1.28
1.28
1.28
1.28
1.27988
1.28
1.28
1.28
1.28
1.28
1.28
1.28
1.28
1.28
1.27991
1.28
1.28
1.28
1.28
1.28
1.28
1.28
1.28
1.28
1.28005
1.28
1.28
1.28
1.28
1.28
1.28
1.28
1.28
1.28
1.28006
1.28
1.28
1.28
1.28
1.28
1.28
1.28
1.28
1.28
1.28005
1.28
1.28
1.28
1.28
1.28
1.28
1.28
1.28
1.28
1.28005
1.28
1.28
1.28
1.28
1.28
1.28
1.28
1.28
1.28
1.28005
1.28
1.28
1.28
1.28
1.28
1.28
1.28
1.28
1.28
1.28005
1.28
1.28
1.28
1.28
1.28
1.28
1.28
1.28
1.28
1.28006
1.28
1.28
1.28
1.28
1.28
1.28
1.28
1.28
1.28
1.28005
1.28
1.28
1.28
1.28
1.28
1.28
1.28
1.28
1.28
1.27991
1.28
1.28
1.28
1.28
1.28
1.28
1.28
1.28
1.28
1.27992
1.28
1.28
1.28
1.28
1.28
1.28
1.28
1.28
1.28
1.28005
1.28
1.28
1.28
1.28
1.28
1.28
1.28
1.28
1.28
1.28006
1.28
1.28
1.28
1.28
1.28
1.28
1.28
1.28
1.28
1.28005
1.28
1.28
1.28
1.28
1.28
1.28
1.28
1.28
1.28
1.28005
1.28
1.28
1.28
1.28
1.28
1.28
1.28
1.28
1.28
1.28005
1.28
1.28
1.28
1.28
1.28
1.28
1.28
1.28
1.28
1.28005
1.28
1.28
1.28
1.28
1.28
1.28
1.28
1.28
1.28
1.28006
1.28
1.28
1.28
1.28
1.28
1.28
1.28
1.28
1.28
1.28005
1.28
1.28
1.28
1.28
1.28
1.28
1.28
1.28
1.28
1.27992
1.28
1.28
1.28
1.28
1.28
1.28
1.28
1.28
1.28
1.27992
1.28
1.28
1.28
1.28
1.28
1.28
1.28
1.28
1.28
1.28005
1.28
1.28
1.28
1.28
1.28
1.28
1.28
1.28
1.28
1.28006
1.28
1.28
1.28
1.28
1.28
1.28
1.28
1.28
1.28
1.28005
1.28
1.28
1.28
1.28
1.28
1.28
1.28
1.28
1.28
1.28005
1.28
1.28
1.28
1.28
1.28
1.28
1.28
1.28
1.28
1.28005
1.28
1.28
1.28
1.28
1.28
1.28
1.28
1.28
1.28
1.28005
1.28
1.28
1.28
1.28
1.28
1.28
1.28
1.28
1.28
1.28006
1.28
1.28
1.28
1.28
1.28
1.28
1.28
1.28
1.28
1.28005
1.28
1.28
1.28
1.28
1.28
1.28
1.28
1.28
1.28
1.27992
1.28
1.28
1.28
1.28
1.28
1.28
1.28
1.28
1.28
1.27991
1.28
1.28
1.28
1.28
1.28
1.28
1.28
1.28
1.28
1.28005
1.28
1.28
1.28
1.28
1.28
1.28
1.28
1.28
1.28
1.28006
1.28
1.28
1.28
1.28
1.28
1.28
1.28
1.28
1.28
1.28005
1.28
1.28
1.28
1.28
1.28
1.28
1.28
1.28
1.28
1.28005
1.28
1.28
1.28
1.28
1.28
1.28
1.28
1.28
1.28
1.28005
1.28
1.28
1.28
1.28
1.28
1.28
1.28
1.28
1.28
1.28005
1.28
1.28
1.28
1.28
1.28
1.28
1.28
1.28
1.28
1.28006
1.28
1.28
1.28
1.28
1.28
1.28
1.28
1.28
1.28
1.28005
1.28
1.28
1.28
1.28
1.28
1.28
1.28
1.28
1.28
1.27991
1.28
1.28
1.28
1.28
1.28
1.28
1.28
1.28
1.28
1.27988
1.28
1.28
1.28
1.28
1.28
1.28
1.28
1.28
1.28
1.28005
1.28
1.28
1.28
1.28
1.28
1.28
1.28
1.28
1.28
1.28006
1.28
1.28
1.28
1.28
1.28
1.28
1.28
1.28
1.28
1.28006
1.28
1.28
1.28
1.28
1.28
1.28
1.28
1.28
1.28
1.28006
1.28
1.28
1.28
1.28
1.28
1.28
1.28
1.28
1.28
1.28006
1.28
1.28
1.28
1.28
1.28
1.28
1.28
1.28
1.28
1.28006
1.28
1.28
1.28
1.28
1.28
1.28
1.28
1.28
1.28
1.28006
1.28
1.28
1.28
1.28
1.28
1.28
1.28
1.28
1.28
1.28005
1.28
1.28
1.28
1.28
1.28
1.28
1.28
1.28
1.28
1.27989
1.28
1.28
1.28
1.28
1.28
1.28
1.28
1.28
1.28
1.27974
1.28
1.28
1.28
1.28
1.28
1.28
1.28
1.28
1.28
1.28001
1.28
1.28
1.28
1.28
1.28
1.28
1.28
1.28
1.28
1.28005
1.28
1.28
1.28
1.28
1.28
1.28
1.28
1.28
1.28
1.28005
1.28
1.28
1.28
1.28
1.28
1.28
1.28
1.28
1.28
1.28005
1.28
1.28
1.28
1.28
1.28
1.28
1.28
1.28
1.28
1.28005
1.28
1.28
1.28
1.28
1.28
1.28
1.28
1.28
1.28
1.28005
1.28
1.28
1.28
1.28
1.28
1.28
1.28
1.28
1.28
1.28005
1.28
1.28
1.28
1.28
1.28
1.28
1.28
1.28
1.28
1.28002
1.28
1.28
1.28
1.28
1.28
1.28
1.28
1.28
1.28
1.27974
1.28
1.28
1.28
1.28
1.28
1.28
1.28
1.28
1.28
1.27875
1.28
1.28
1.28
1.28
1.28
1.28
1.28
1.28
1.28
1.27974
1.28
1.28
1.28
1.28
1.28
1.28
1.28
1.28
1.28
1.27988
1.28
1.28
1.28
1.28
1.28
1.28
1.28
1.28
1.28
1.27991
1.28
1.28
1.28
1.28
1.28
1.28
1.28
1.28
1.28
1.27992
1.28
1.28
1.28
1.28
1.28
1.28
1.28
1.28
1.28
1.27992
1.28
1.28
1.28
1.28
1.28
1.28
1.28
1.28
1.28
1.27991
1.28
1.28
1.28
1.28
1.28
1.28
1.28
1.28
1.28
1.27988
1.28
1.28
1.28
1.28
1.28
1.28
1.28
1.28
1.28
1.27974
1.28
1.28
1.28
1.28
1.28
1.28
1.28
1.28
1.28
1.27889
)
;

boundaryField
{
    walls
    {
        type            zeroGradient;
    }
    nozzleExt
    {
        type            zeroGradient;
    }
    nozzleInt
    {
        type            zeroGradient;
    }
    inlet
    {
        type            fixedValue;
        value           uniform 5;
    }
    outlet
    {
        type            zeroGradient;
    }
    defaultFaces
    {
        type            empty;
    }
}


// ************************************************************************* //
