/*--------------------------------*- C++ -*----------------------------------*\
| =========                 |                                                 |
| \\      /  F ield         | OpenFOAM: The Open Source CFD Toolbox           |
|  \\    /   O peration     | Version:  4.1                                   |
|   \\  /    A nd           | Web:      www.OpenFOAM.org                      |
|    \\/     M anipulation  |                                                 |
\*---------------------------------------------------------------------------*/
FoamFile
{
    version     2.0;
    format      ascii;
    class       volScalarField;
    location    "0.84";
    object      p;
}
// * * * * * * * * * * * * * * * * * * * * * * * * * * * * * * * * * * * * * //

dimensions      [1 -1 -2 0 0 0 0];

internalField   nonuniform List<scalar> 
18000
(
1.28
1.28
1.28
1.28
1.28
1.28
1.28
1.28
1.28
1.28
1.28
1.28
1.28
1.28
1.28
1.28
1.28
1.28
1.28
1.28
1.28
1.28
1.28
1.28
1.28
1.28
1.28
1.28
1.28
1.28
1.28
1.28
1.28
1.28
1.28
1.28
1.28
1.28
1.28
1.28
1.28
1.28
1.28
1.28
1.28
1.28
1.28
1.28
1.28
1.28
1.28
1.28
1.28
1.28
1.28
1.28
1.28
1.28
1.28
1.28
1.28
1.28
1.28
1.28
1.28
1.28
1.28
1.28
1.28
1.28
1.28
1.28
1.28
1.28
1.28
1.28
1.28
1.28
1.28
1.28
1.28
1.28
1.28
1.28
1.28
1.28
1.28
1.28
1.28
1.28
1.28001
1.28001
1.28001
1.28001
1.28001
1.28001
1.28001
1.28001
1.28001
1.28001
1.28
1.28
1.28
1.28
1.28
1.28
1.28
1.28
1.28
1.28
1.28
1.28
1.28
1.28
1.28
1.28
1.28
1.28
1.28
1.28
1.28
1.28
1.28
1.28
1.28
1.28
1.28
1.28
1.28
1.28
1.28
1.28
1.28
1.28
1.28
1.28
1.28
1.28
1.28
1.28
1.28
1.28
1.28
1.28
1.28
1.28
1.28
1.28
1.28
1.28
1.28
1.28
1.28
1.28
1.28
1.28
1.28
1.28
1.28
1.28
1.28
1.28
1.28
1.28
1.28
1.28
1.28
1.28
1.28
1.28
1.28
1.28
1.28
1.28
1.28
1.28
1.28
1.28
1.28
1.28
1.28
1.28
1.28
1.28
1.28
1.28
1.28
1.28
1.28
1.28
1.28
1.28
1.28
1.28
1.28
1.28
1.28
1.28
1.28
1.28
1.28
1.28
1.28
1.28
1.28
1.28
1.28
1.28
1.28
1.28
1.28
1.28
1.28
1.28
1.28
1.28
1.28
1.28
1.28
1.28
1.28
1.28
1.28
1.28
1.28
1.28
1.28
1.28
1.28
1.28
1.28
1.28
1.28
1.28
1.28
1.28
1.28
1.28
1.28
1.28
1.28
1.28
1.28
1.28
1.28
1.28
1.28
1.28
1.28
1.28
1.28
1.28
1.28
1.28
1.28
1.28
1.28
1.28
1.28
1.28
1.28
1.28
1.28
1.28
1.28
1.28
1.28
1.28
1.28
1.28
1.28
1.28
1.28
1.28
1.28
1.28
1.28
1.28
1.28
1.28
1.28
1.28
1.28
1.28
1.28
1.28
1.28
1.28
1.28
1.28
1.28
1.28
1.28
1.28
1.28
1.28
1.28
1.28
1.28
1.28
1.28
1.28
1.28
1.28
1.28
1.28
1.28
1.28
1.28
1.28
1.28
1.28
1.28
1.28
1.28
1.28
1.28
1.28
1.28
1.28
1.28
1.28
1.28
1.28
1.28
1.28
1.28
1.28
1.28
1.28
1.28
1.28
1.28
1.28
1.28
1.28
1.28
1.28
1.28
1.28
1.28
1.28
1.28
1.28
1.28
1.28
1.28
1.28
1.28
1.28
1.28
1.28
1.28
1.28
1.28
1.28
1.28
1.28
1.28
1.28
1.28
1.28
1.28
1.28
1.28
1.28
1.28
1.28
1.28
1.28
1.28
1.28
1.28
1.28
1.28
1.28
1.28
1.28
1.28
1.28
1.28
1.28
1.28
1.28
1.28
1.28
1.28
1.28
1.28
1.28
1.28
1.28
1.28
1.28
1.28
1.28
1.28
1.28
1.28
1.28
1.28
1.28
1.28
1.28
1.28
1.28
1.28
1.28
1.28
1.28
1.28
1.28
1.28
1.28
1.28
1.28
1.28
1.28
1.28
1.28
1.28
1.28
1.28
1.28
1.28
1.28
1.28
1.28
1.28
1.28
1.28
1.28
1.28
1.28
1.28
1.28
1.28
1.28
1.28
1.28
1.28
1.28
1.28
1.28
1.28
1.28
1.28
1.28
1.28
1.28
1.28
1.28
1.28
1.28
1.28
1.28
1.28
1.28
1.28
1.28
1.28
1.28
1.28
1.28
1.28
1.28
1.28
1.28
1.28
1.28
1.28
1.28
1.28
1.28
1.28
1.28
1.28
1.28
1.28
1.28
1.28
1.28
1.28
1.28
1.28
1.28
1.28
1.28
1.28
1.28
1.28
1.28
1.28
1.28
1.28
1.28
1.28
1.28
1.28
1.28
1.28
1.28
1.28
1.28
1.28
1.28
1.28
1.28
1.28
1.28
1.28
1.28
1.28
1.28
1.28
1.28
1.28
1.28
1.28
1.28
1.28
1.28
1.28
1.28
1.28
1.28
1.28
1.28
1.28
1.28
1.28
1.28
1.28
1.28
1.28
1.28
1.28
1.28
1.28
1.28
1.28
1.28
1.28
1.28
1.28
1.28
1.28
1.28
1.28
1.28
1.28
1.28
1.28
1.28
1.28
1.28
1.28
1.28
1.28
1.28
1.28
1.28
1.28
1.28
1.28
1.28
1.28
1.28
1.28
1.28
1.28
1.28
1.28
1.28
1.28
1.28
1.28
1.28
1.28
1.28
1.28
1.28
1.28
1.28
1.28
1.28
1.28
1.28
1.28
1.28
1.28
1.28
1.28
1.28
1.28
1.28
1.28
1.28
1.28
1.28
1.28
1.28
1.28
1.28
1.28
1.28
1.28
1.28
1.28
1.28
1.28
1.28
1.28
1.28
1.28
1.28
1.28
1.28
1.28
1.28
1.28
1.28
1.28
1.28
1.28
1.28
1.28
1.28
1.28
1.28
1.28
1.28
1.28
1.28
1.28
1.28
1.28
1.28
1.28
1.28
1.28
1.28
1.28
1.28
1.28
1.28
1.28
1.28
1.28
1.28
1.28
1.28
1.28
1.28
1.28
1.28
1.28
1.28
1.28
1.28
1.28
1.28
1.28
1.28
1.28
1.28
1.28
1.28
1.28
1.28
1.28
1.28
1.28
1.28
1.28
1.28
1.28
1.28
1.28
1.28
1.28
1.28
1.28
1.28
1.28
1.28
1.28
1.28
1.28
1.28
1.28
1.28
1.28
1.28
1.28
1.28
1.28
1.28
1.28
1.28
1.28
1.28
1.28
1.28
1.28
1.28
1.28
1.28
1.28
1.28
1.28
1.28
1.28
1.28
1.28
1.28
1.28
1.28
1.28
1.28
1.28
1.28
1.28
1.28
1.28
1.28
1.28
1.28
1.28
1.28
1.28
1.28
1.28
1.28
1.28
1.28
1.28
1.28
1.28
1.28
1.28
1.28
1.28
1.28
1.28
1.28
1.28
1.28
1.28
1.28
1.28
1.28
1.28
1.28
1.28
1.28
1.28
1.28
1.28
1.28
1.28
1.28
1.28
1.28
1.28
1.28
1.28
1.28
1.28
1.28
1.28
1.28
1.28
1.28
1.28
1.28
1.28
1.28
1.28
1.28
1.28
1.28
1.28
1.28
1.28
1.28
1.28
1.28
1.28
1.28
1.28
1.28
1.28
1.28
1.28
1.28
1.28
1.28
1.28
1.28
1.28
1.28
1.28
1.28
1.28
1.28
1.28
1.28
1.28
1.28
1.28
1.28
1.28
1.28
1.28
1.28
1.28
1.28
1.28
1.28
1.28
1.28
1.28
1.28
1.28
1.28
1.28
1.28
1.28
1.28
1.28
1.28
1.28
1.28
1.28
1.28
1.28
1.28
1.28
1.28
1.28
1.28
1.28
1.28
1.28
1.28
1.28
1.28
1.28
1.28
1.28
1.28
1.28
1.28
1.28
1.28
1.28
1.28
1.28
1.28
1.28
1.28
1.28
1.28
1.28
1.28
1.28
1.28
1.28
1.28
1.28
1.28
1.28
1.28
1.28
1.28
1.28
1.28
1.28
1.28
1.28
1.28
1.28
1.28
1.28
1.28
1.28
1.28
1.28
1.28
1.28
1.28
1.28
1.28
1.28
1.28
1.28
1.28
1.28
1.28
1.28
1.28
1.28
1.28
1.28
1.28
1.28
1.28
1.28
1.28
1.28
1.28
1.28
1.28
1.28
1.28
1.28
1.28
1.28
1.28
1.28
1.28
1.28
1.28
1.28
1.28
1.28
1.28
1.28
1.28
1.28
1.28
1.28
1.28
1.28
1.28
1.28
1.28
1.28
1.28
1.28
1.28
1.28
1.28
1.28
1.28
1.28
1.28
1.28
1.28
1.28
1.28
1.28
1.28
1.28
1.28
1.28
1.28
1.28
1.28
1.28
1.28
1.28
1.28
1.28
1.28
1.28
1.28
1.28
1.28
1.28
1.28
1.28
1.28
1.28
1.28
1.28
1.28
1.28
1.28
1.28
1.28
1.28
1.28
1.28
1.28
1.28
1.28
1.28
1.28
1.28
1.28
1.28
1.28
1.28
1.28
1.28
1.28
1.28
1.28
1.28
1.28
1.28
1.28
1.28
1.28
1.28
1.28
1.28
1.28
1.28
1.28
1.28
1.28
1.28
1.28
1.28
1.28
1.28
1.28
1.28
1.28
1.28
1.28
1.28
1.28
1.28
1.28
1.28
1.28
1.28
1.28
1.28
1.28
1.28
1.28
1.28
1.28
1.28
1.28
1.28
1.28
1.28
1.28
1.28
1.28
1.28
1.28
1.28
1.28
1.28
1.28
1.28
1.28
1.28
1.28
1.28
1.28
1.28
1.28
1.28
1.28
1.28
1.28
1.28
1.28
1.28
1.28
1.28
1.28
1.28
1.28
1.28
1.28
1.28
1.28
1.28
1.28
1.28
1.28
1.28
1.28
1.28
1.28
1.28
1.28
1.28
1.28
1.28
1.28
1.28
1.28
1.28
1.28
1.28
1.28
1.28
1.28
1.28
1.28
1.28
1.28
1.28
1.28
1.28
1.28
1.28
1.28
1.28
1.28
1.28
1.28
1.28
1.28
1.28
1.28
1.28
1.28
1.28
1.28
1.28
1.28
1.28
1.28
1.28
1.28
1.28
1.28
1.28
1.28
1.28
1.28
1.28
1.28
1.28
1.28
1.28
1.28
1.28
1.28
1.28
1.28
1.28
1.28
1.28
1.28
1.28
1.28
1.28
1.28
1.28
1.28
1.28
1.28
1.28
1.28
1.28
1.28
1.28
1.28
1.28
1.28
1.28
1.28
1.28
1.28
1.28
1.28
1.28
1.28
1.28
1.28
1.28
1.28
1.28
1.28
1.28
1.28
1.28
1.28
1.28
1.28
1.28
1.28
1.28
1.28
1.28
1.28
1.28
1.28
1.28
1.28
1.28
1.28
1.28
1.28
1.28
1.28
1.28
1.28
1.28
1.28
1.28
1.28
1.28
1.28
1.28
1.28
1.28
1.28
1.28
1.28
1.28
1.28
1.28
1.28
1.28
1.28
1.28
1.28
1.28
1.28
1.28
1.28
1.28
1.28
1.28
1.28
1.28
1.28
1.28
1.28
1.28
1.28
1.28
1.28
1.28
1.28
1.28
1.28
1.28
1.28
1.28
1.28
1.28
1.28
1.28
1.28
1.28
1.28
1.28
1.28
1.28
1.28
1.28
1.28
1.28
1.28
1.28
1.28
1.28
1.28
1.28
1.28
1.28
1.28
1.28
1.28
1.28
1.28
1.28
1.28
1.28
1.28
1.28
1.28
1.28
1.28
1.28
1.28
1.28
1.28
1.28
1.28
1.28
1.28
1.28
1.28
1.28
1.28
1.28
1.28
1.28
1.28
1.28
1.28
1.28
1.28
1.28
1.28
1.28
1.28
1.28
1.28
1.28
1.28
1.28
1.28
1.28
1.28
1.28
1.28
1.28
1.28
1.28
1.28
1.28
1.28
1.28
1.28
1.28
1.28
1.28
1.28
1.28
1.28
1.28
1.28
1.28
1.28
1.28
1.28
1.28
1.28
1.28
1.28
1.28
1.28
1.28
1.28
1.28
1.28
1.28
1.28
1.28
1.28
1.28
1.28
1.28
1.28
1.28
1.28
1.28
1.28
1.28
1.28
1.28
1.28
1.28
1.28
1.28
1.28
1.28
1.28
1.28
1.28
1.28
1.28
1.28
1.28
1.28
1.28
1.28
1.28
1.28
1.28
1.28
1.28
1.28
1.28
1.28
1.28
1.28
1.28
1.28
1.28
1.28
1.28
1.28
1.28
1.28
1.28
1.28
1.28
1.28
1.28
1.28
1.28
1.28
1.28
1.28
1.28
1.28
1.28
1.28
1.28
1.28
1.28
1.28
1.28
1.28
1.28
1.28
1.28
1.28
1.28
1.28
1.28
1.28
1.28
1.28
1.28
1.28
1.28
1.28
1.28
1.28
1.28
1.28
1.28
1.28
1.28
1.28
1.28
1.28
1.28
1.28
1.28
1.28
1.28
1.28
1.28
1.28
1.28
1.28
1.28
1.28
1.28
1.28
1.28
1.28
1.28
1.28
1.28
1.28
1.28
1.28
1.28
1.28
1.28
1.28
1.28
1.28
1.28
1.28
1.28
1.28
1.28
1.28
1.28
1.28
1.28
1.28
1.28
1.28
1.28
1.28
1.28
1.28
1.28
1.28
1.28
1.28
1.28
1.28
1.28
1.28
1.28
1.28
1.28
1.28
1.28
1.28
1.28
1.28
1.28
1.28
1.28
1.28
1.28
1.28
1.28
1.28
1.28
1.28
1.28
1.28
1.28
1.28
1.28
1.28
1.28
1.28
1.28
1.28
1.28
1.28
1.28
1.28
1.28
1.28
1.28
1.28
1.28
1.28
1.28
1.28
1.28
1.28
1.28
1.28
1.28
1.28
1.28
1.28
1.28
1.28
1.28
1.28
1.28
1.28
1.28
1.28
1.28
1.28
1.28
1.28
1.28
1.28
1.28
1.28
1.28
1.28
1.28
1.28
1.28
1.28
1.28
1.28
1.28
1.28
1.28
1.28
1.28
1.28
1.28
1.28
1.28
1.28
1.28
1.28
1.28
1.28
1.28
1.28
1.28
1.28
1.28
1.28
1.28
1.28
1.28
1.28
1.28
1.28
1.28
1.28
1.28
1.28
1.28
1.28
1.28
1.28
1.28
1.28
1.28
1.28
1.28
1.28
1.28
1.28
1.28
1.28
1.28
1.28
1.28
1.28
1.28
1.28
1.28
1.28
1.28
1.28
1.28
1.28
1.28
1.28
1.28
1.28
1.28
1.28
1.28
1.28
1.28
1.28
1.28
1.28
1.28
1.28
1.28
1.28
1.28
1.28
1.28
1.28
1.28
1.28
1.28
1.28
1.28
1.28
1.28
1.28
1.28
1.28
1.28
1.28
1.28
1.28
1.28
1.28
1.28
1.28
1.28
1.28
1.28
1.28
1.28
1.28
1.28
1.28
1.28
1.28
1.28
1.28
1.28
1.28
1.28
1.28
1.28
1.28
1.28
1.28
1.28
1.28
1.28
1.28
1.28
1.28
1.28
1.28
1.28
1.28
1.28
1.28
1.28
1.28
1.28
1.28
1.28
1.28
1.28
1.28
1.28
1.28
1.28
1.28
1.28
1.28
1.28
1.28
1.28
1.28
1.28
1.28
1.28
1.28
1.28
1.28
1.28
1.28
1.28
1.28
1.28
1.28
1.28
1.28
1.28
1.28
1.28
1.28
1.28
1.28
1.28
1.28
1.28
1.28
1.28
1.28
1.28
1.28
1.28
1.28
1.28
1.28
1.28
1.28
1.28
1.28
1.28
1.28
1.28
1.28
1.28
1.28
1.28
1.28
1.28
1.28
1.28
1.28
1.28
1.28
1.28
1.28
1.28
1.28
1.28
1.28
1.28
1.28
1.28
1.28
1.28
1.28
1.28
1.28
1.28
1.28
1.28
1.28
1.28
1.28
1.28
1.28
1.28
1.28
1.28
1.28
1.28
1.28
1.28
1.28
1.28
1.28
1.28
1.28
1.28
1.28
1.28
1.28001
1.28
1.28
1.28
1.28
1.28
1.28
1.28
1.28
1.28
1.28
1.28
1.28
1.28
1.28
1.28
1.28
1.28
1.28
1.28
1.28
1.28
1.28
1.28
1.28
1.28
1.28
1.28
1.28
1.28
1.28
1.28
1.28
1.28
1.28
1.28
1.28
1.28
1.28
1.28
1.28
1.28
1.28
1.28
1.28
1.28
1.28
1.28
1.28
1.28
1.28
1.28
1.28
1.28
1.28
1.28
1.28
1.28
1.28
1.28
1.28
1.28
1.28
1.28
1.28
1.28
1.28
1.28
1.28
1.28
1.28
1.28
1.28
1.28
1.28
1.28
1.28
1.28
1.28
1.28
1.28
1.28
1.28
1.28
1.28
1.28
1.28
1.28
1.28
1.28
1.28
1.28
1.28
1.28
1.28
1.28
1.28
1.28
1.28
1.28
1.28001
1.28
1.28
1.28
1.28
1.28
1.28
1.28
1.28
1.28
1.28
1.28
1.28
1.28
1.28
1.28
1.28
1.28
1.28
1.28
1.28
1.28
1.28
1.28
1.28
1.28
1.28
1.28
1.28
1.28
1.28
1.28
1.28
1.28
1.28
1.28
1.28
1.28
1.28
1.28
1.28
1.28
1.28
1.28
1.28
1.28
1.28
1.28
1.28
1.28
1.28
1.28
1.28
1.28
1.28
1.28
1.28
1.28
1.28
1.28
1.28
1.28
1.28
1.28
1.28
1.28
1.28
1.28
1.28
1.28
1.28
1.28
1.28
1.28
1.28
1.28
1.28
1.28
1.28
1.28
1.28
1.28
1.28
1.28
1.28
1.28
1.28
1.28
1.28
1.28
1.28
1.28
1.28
1.28
1.28
1.28
1.28
1.28
1.28
1.28
1.28001
1.28
1.28
1.28
1.28
1.28
1.28
1.28
1.28
1.28
1.28
1.28
1.28
1.28
1.28
1.28
1.28
1.28
1.28
1.28
1.28
1.28
1.28
1.28
1.28
1.28
1.28
1.28
1.28
1.28
1.28
1.28
1.28
1.28
1.28
1.28
1.28
1.28
1.28
1.28
1.28
1.28
1.28
1.28
1.28
1.28
1.28
1.28
1.28
1.28
1.28
1.28
1.28
1.28
1.28
1.28
1.28
1.28
1.28
1.28
1.28
1.28
1.28
1.28
1.28
1.28
1.28
1.28
1.28
1.28
1.28
1.28
1.28
1.28
1.28
1.28
1.28
1.28
1.28
1.28
1.28
1.28
1.28
1.28
1.28
1.28
1.28
1.28
1.28
1.28
1.28
1.28
1.28
1.28
1.28
1.28
1.28
1.28
1.28
1.28
1.28001
1.28
1.28
1.28
1.28
1.28
1.28
1.28
1.28
1.28
1.28
1.28
1.28
1.28
1.28
1.28
1.28
1.28
1.28
1.28
1.28
1.28
1.28
1.28
1.28
1.28
1.28
1.28
1.28
1.28
1.28
1.28
1.28
1.28
1.28
1.28
1.28
1.28
1.28
1.28
1.28
1.28
1.28
1.28
1.28
1.28
1.28
1.28
1.28
1.28
1.28
1.28
1.28
1.28
1.28
1.28
1.28
1.28
1.28
1.28
1.28
1.28
1.28
1.28
1.28
1.28
1.28
1.28
1.28
1.28
1.28
1.28
1.28
1.28
1.28
1.28
1.28
1.28
1.28
1.28
1.28
1.28
1.28
1.28
1.28
1.28
1.28
1.28
1.28
1.28
1.28
1.28
1.28
1.28
1.28
1.28
1.28
1.28
1.28
1.28
1.28001
1.28
1.28
1.28
1.28
1.28
1.28
1.28
1.28
1.28
1.28
1.28
1.28
1.28
1.28
1.28
1.28
1.28
1.28
1.28
1.28
1.28
1.28
1.28
1.28
1.28
1.28
1.28
1.28
1.28
1.28
1.28
1.28
1.28
1.28
1.28
1.28
1.28
1.28
1.28
1.28
1.28
1.28
1.28
1.28
1.28
1.28
1.28
1.28
1.28
1.28
1.28
1.28
1.28
1.28
1.28
1.28
1.28
1.28
1.28
1.28
1.28
1.28
1.28
1.28
1.28
1.28
1.28
1.28
1.28
1.28
1.28
1.28
1.28
1.28
1.28
1.28
1.28
1.28
1.28
1.28
1.28
1.28
1.28
1.28
1.28
1.28
1.28
1.28
1.28
1.28
1.28
1.28
1.28
1.28
1.28
1.28
1.28
1.28
1.28
1.28001
1.28
1.28
1.28
1.28
1.28
1.28
1.28
1.28
1.28
1.28
1.28
1.28
1.28
1.28
1.28
1.28
1.28
1.28
1.28
1.28
1.28
1.28
1.28
1.28
1.28
1.28
1.28
1.28
1.28
1.28
1.28
1.28
1.28
1.28
1.28
1.28
1.28
1.28
1.28
1.28
1.28
1.28
1.28
1.28
1.28
1.28
1.28
1.28
1.28
1.28
1.28
1.28
1.28
1.28
1.28
1.28
1.28
1.28
1.28
1.28
1.28
1.28
1.28
1.28
1.28
1.28
1.28
1.28
1.28
1.28
1.28
1.28
1.28
1.28
1.28
1.28
1.28
1.28
1.28
1.28
1.28
1.28
1.28
1.28
1.28
1.28
1.28
1.28
1.28
1.28
1.28
1.28
1.28
1.28
1.28
1.28
1.28
1.28
1.28
1.28
1.28
1.28
1.28
1.28
1.28
1.28
1.28
1.28
1.28
1.28
1.28
1.28
1.28
1.28
1.28
1.28
1.28
1.28
1.28
1.28
1.28
1.28
1.28
1.28
1.28
1.28
1.28
1.28
1.28
1.28
1.28
1.28
1.28
1.28
1.28
1.28
1.28
1.28
1.28
1.28
1.28
1.28
1.28
1.28
1.28
1.28
1.28
1.28
1.28
1.28
1.28
1.28
1.28
1.28
1.28
1.28
1.28
1.28
1.28
1.28
1.28
1.28
1.28
1.28
1.28
1.28
1.28
1.28
1.28
1.28
1.28
1.28
1.28
1.28
1.28
1.28
1.28
1.28
1.28
1.28
1.28
1.28
1.28
1.28
1.28
1.28
1.28
1.28
1.28
1.28
1.28
1.28
1.28
1.28
1.28
1.28
1.28
1.28
1.28
1.28
1.28
1.28
1.28
1.28
1.28
1.28
1.28
1.28
1.28
1.28
1.28
1.28
1.28
1.28
1.28
1.28
1.28
1.28
1.28
1.28
1.28
1.28
1.28
1.28
1.28
1.28
1.28
1.28
1.28
1.28
1.28
1.28
1.28
1.28
1.28
1.28
1.28
1.28
1.28
1.28
1.28
1.28
1.28
1.28
1.28
1.28
1.28
1.28
1.28
1.28
1.28
1.28
1.28
1.28
1.28
1.28
1.28
1.28
1.28
1.28
1.28
1.28
1.28
1.28
1.28
1.28
1.28
1.28
1.28
1.28
1.28
1.28
1.28
1.28
1.28
1.28
1.28
1.28
1.28
1.28
1.28
1.28
1.28
1.28
1.28
1.28
1.28
1.28
1.28
1.28
1.28
1.28
1.28
1.28
1.28
1.28
1.28
1.28
1.28
1.28
1.28
1.28
1.28
1.28
1.28
1.28
1.28
1.28
1.28
1.28
1.28
1.28
1.28
1.28
1.28
1.28
1.28
1.28
1.28
1.28
1.28
1.28
1.28
1.28
1.28
1.28
1.28
1.28
1.28
1.28
1.28
1.28
1.28
1.28
1.28
1.28
1.28
1.28
1.28
1.28
1.28
1.28
1.28
1.28
1.28
1.28
1.28
1.28
1.28
1.28
1.28
1.28
1.28
1.28
1.28
1.28
1.28
1.28
1.28
1.28
1.28
1.28
1.28
1.28
1.28
1.28
1.28
1.28
1.28
1.28
1.28
1.28
1.28
1.28
1.28
1.28
1.28
1.28
1.28
1.28
1.28
1.28
1.28
1.28
1.28
1.28
1.28
1.28
1.28
1.28
1.28
1.28
1.28
1.28
1.28
1.28
1.28
1.28
1.28
1.28
1.28
1.28
1.28
1.28
1.28
1.28
1.28
1.28
1.28
1.28
1.28
1.28
1.28
1.28
1.28
1.28
1.28
1.28
1.28
1.28
1.28
1.28
1.28
1.28
1.28
1.28
1.28
1.28
1.28
1.28
1.28
1.28
1.28
1.28
1.28
1.28
1.28
1.28
1.28
1.28
1.28
1.28
1.28
1.28
1.28
1.28
1.28
1.28
1.28
1.28
1.28
1.28
1.28
1.28
1.28
1.28
1.28
1.28
1.28
1.28
1.28
1.28
1.28
1.28
1.28
1.28
1.28
1.28
1.28
1.28
1.28
1.28
1.28
1.28
1.28
1.28
1.28
1.28
1.28
1.28
1.28
1.28
1.28
1.28
1.28
1.28
1.28
1.28
1.28
1.28
1.28
1.28
1.28
1.28
1.28
1.28
1.28
1.28
1.28
1.28
1.28
1.28
1.28
1.28
1.28
1.28
1.28
1.28
1.28
1.28
1.28
1.28
1.28
1.28
1.28
1.28
1.28
1.28
1.28
1.28
1.28
1.28
1.28
1.28
1.28
1.28
1.28
1.28
1.28
1.28
1.28
1.28
1.28
1.28
1.28
1.28
1.28
1.28
1.28
1.28
1.28
1.28
1.28
1.28
1.28
1.28
1.28
1.28
1.28
1.28
1.28
1.28
1.28
1.28
1.28
1.28
1.28
1.28
1.28
1.28
1.28
1.28
1.28
1.28
1.28
1.28
1.28
1.28
1.28
1.28
1.28
1.28
1.28
1.28
1.28
1.28
1.28
1.28
1.28
1.28
1.28
1.28
1.28
1.28
1.28
1.28
1.28
1.28
1.28
1.28
1.28
1.28
1.28
1.28
1.28
1.28
1.28
1.28
1.28
1.28
1.28
1.28
1.28
1.28
1.28
1.28
1.28
1.28
1.28
1.28
1.28
1.28
1.28
1.28
1.28
1.28
1.28
1.28
1.28
1.28
1.28
1.28
1.28
1.28
1.28
1.28
1.28
1.28
1.28
1.28
1.28
1.28
1.28
1.28
1.28
1.28
1.28
1.28
1.28
1.28
1.28
1.28
1.28
1.28
1.28
1.28
1.28
1.28
1.28
1.28
1.28
1.28
1.28
1.28
1.28
1.28
1.28
1.28
1.28
1.28
1.28
1.28
1.28
1.28
1.28
1.28
1.28
1.28
1.28
1.28
1.28
1.28
1.28
1.28
1.28
1.28
1.28
1.28
1.28
1.28
1.28
1.28
1.28
1.28
1.28
1.28
1.28
1.28
1.28
1.28
1.28
1.28
1.28
1.28
1.28
1.28
1.28
1.28
1.28
1.28
1.28
1.28
1.28
1.28
1.28
1.28
1.28
1.28
1.28
1.28
1.28
1.28
1.28
1.28
1.28
1.28
1.28
1.28
1.28
1.28
1.28
1.28
1.28
1.28
1.28
1.28
1.28
1.28
1.28
1.28
1.28
1.28
1.28
1.28
1.28
1.28
1.28
1.28
1.28
1.28
1.28
1.28
1.28
1.28
1.28
1.28
1.28
1.28
1.28
1.28
1.28
1.28
1.28
1.28
1.28
1.28
1.28
1.28
1.28
1.28
1.28
1.28
1.28
1.28
1.28
1.28
1.28
1.28
1.28
1.28
1.28
1.28
1.28
1.28
1.28
1.28
1.28
1.28
1.28
1.28
1.28
1.28
1.28
1.28
1.28
1.28
1.28
1.28
1.28
1.28
1.28
1.28
1.28
1.28
1.28
1.28
1.28
1.28
1.28
1.28
1.28
1.28
1.28
1.28
1.28
1.28
1.28
1.28
1.28
1.28
1.28
1.28
1.28
1.28
1.28
1.28
1.28
1.28
1.28
1.28
1.28
1.28
1.28
1.28
1.28
1.28
1.28
1.28
1.28
1.28
1.28
1.28
1.28
1.28
1.28
1.28
1.28
1.28
1.28
1.28
1.28
1.28
1.28
1.28
1.28
1.28
1.28
1.28
1.28
1.28
1.28
1.28
1.28
1.28
1.28
1.28
1.28
1.28
1.28
1.28
1.28
1.28
1.28
1.28
1.28
1.28
1.28
1.28
1.28
1.28
1.28
1.28
1.28
1.28
1.28
1.28
1.28
1.28
1.28
1.28
1.28
1.28
1.28
1.28
1.28
1.28
1.28
1.28
1.28
1.28
1.28
1.28
1.28
1.28
1.28
1.28
1.28
1.28
1.28
1.28
1.28
1.28
1.28
1.28
1.28
1.28
1.28
1.28
1.28
1.28
1.28
1.28
1.28
1.28
1.28
1.28
1.28
1.28
1.28
1.28
1.28
1.28
1.28
1.28
1.28
1.28
1.28
1.28
1.28
1.28
1.28
1.28
1.28
1.28
1.28
1.28
1.28
1.28
1.28
1.28
1.28
1.28
1.28
1.28
1.28
1.28
1.28
1.28
1.28
1.28
1.28
1.28
1.28
1.28
1.28
1.28
1.28
1.28
1.28
1.28
1.28
1.28
1.28
1.28
1.28
1.28
1.28
1.28
1.28
1.28
1.28
1.28
1.28
1.28
1.28
1.28
1.28
1.28
1.28
1.28
1.28
1.28
1.28
1.28
1.28
1.28
1.28
1.28
1.28
1.28
1.28
1.28
1.28
1.28
1.28
1.28
1.28
1.28
1.28
1.28
1.28
1.28
1.28
1.28
1.28
1.28
1.28
1.28
1.28
1.28
1.28
1.28
1.28
1.28
1.28
1.28
1.28
1.28
1.28
1.28
1.28
1.28
1.28
1.28
1.28
1.28
1.28
1.28
1.28
1.28
1.28
1.28
1.28
1.28
1.28
1.28
1.28
1.28
1.28
1.28
1.28
1.28
1.28
1.28
1.28
1.28
1.28
1.28
1.28
1.28
1.28
1.28
1.28
1.28
1.28
1.28
1.28
1.28
1.28
1.28
1.28
1.28
1.28
1.28
1.28
1.28
1.28
1.28
1.28
1.28
1.28
1.28
1.28
1.28
1.28
1.28
1.28
1.28
1.28
1.28
1.28
1.28
1.28
1.28
1.28
1.28
1.28
1.28
1.28
1.28
1.28
1.28
1.28
1.28
1.28
1.28
1.28
1.28
1.28
1.28
1.28
1.28
1.28
1.28
1.28
1.28
1.28
1.28
1.28
1.28
1.28
1.28
1.28
1.28
1.28
1.28
1.28
1.28
1.28
1.28
1.28
1.28
1.28
1.28
1.28
1.28
1.28
1.28
1.28
1.28
1.28
1.28
1.28
1.28
1.28
1.28
1.28
1.28
1.28
1.28
1.28
1.28
1.28
1.28
1.28
1.28
1.28
1.28
1.28
1.28
1.28
1.28
1.28
1.28
1.28
1.28
1.28
1.28
1.28
1.28
1.28
1.28
1.28
1.28
1.28
1.28
1.28
1.28
1.28
1.28
1.28
1.28
1.28
1.28
1.28
1.28
1.28
1.28
1.28
1.28
1.28
1.28
1.28
1.28
1.28
1.28
1.28
1.28
1.28
1.28
1.28
1.28
1.28
1.28
1.28
1.28
1.28
1.28
1.28
1.28
1.28
1.28
1.28
1.28
1.28
1.28
1.28
1.28
1.28
1.28
1.28
1.28
1.28
1.28
1.28
1.28
1.28
1.28
1.28
1.28
1.28
1.28
1.28
1.28
1.28
1.28
1.28
1.28
1.28
1.28
1.28
1.28
1.28
1.28
1.28
1.28
1.28
1.28
1.28
1.28
1.28
1.28
1.28
1.28
1.28
1.28
1.28
1.28
1.28
1.28
1.28
1.28
1.28
1.28
1.28
1.28
1.28
1.28
1.28
1.28
1.28
1.28
1.28
1.28
1.28
1.28
1.28
1.28
1.28
1.28
1.28
1.28
1.28
1.28
1.28
1.28
1.28
1.28
1.28
1.28
1.28
1.28
1.28
1.28
1.28
1.28
1.28
1.28
1.28
1.28
1.28
1.28
1.28
1.28
1.28
1.28
1.28
1.28
1.28
1.28
1.28
1.28
1.28
1.28
1.28
1.28
1.28
1.28
1.28
1.28
1.28
1.28
1.28
1.28
1.28
1.28
1.28
1.28
1.28
1.28
1.28
1.28
1.28
1.28
1.28
1.28
1.28
1.28
1.28
1.28
1.28
1.28
1.28
1.28
1.28
1.28
1.28
1.28
1.28
1.28
1.28
1.28
1.28
1.28
1.28
1.28
1.28
1.28
1.28
1.28
1.28
1.28
1.28
1.28
1.28
1.28
1.28
1.28
1.28
1.28
1.28
1.28
1.28
1.28
1.28
1.28
1.28
1.28
1.28
1.28
1.28
1.28
1.28
1.28
1.28
1.28
1.28
1.28
1.28
1.28
1.28
1.28
1.28
1.28
1.28
1.28
1.28
1.28
1.28
1.28
1.28
1.28
1.28
1.28
1.28
1.28
1.28
1.28
1.28
1.28
1.28
1.28
1.28
1.28
1.28
1.28
1.28
1.28
1.28
1.28
1.28
1.28
1.28
1.28
1.28
1.28
1.28
1.28
1.28
1.28
1.28
1.28
1.28
1.28
1.28
1.28
1.28
1.28
1.28
1.28
1.28
1.28
1.28
1.28
1.28
1.28
1.28
1.28
1.28
1.28
1.28
1.28
1.28
1.28
1.28
1.28
1.28
1.28
1.28
1.28
1.28
1.28
1.28
1.28
1.28
1.28
1.28
1.28
1.28
1.28
1.28
1.28
1.28
1.28
1.28
1.28
1.28
1.28
1.28
1.28
1.28
1.28
1.28
1.28
1.28
1.28
1.28
1.28
1.28
1.28
1.28
1.28
1.28
1.28
1.28
1.28
1.28
1.28
1.28
1.28
1.28
1.28
1.28
1.28
1.28
1.28
1.28
1.28
1.28
1.28
1.28
1.28
1.28
1.28
1.28
1.28
1.28
1.28
1.28
1.28
1.28
1.28
1.28
1.28
1.28
1.28
1.28
1.28
1.28
1.28
1.28
1.28
1.28
1.28
1.28
1.28
1.28
1.28
1.28
1.28
1.28
1.28
1.28
1.28
1.28
1.28
1.28
1.28
1.28
1.28
1.28
1.28
1.28
1.28
1.28
1.28
1.28
1.28
1.28
1.28
1.28
1.28
1.28
1.28
1.28
1.28
1.28
1.28
1.28
1.28
1.28
1.28
1.28
1.28
1.28
1.28
1.28
1.28
1.28
1.28
1.28
1.28
1.28
1.28
1.28
1.28
1.28
1.28
1.28
1.28
1.28
1.28
1.28
1.28
1.28
1.28
1.28
1.28
1.28
1.28
1.28
1.28
1.28
1.28
1.28
1.28
1.28
1.28
1.28
1.28
1.28
1.28
1.28
1.28
1.28
1.28
1.28
1.28
1.28
1.28
1.28
1.28
1.28
1.28
1.28
1.28
1.28
1.28
1.28
1.28
1.28
1.28
1.28
1.28
1.28
1.28
1.28
1.28
1.28
1.28
1.28
1.28
1.28
1.28
1.28
1.28
1.28
1.28
1.28
1.28
1.28
1.28
1.28
1.28
1.28
1.28
1.28
1.28
1.28
1.28
1.28
1.28
1.28
1.28
1.28
1.28
1.28
1.28
1.28
1.28
1.28
1.28
1.28
1.28
1.28
1.28
1.28
1.28
1.28
1.28
1.28
1.28
1.28
1.28
1.28
1.28
1.28
1.28
1.28
1.28
1.28
1.28
1.28
1.28
1.28
1.28
1.28
1.28
1.28
1.28
1.28
1.28
1.28
1.28
1.28
1.28
1.28
1.28
1.28
1.28001
1.28001
1.28001
1.28001
1.28001
1.28001
1.28001
1.28001
1.28001
1.28001
1.28
1.28
1.28
1.28
1.28
1.28
1.28
1.28
1.28
1.28
1.28
1.28
1.28
1.28
1.28
1.28
1.28
1.28
1.28
1.28
1.28
1.28
1.28
1.28
1.28
1.28
1.28
1.28
1.28
1.28
1.28
1.28
1.28
1.28
1.28
1.28
1.28
1.28
1.28
1.28
1.28
1.28
1.28
1.28
1.28
1.28
1.28
1.28
1.28
1.28
1.28
1.28
1.28
1.28
1.28
1.28
1.28
1.28
1.28
1.28
1.28
1.28
1.28
1.28
1.28
1.28
1.28
1.28
1.28
1.28
1.28
1.28
1.28
1.28
1.28
1.28
1.28
1.28
1.28
1.28
1.28
1.28
1.28
1.28
1.28
1.28
1.28
1.28
1.28
1.28
1.28001
1.28001
1.28001
1.28001
1.28001
1.28001
1.28001
1.28001
1.28001
1.28001
1.28
1.28
1.28
1.28
1.28
1.28
1.28
1.28
1.28
1.28
1.28
1.28
1.28
1.28
1.28
1.28
1.28
1.28
1.28
1.28
1.28
1.28
1.28
1.28
1.28
1.28
1.28
1.28
1.28
1.28
1.28
1.28
1.28
1.28
1.28
1.28
1.28
1.28
1.28
1.28
1.28
1.28
1.28
1.28
1.28
1.28
1.28
1.28
1.28
1.28
1.28
1.28
1.28
1.28
1.28
1.28
1.28
1.28
1.28
1.28
1.28
1.28
1.28
1.28
1.28
1.28
1.28
1.28
1.28
1.28
1.28
1.28
1.28
1.28
1.28
1.28
1.28
1.28
1.28
1.28
1.28
1.28
1.28
1.28
1.28
1.28
1.28
1.28
1.28
1.28
1.28
1.28
1.28
1.28
1.28
1.28
1.28
1.28
1.28
1.28
1.28
1.28
1.28
1.28
1.28
1.28
1.28
1.28
1.28
1.28
1.28
1.28
1.28
1.28
1.28
1.28
1.28
1.28
1.28
1.28
1.28
1.28
1.28
1.28
1.28
1.28
1.28
1.28
1.28
1.28
1.28
1.28
1.28
1.28
1.28
1.28
1.28
1.28
1.28
1.28
1.28
1.28
1.28
1.28
1.28
1.28
1.28
1.28
1.28
1.28
1.28
1.28
1.28
1.28
1.28
1.28
1.28
1.28
1.28
1.28
1.28
1.28
1.28
1.28
1.28
1.28
1.28
1.28
1.28
1.28
1.28
1.28
1.28
1.28
1.28
1.28
1.28
1.28
1.28
1.28
1.28
1.28
1.28
1.28
1.28
1.28
1.28
1.28
1.28
1.28
1.28
1.28
1.28
1.28
1.28
1.28
1.28
1.28
1.28
1.28
1.28
1.28
1.28
1.28
1.28
1.28
1.28
1.28
1.28
1.28
1.28
1.28
1.28
1.28
1.28
1.28
1.28
1.28
1.28
1.28
1.28
1.28
1.28
1.28
1.28
1.28
1.28
1.28
1.28
1.28
1.28
1.28
1.28
1.28
1.28
1.28
1.28
1.28
1.28
1.28
1.28
1.28
1.28
1.28
1.28
1.28
1.28
1.28
1.28
1.28
1.28
1.28
1.28
1.28
1.28
1.28
1.28
1.28
1.28
1.28
1.28
1.28
1.28
1.28
1.28
1.28
1.28
1.28
1.28
1.28
1.28
1.28
1.28
1.28
1.28
1.28
1.28
1.28
1.28
1.28
1.28
1.28
1.28
1.28
1.28
1.28
1.28
1.28
1.28
1.28
1.28
1.28
1.28
1.28
1.28
1.28
1.28
1.28
1.28
1.28
1.28
1.28
1.28
1.28
1.28
1.28
1.28
1.28
1.28
1.28
1.28
1.28
1.28
1.28
1.28
1.28
1.28
1.28
1.28
1.28
1.28
1.28
1.28
1.28
1.28
1.28
1.28
1.28
1.28
1.28
1.28
1.28
1.28
1.28
1.28
1.28
1.28
1.28
1.28
1.28
1.28
1.28
1.28
1.28
1.28
1.28
1.28
1.28
1.28
1.28
1.28
1.28
1.28
1.28
1.28
1.28
1.28
1.28
1.28
1.28
1.28
1.28
1.28
1.28
1.28
1.28
1.28
1.28
1.28
1.28
1.28
1.28
1.28
1.28
1.28
1.28
1.28
1.28
1.28
1.28
1.28
1.28
1.28
1.28
1.28
1.28
1.28
1.28
1.28
1.28
1.28
1.28
1.28
1.28
1.28
1.28
1.28
1.28
1.28
1.28
1.28
1.28
1.28
1.28
1.28
1.28
1.28
1.28
1.28
1.28
1.28
1.28
1.28
1.28
1.28
1.28
1.28
1.28
1.28
1.28
1.28
1.28
1.28
1.28
1.28
1.28
1.28
1.28
1.28
1.28
1.28
1.28
1.28
1.28
1.28
1.28
1.28
1.28
1.28
1.28
1.28
1.28
1.28
1.28
1.28
1.28
1.28
1.28
1.28
1.28
1.28
1.28
1.28
1.28
1.28
1.28
1.28
1.28
1.28
1.28
1.28
1.28
1.28
1.28
1.28
1.28
1.28
1.28
1.28
1.28
1.28
1.28
1.28
1.28
1.28
1.28
1.28
1.28
1.28
1.28
1.28
1.28
1.28
1.28
1.28
1.28
1.28
1.28
1.28
1.28
1.28
1.28
1.28
1.28
1.28
1.28
1.28
1.28
1.28
1.28
1.28
1.28
1.28
1.28
1.28
1.28
1.28
1.28
1.28
1.28
1.28
1.28
1.28
1.28
1.28
1.28
1.28
1.28
1.28
1.28
1.28
1.28
1.28
1.28
1.28
1.28
1.28
1.28
1.28
1.28
1.28
1.28
1.28
1.28
1.28
1.28
1.28
1.28
1.28
1.28
1.28
1.28
1.28
1.28
1.28
1.28
1.28
1.28
1.28
1.28
1.28
1.28
1.28
1.28
1.28
1.28
1.28
1.28
1.28
1.28
1.28
1.28
1.28
1.28
1.28
1.28
1.28
1.28
1.28
1.28
1.28
1.28
1.28
1.28
1.28
1.28
1.28
1.28
1.28
1.28
1.28
1.28
1.28
1.28
1.28
1.28
1.28
1.28
1.28
1.28
1.28
1.28
1.28
1.28
1.28
1.28
1.28
1.28
1.28
1.28
1.28
1.28
1.28
1.28
1.28
1.28
1.28
1.28
1.28
1.28
1.28
1.28
1.28
1.28
1.28
1.28
1.28
1.28
1.28
1.28
1.28
1.28
1.28
1.28
1.28
1.28
1.28
1.28
1.28
1.28
1.28
1.28
1.28
1.28
1.28
1.28
1.28
1.28
1.28
1.28
1.28
1.28
1.28
1.28
1.28
1.28
1.28
1.28
1.28
1.28
1.28
1.28
1.28
1.28
1.28
1.28
1.28
1.28
1.28
1.28
1.28
1.28
1.28
1.28
1.28
1.28
1.28
1.28
1.28
1.28
1.28
1.28
1.28
1.28
1.28
1.28
1.28
1.28
1.28
1.28
1.28
1.28
1.28
1.28
1.28
1.28
1.28
1.28
1.28
1.28
1.28
1.28
1.28
1.28
1.28
1.28
1.28
1.28
1.28
1.28
1.28
1.28
1.28
1.28
1.28
1.28
1.28
1.28
1.28
1.28
1.28
1.28
1.28
1.28
1.28
1.28
1.28
1.28
1.28
1.28
1.28
1.28
1.28
1.28
1.28
1.28
1.28
1.28
1.28
1.28
1.28
1.28
1.28
1.28
1.28
1.28
1.28
1.28
1.28
1.28
1.28
1.28
1.28
1.28
1.28
1.28
1.28
1.28
1.28
1.28
1.28
1.28
1.28
1.28
1.28
1.28
1.28
1.28
1.28
1.28
1.28
1.28
1.28
1.28
1.28
1.28
1.28
1.28
1.28
1.28
1.28
1.28
1.28
1.28
1.28
1.28
1.28
1.28
1.28
1.28
1.28
1.28
1.28
1.28
1.28
1.28
1.28
1.28
1.28
1.28
1.28
1.28
1.28
1.28
1.28
1.28
1.28
1.28
1.28
1.28
1.28
1.28
1.28
1.28
1.28
1.28
1.28
1.28
1.28
1.28
1.28
1.28
1.28
1.28
1.28
1.28
1.28
1.28
1.28
1.28
1.28
1.28
1.28
1.28
1.28
1.28
1.28
1.28
1.28
1.28
1.28
1.28
1.28
1.28
1.28
1.28
1.28
1.28
1.28
1.28
1.28
1.28
1.28
1.28
1.28
1.28
1.28
1.28
1.28
1.28
1.28
1.28
1.28
1.28
1.28
1.28
1.28
1.28
1.28
1.28
1.28
1.28
1.28
1.28
1.28
1.28
1.28
1.28
1.28
1.28
1.28
1.28
1.28
1.28
1.28
1.28
1.28
1.28
1.28
1.28
1.28
1.28
1.28
1.28
1.28
1.28
1.28
1.28
1.28
1.28
1.28
1.28
1.28
1.28
1.28
1.28
1.28
1.28
1.28
1.28
1.28
1.28
1.28
1.28
1.28
1.28
1.28
1.28
1.28
1.28
1.28
1.28
1.28
1.28
1.28
1.28
1.28
1.28
1.28
1.28
1.28
1.28
1.28
1.28
1.28
1.28
1.28
1.28
1.28
1.28
1.28
1.28
1.28
1.28
1.28
1.28
1.28
1.28
1.28
1.28
1.28
1.28
1.28
1.28
1.28
1.28
1.28
1.28
1.28
1.28
1.28
1.28
1.28
1.28
1.28
1.28
1.28
1.28
1.28
1.28
1.28
1.28
1.28
1.28
1.28
1.28
1.28
1.28
1.28
1.28
1.28
1.28
1.28
1.28
1.28
1.28
1.28
1.28
1.28
1.28
1.28
1.28
1.28
1.28
1.28
1.28
1.28
1.28
1.28
1.28
1.28
1.28
1.28
1.28
1.28
1.28
1.28
1.28
1.28
1.28
1.28
1.28
1.28
1.28
1.28
1.28
1.28
1.28
1.28
1.28
1.28
1.28
1.28
1.28
1.28
1.28
1.28
1.28
1.28
1.28
1.28
1.28
1.28
1.28
1.28
1.28
1.28
1.28
1.28
1.28
1.28
1.28
1.28
1.28
1.28
1.28
1.28
1.28
1.28
1.28
1.28
1.28
1.28
1.28
1.28
1.28
1.28
1.28
1.28
1.28
1.28
1.28
1.28
1.28
1.28
1.28
1.28
1.28
1.28
1.28
1.28
1.28
1.28
1.28
1.28
1.28
1.28
1.28
1.28
1.28
1.28
1.28
1.28
1.28
1.28
1.28
1.28
1.28
1.28
1.28
1.28
1.28
1.28
1.28
1.28
1.28
1.28
1.28
1.28
1.28
1.28
1.28
1.28
1.28
1.28
1.28
1.28
1.28
1.28
1.28
1.28
1.28
1.28
1.28
1.28
1.28
1.28
1.28
1.28
1.28
1.28
1.28
1.28
1.28
1.28
1.28
1.28
1.28
1.28
1.28
1.28
1.28
1.28
1.28
1.28
1.28
1.28
1.28
1.28
1.28
1.28
1.28
1.28
1.28
1.28
1.28
1.28
1.28
1.28
1.28
1.28
1.28
1.28
1.28
1.28
1.28
1.28
1.28
1.28
1.28
1.28
1.28
1.28
1.28
1.28
1.28
1.28
1.28
1.28
1.28
1.28
1.28
1.28
1.28
1.28
1.28
1.28
1.28
1.28
1.28
1.28
1.28
1.28
1.28
1.28
1.28
1.28
1.28
1.28
1.28
1.28
1.28
1.28
1.28
1.28
1.28
1.28
1.28
1.28
1.28
1.28
1.28
1.28
1.28
1.28
1.28
1.28
1.28
1.28
1.28
1.28
1.28
1.28
1.28
1.28
1.28
1.28
1.28
1.28
1.28
1.28
1.28
1.28
1.28
1.28
1.28
1.28
1.28
1.28
1.28
1.28
1.28
1.28
1.28
1.28
1.28
1.28
1.28
1.28
1.28
1.28
1.28
1.28
1.28
1.28
1.28
1.28
1.28
1.28
1.28
1.28
1.28
1.28
1.28
1.28
1.28
1.28
1.28
1.28
1.28
1.28
1.28
1.28
1.28
1.28
1.28
1.28
1.28
1.28
1.28
1.28
1.28
1.28
1.28
1.28
1.28
1.28
1.28
1.28
1.28
1.28
1.28
1.28
1.28
1.28
1.28
1.28
1.28
1.28
1.28
1.28
1.28
1.28
1.28
1.28
1.28
1.28
1.28
1.28
1.28
1.28
1.28
1.28
1.28
1.28
1.28
1.28
1.28
1.28
1.28
1.28
1.28
1.28
1.28
1.28
1.28
1.28
1.28
1.28
1.28
1.28
1.28
1.28
1.28
1.28
1.28
1.28
1.28
1.28
1.28
1.28
1.28
1.28
1.28
1.28
1.28
1.28
1.28
1.28
1.28
1.28
1.28
1.28
1.28
1.28
1.28
1.28
1.28
1.28
1.28
1.28
1.28
1.28
1.28
1.28
1.28
1.28
1.28
1.28
1.28
1.28
1.28
1.28
1.28
1.28
1.28
1.28
1.28
1.28
1.28
1.28
1.28
1.28
1.28
1.28
1.28
1.28
1.28
1.28
1.28
1.28
1.28
1.28
1.28
1.28
1.28
1.28
1.28
1.28
1.28
1.28
1.28
1.28
1.28
1.28
1.28
1.28
1.28
1.28
1.28
1.28
1.28
1.28
1.28
1.28
1.28
1.28
1.28
1.28
1.28
1.28
1.28
1.28
1.28
1.28
1.28
1.28
1.28
1.28
1.28
1.28
1.28
1.28
1.28
1.28
1.28
1.28
1.28
1.28
1.28
1.28
1.28
1.28
1.28
1.28
1.28
1.28
1.28
1.28
1.28
1.28
1.28
1.28
1.28
1.28
1.28
1.28
1.28
1.28
1.28
1.28
1.28
1.28
1.28
1.28
1.28
1.28
1.28
1.28
1.28
1.28
1.28
1.28
1.28
1.28
1.28
1.28
1.28
1.28
1.28
1.28
1.28
1.28
1.28
1.28
1.28
1.28
1.28
1.28
1.28
1.28
1.28
1.28
1.28
1.28
1.28
1.28
1.28
1.28
1.28
1.28
1.28
1.28
1.28
1.28
1.28
1.28
1.28
1.28
1.28
1.28
1.28
1.28
1.28
1.28
1.28
1.28
1.28
1.28
1.28
1.28
1.28
1.28
1.28
1.28
1.28
1.28
1.28
1.28
1.28
1.28
1.28
1.28
1.28
1.28
1.28
1.28
1.28
1.28
1.28
1.28
1.28
1.28
1.28
1.28
1.28
1.28
1.28
1.28
1.28
1.28
1.28
1.28
1.28
1.28
1.28
1.28
1.28
1.28
1.28
1.28
1.28
1.28
1.28
1.28
1.28
1.28
1.28
1.28
1.28
1.28
1.28
1.28
1.28
1.28
1.28
1.28
1.28
1.28
1.28
1.28
1.28
1.28
1.28
1.28
1.28
1.28
1.28
1.28
1.28
1.28
1.28
1.28
1.28
1.28
1.28
1.28
1.28
1.28
1.28
1.28
1.28
1.28
1.28
1.28
1.28
1.28
1.28
1.28
1.28
1.28
1.28
1.28
1.28
1.28
1.28
1.28
1.28
1.28
1.28
1.28
1.28
1.28
1.28
1.28
1.28
1.28
1.28
1.28
1.28
1.28
1.28
1.28
1.28
1.28
1.28
1.28
1.28
1.28
1.28
1.28
1.28
1.28
1.28
1.28
1.28
1.28
1.28
1.28
1.28
1.28
1.28
1.28
1.28
1.28
1.28
1.28
1.28
1.28
1.28
1.28
1.28
1.28
1.28
1.28
1.28
1.28
1.28
1.28
1.28
1.28
1.28
1.28
1.28
1.28
1.28
1.28
1.28
1.28
1.28
1.28
1.28
1.28
1.28
1.28
1.28
1.28
1.28
1.28
1.28
1.28
1.28
1.28
1.28
1.28
1.28
1.28
1.28
1.28
1.28
1.28
1.28
1.28
1.28
1.28
1.28
1.28
1.28
1.28
1.28
1.28
1.28
1.28
1.28
1.28
1.28
1.28
1.28
1.28
1.28001
1.28
1.28
1.28
1.28
1.28
1.28
1.28
1.28
1.28
1.28
1.28
1.28
1.28
1.28
1.28
1.28
1.28
1.28
1.28
1.28
1.28
1.28
1.28
1.28
1.28
1.28
1.28
1.28
1.28
1.28
1.28
1.28
1.28
1.28
1.28
1.28
1.28
1.28
1.28
1.28
1.28
1.28
1.28
1.28
1.28
1.28
1.28
1.28
1.28
1.28
1.28
1.28
1.28
1.28
1.28
1.28
1.28
1.28
1.28
1.28
1.28
1.28
1.28
1.28
1.28
1.28
1.28
1.28
1.28
1.28
1.28
1.28
1.28
1.28
1.28
1.28
1.28
1.28
1.28
1.28
1.28
1.28
1.28
1.28
1.28
1.28
1.28
1.28
1.28
1.28
1.28
1.28
1.28
1.28
1.28
1.28
1.28
1.28
1.28
1.28001
1.28
1.28
1.28
1.28
1.28
1.28
1.28
1.28
1.28
1.28
1.28
1.28
1.28
1.28
1.28
1.28
1.28
1.28
1.28
1.28
1.28
1.28
1.28
1.28
1.28
1.28
1.28
1.28
1.28
1.28
1.28
1.28
1.28
1.28
1.28
1.28
1.28
1.28
1.28
1.28
1.28
1.28
1.28
1.28
1.28
1.28
1.28
1.28
1.28
1.28
1.28
1.28
1.28
1.28
1.28
1.28
1.28
1.28
1.28
1.28
1.28
1.28
1.28
1.28
1.28
1.28
1.28
1.28
1.28
1.28
1.28
1.28
1.28
1.28
1.28
1.28
1.28
1.28
1.28
1.28
1.28
1.28
1.28
1.28
1.28
1.28
1.28
1.28
1.28
1.28
1.28
1.28
1.28
1.28
1.28
1.28
1.28
1.28
1.28
1.28001
1.28
1.28
1.28
1.28
1.28
1.28
1.28
1.28
1.28
1.28
1.28
1.28
1.28
1.28
1.28
1.28
1.28
1.28
1.28
1.28
1.28
1.28
1.28
1.28
1.28
1.28
1.28
1.28
1.28
1.28
1.28
1.28
1.28
1.28
1.28
1.28
1.28
1.28
1.28
1.28
1.28
1.28
1.28
1.28
1.28
1.28
1.28
1.28
1.28
1.28
1.28
1.28
1.28
1.28
1.28
1.28
1.28
1.28
1.28
1.28
1.28
1.28
1.28
1.28
1.28
1.28
1.28
1.28
1.28
1.28
1.28
1.28
1.28
1.28
1.28
1.28
1.28
1.28
1.28
1.28
1.28
1.28
1.28
1.28
1.28
1.28
1.28
1.28
1.28
1.28
1.28
1.28
1.28
1.28
1.28
1.28
1.28
1.28
1.28
1.28001
1.28
1.28
1.28
1.28
1.28
1.28
1.28
1.28
1.28
1.28
1.28
1.28
1.28
1.28
1.28
1.28
1.28
1.28
1.28
1.28
1.28
1.28
1.28
1.28
1.28
1.28
1.28
1.28
1.28
1.28
1.28
1.28
1.28
1.28
1.28
1.28
1.28
1.28
1.28
1.28
1.28
1.28
1.28
1.28
1.28
1.28
1.28
1.28
1.28
1.28
1.28
1.28
1.28
1.28
1.28
1.28
1.28
1.28
1.28
1.28
1.28
1.28
1.28
1.28
1.28
1.28
1.28
1.28
1.28
1.28
1.28
1.28
1.28
1.28
1.28
1.28
1.28
1.28
1.28
1.28
1.28
1.28
1.28
1.28
1.28
1.28
1.28
1.28
1.28
1.28
1.28
1.28
1.28
1.28
1.28
1.28
1.28
1.28
1.28
1.28001
1.28
1.28
1.28
1.28
1.28
1.28
1.28
1.28
1.28
1.28
1.28
1.28
1.28
1.28
1.28
1.28
1.28
1.28
1.28
1.28
1.28
1.28
1.28
1.28
1.28
1.28
1.28
1.28
1.28
1.28
1.28
1.28
1.28
1.28
1.28
1.28
1.28
1.28
1.28
1.28
1.28
1.28
1.28
1.28
1.28
1.28
1.28
1.28
1.28
1.28
1.28
1.28
1.28
1.28
1.28
1.28
1.28
1.28
1.28
1.28
1.28
1.28
1.28
1.28
1.28
1.28
1.28
1.28
1.28
1.28
1.28
1.28
1.28
1.28
1.28
1.28
1.28
1.28
1.28
1.28
1.28
1.28
1.28
1.28
1.28
1.28
1.28
1.28
1.28
1.28
1.28
1.28
1.28
1.28
1.28
1.28
1.28
1.28
1.28
1.28001
1.28
1.28
1.28
1.28
1.28
1.28
1.28
1.28
1.28
1.28
1.28
1.28
1.28
1.28
1.28
1.28
1.28
1.28
1.28
1.28
1.28
1.28
1.28
1.28
1.28
1.28
1.28
1.28
1.28
1.28
1.28
1.28
1.28
1.28
1.28
1.28
1.28
1.28
1.28
1.28
1.28
1.28
1.28
1.28
1.28
1.28
1.28
1.28
1.28
1.28
1.28
1.28
1.28
1.28
1.28
1.28
1.28
1.28
1.28
1.28
1.28
1.28
1.28
1.28
1.28
1.28
1.28
1.28
1.28
1.28
1.28
1.28
1.28
1.28
1.28
1.28
1.28
1.28
1.28
1.28
1.28
1.28
1.28
1.28
1.28
1.28
1.28
1.28
1.28
1.28
1.28
1.28
1.28
1.28
1.28
1.28
1.28
1.28
1.28
1.28
1.28
1.28
1.28
1.28
1.28
1.28
1.28
1.28
1.28
1.28
1.28
1.28
1.28
1.28
1.28
1.28
1.28
1.28
1.28
1.28
1.28
1.28
1.28
1.28
1.28
1.28
1.28
1.28
1.28
1.28
1.28
1.28
1.28
1.28
1.28
1.28
1.28
1.28
1.28
1.28
1.28
1.28
1.28
1.28
1.28
1.28
1.28
1.28
1.28
1.28
1.28
1.28
1.28
1.28
1.28
1.28
1.28
1.28
1.28
1.28
1.28
1.28
1.28
1.28
1.28
1.28
1.28
1.28
1.28
1.28
1.28
1.28
1.28
1.28
1.28
1.28
1.28
1.28
1.28
1.28
1.28
1.28
1.28
1.28
1.28
1.28
1.28
1.28
1.28
1.28
1.28
1.28
1.28
1.28
1.28
1.28
1.28
1.28
1.28
1.28
1.28
1.28
1.28
1.28
1.28
1.28
1.28
1.28
1.28
1.28
1.28
1.28
1.28
1.28
1.28
1.28
1.28
1.28
1.28
1.28
1.28
1.28
1.28
1.28
1.28
1.28
1.28
1.28
1.28
1.28
1.28
1.28
1.28
1.28
1.28
1.28
1.28
1.28
1.28
1.28
1.28
1.28
1.28
1.28
1.28
1.28
1.28
1.28
1.28
1.28
1.28
1.28
1.28
1.28
1.28
1.28
1.28
1.28
1.28
1.28
1.28
1.28
1.28
1.28
1.28
1.28
1.28
1.28
1.28
1.28
1.28
1.28
1.28
1.28
1.28
1.28
1.28
1.28
1.28
1.28
1.28
1.28
1.28
1.28
1.28
1.28
1.28
1.28
1.28
1.28
1.28
1.28
1.28
1.28
1.28
1.28
1.28
1.28
1.28
1.28
1.28
1.28
1.28
1.28
1.28
1.28
1.28
1.28
1.28
1.28
1.28
1.28
1.28
1.28
1.28
1.28
1.28
1.28
1.28
1.28
1.28
1.28
1.28
1.28
1.28
1.28
1.28
1.28
1.28
1.28
1.28
1.28
1.28
1.28
1.28
1.28
1.28
1.28
1.28
1.28
1.28
1.28
1.28
1.28
1.28
1.28
1.28
1.28
1.28
1.28
1.28
1.28
1.28
1.28
1.28
1.28
1.28
1.28
1.28
1.28
1.28
1.28
1.28
1.28
1.28
1.28
1.28
1.28
1.28
1.28
1.28
1.28
1.28
1.28
1.28
1.28
1.28
1.28
1.28
1.28
1.28
1.28
1.28
1.28
1.28
1.28
1.28
1.28
1.28
1.28
1.28
1.28
1.28
1.28
1.28
1.28
1.28
1.28
1.28
1.28
1.28
1.28
1.28
1.28
1.28
1.28
1.28
1.28
1.28
1.28
1.28
1.28
1.28
1.28
1.28
1.28
1.28
1.28
1.28
1.28
1.28
1.28
1.28
1.28
1.28
1.28
1.28
1.28
1.28
1.28
1.28
1.28
1.28
1.28
1.28
1.28
1.28
1.28
1.28
1.28
1.28
1.28
1.28
1.28
1.28
1.28
1.28
1.28
1.28
1.28
1.28
1.28
1.28
1.28
1.28
1.28
1.28
1.28
1.28
1.28
1.28
1.28
1.28
1.28
1.28
1.28
1.28
1.28
1.28
1.28
1.28
1.28
1.28
1.28
1.28
1.28
1.28
1.28
1.28
1.28
1.28
1.28
1.28
1.28
1.28
1.28
1.28
1.28
1.28
1.28
1.28
1.28
1.28
1.28
1.28
1.28
1.28
1.28
1.28
1.28
1.28
1.28
1.28
1.28
1.28
1.28
1.28
1.28
1.28
1.28
1.28
1.28
1.28
1.28
1.28
1.28
1.28
1.28
1.28
1.28
1.28
1.28
1.28
1.28
1.28
1.28
1.28
1.28
1.28
1.28
1.28
1.28
1.28
1.28
1.28
1.28
1.28
1.28
1.28
1.28
1.28
1.28
1.28
1.28
1.28
1.28
1.28
1.28
1.28
1.28
1.28
1.28
1.28
1.28
1.28
1.28
1.28
1.28
1.28
1.28
1.28
1.28
1.28
1.28
1.28
1.28
1.28
1.28
1.28
1.28
1.28
1.28
1.28
1.28
1.28
1.28
1.28
1.28
1.28
1.28
1.28
1.28
1.28
1.28
1.28
1.28
1.28
1.28
1.28
1.28
1.28
1.28
1.28
1.28
1.28
1.28
1.28
1.28
1.28
1.28
1.28
1.28
1.28
1.28
1.28
1.28
1.28
1.28
1.28
1.28
1.28
1.28
1.28
1.28
1.28
1.28
1.28
1.28
1.28
1.28
1.28
1.28
1.28
1.28
1.28
1.28
1.28
1.28
1.28
1.28
1.28
1.28
1.28
1.28
1.28
1.28
1.28
1.28
1.28
1.28
1.28
1.28
1.28
1.28
1.28
1.28
1.28
1.28
1.28
1.28
1.28
1.28
1.28
1.28
1.28
1.28
1.28
1.28
1.28
1.28
1.28
1.28
1.28
1.28
1.28
1.28
1.28
1.28
1.28
1.28
1.28
1.28
1.28
1.28
1.28
1.28
1.28
1.28
1.28
1.28
1.28
1.28
1.28
1.28
1.28
1.28
1.28
1.28
1.28
1.28
1.28
1.28
1.28
1.28
1.28
1.28
1.28
1.28
1.28
1.28
1.28
1.28
1.28
1.28
1.28
1.28
1.28
1.28
1.28
1.28
1.28
1.28
1.28
1.28
1.28
1.28
1.28
1.28
1.28
1.28
1.28
1.28
1.28
1.28
1.28
1.28
1.28
1.28
1.28
1.28
1.28
1.28
1.28
1.28
1.28
1.28
1.28
1.28
1.28
1.28
1.28
1.28
1.28
1.28
1.28
1.28
1.28
1.28
1.28
1.28
1.28
1.28
1.28
1.28
1.28
1.28
1.28
1.28
1.28
1.28
1.28
1.28
1.28
1.28
1.28
1.28
1.28
1.28
1.28
1.28
1.28
1.28
1.28
1.28
1.28
1.28
1.28
1.28
1.28
1.28
1.28
1.28
1.28
1.28
1.28
1.28
1.28
1.28
1.28
1.28
1.28
1.28
1.28
1.28
1.28
1.28
1.28
1.28
1.28
1.28
1.28
1.28
1.28
1.28
1.28
1.28
1.28
1.28
1.28
1.28
1.28
1.28
1.28
1.28
1.28
1.28
1.28
1.28
1.28
1.28
1.28
1.28
1.28
1.28
1.28
1.28
1.28
1.28
1.28
1.28
1.28
1.28
1.28
1.28
1.28
1.28
1.28
1.28
1.28
1.28
1.28
1.28
1.28
1.28
1.28
1.28
1.28
1.28
1.28
1.28
1.28
1.28
1.28
1.28
1.28
1.28
1.28
1.28
1.28
1.28
1.28
1.28
1.28
1.28
1.28
1.28
1.28
1.28
1.28
1.28
1.28
1.28
1.28
1.28
1.28
1.28
1.28
1.28
1.28
1.28
1.28
1.28
1.28
1.28
1.28
1.28
1.28
1.28
1.28
1.28
1.28
1.28
1.28
1.28
1.28
1.28
1.28
1.28
1.28
1.28
1.28
1.28
1.28
1.28
1.28
1.28
1.28
1.28
1.28
1.28
1.28
1.28
1.28
1.28
1.28
1.28
1.28
1.28
1.28
1.28
1.28
1.28
1.28
1.28
1.28
1.28
1.28
1.28
1.28
1.28
1.28
1.28
1.28
1.28
1.28
1.28
1.28
1.28
1.28
1.28
1.28
1.28
1.28
1.28
1.28
1.28
1.28
1.28
1.28
1.28
1.28
1.28
1.28
1.28
1.28
1.28
1.28
1.28
1.28
1.28
1.28
1.28
1.28
1.28
1.28
1.28
1.28
1.28
1.28
1.28
1.28
1.28
1.28
1.28
1.28
1.28
1.28
1.28
1.28
1.28
1.28
1.28
1.28
1.28
1.28
1.28
1.28
1.28
1.28
1.28
1.28
1.28
1.28
1.28
1.28
1.28
1.28
1.28
1.28
1.28
1.28
1.28
1.28
1.28
1.28
1.28
1.28
1.28
1.28
1.28
1.28
1.28
1.28
1.28
1.28
1.28
1.28
1.28
1.28
1.28
1.28
1.28
1.28
1.28
1.28
1.28
1.28
1.28
1.28
1.28
1.28
1.28
1.28
1.28
1.28
1.28
1.28
1.28
1.28
1.28
1.28
1.28
1.28
1.28
1.28
1.28
1.28
1.28
1.28
1.28
1.28
1.28
1.28
1.28
1.28
1.28
1.28
1.28
1.28
1.28
1.28
1.28
1.28
1.28
1.28
1.28
1.28
1.28
1.28
1.28
1.28
1.28
1.28
1.28
1.28
1.28
1.28
1.28
1.28
1.28
1.28
1.28
1.28
1.28
1.28
1.28
1.28
1.28
1.28
1.28
1.28
1.28
1.28
1.28
1.28
1.28
1.28
1.28
1.28
1.28
1.28
1.28
1.28
1.28
1.28
1.28
1.28
1.28
1.28
1.28
1.28
1.28
1.28
1.28
1.28
1.28
1.28
1.28
1.28
1.28
1.28
1.28
1.28
1.28
1.28
1.28
1.28
1.28
1.28
1.28
1.28
1.28
1.28
1.28
1.28
1.28
1.28
1.28
1.28
1.28
1.28
1.28
1.28
1.28
1.28
1.28
1.28
1.28
1.28
1.28
1.28
1.28
1.28
1.28
1.28
1.28
1.28
1.28
1.28
1.28
1.28
1.28
1.28
1.28
1.28
1.28
1.28
1.28
1.28
1.28
1.28
1.28
1.28
1.28
1.28
1.28
1.28
1.28
1.28
1.28
1.28
1.28
1.28
1.28
1.28
1.28
1.28
1.28
1.28
1.28
1.28
1.28
1.28
1.28
1.28
1.28
1.28
1.28
1.28
1.28
1.28
1.28
1.28
1.28
1.28
1.28
1.28
1.28
1.28
1.28
1.28
1.28
1.28
1.28
1.28
1.28
1.28
1.28
1.28
1.28
1.28
1.28
1.28
1.28
1.28
1.28
1.28
1.28
1.28
1.28
1.28
1.28
1.28
1.28
1.28
1.28
1.28
1.28
1.28
1.28
1.28
1.28
1.28
1.28
1.28
1.28
1.28
1.28
1.28
1.28
1.28
1.28
1.28
1.28
1.28
1.28
1.28
1.28
1.28
1.28
1.28
1.28
1.28
1.28
1.28
1.28
1.28
1.28
1.28
1.28
1.28
1.28
1.28
1.28
1.28
1.28
1.28
1.28
1.28
1.28
1.28
1.28
1.28
1.28
1.28
1.28
1.28
1.28
1.28
1.28
1.28
1.28
1.28
1.28
1.28
1.28
1.28
1.28
1.28
1.28
1.28
1.28
1.28
1.28
1.28
1.28
1.28
1.28
1.28
1.28
1.28
1.28
1.28
1.28
1.28
1.28
1.28
1.28
1.28
1.28
1.28
1.28
1.28
1.28
1.28
1.28
1.28
1.28
1.28
1.28
1.28
1.28
1.28
1.28
1.28
1.28
1.28
1.28
1.28
1.28
1.28
1.28
1.28
1.28
1.28
1.28
1.28
1.28
1.28
1.28
1.28
1.28
1.28
1.28
1.28
1.28
1.28
1.28
1.28
1.28
1.28
1.28
1.28
1.28
1.28
1.28
1.28
1.28
1.28
1.28
1.28
1.28
1.28
1.28
1.28
1.28
1.28
1.28
1.28
1.28
1.28
1.28
1.28
1.28
1.28
1.28
1.28
1.28
1.28
1.28
1.28
1.28
1.28
1.28
1.28
1.28
1.28
1.28
1.28
1.28
1.28
1.28
1.28
1.28
1.28
1.28
1.28
1.28
1.28
1.28
1.28
1.28
1.28
1.28
1.28
1.28
1.28
1.28
1.28
1.28
1.28
1.28
1.28
1.28
1.28
1.28
1.28
1.28
1.28
1.28
1.28
1.28
1.28
1.28
1.28
1.28
1.28
1.28
1.28
1.28
1.28
1.28
1.28
1.28
1.28
1.28
1.28
1.28
1.28
1.28
1.28
1.28
1.28
1.28
1.28
1.28
1.28
1.28
1.28
1.28
1.28
1.28
1.28
1.28
1.28
1.28
1.28
1.28
1.28
1.28
1.28
1.28
1.28
1.28
1.28
1.28
1.28
1.28
1.28
1.28
1.28
1.28
1.28
1.28
1.28
1.28
1.28
1.28
1.28
1.28
1.28
1.28
1.28
1.28
1.28
1.28
1.28
1.28
1.28
1.28
1.28
1.28
1.28
1.28
1.28
1.28
1.28
1.28
1.28
1.28
1.28
1.28
1.28
1.28
1.28
1.28
1.28
1.28
1.28
1.28
1.28
1.28
1.28
1.28
1.28
1.28
1.28
1.28
1.28
1.28
1.28
1.28
1.28
1.28
1.28
1.28
1.28
1.28
1.28
1.28
1.28
1.28
1.28
1.28
1.28
1.28
1.28
1.28
1.28
1.28
1.28
1.28
1.28
1.28
1.28
1.28
1.28
1.28
1.28
1.28
1.28
1.28
1.28
1.28
1.28
1.28
1.28
1.28
1.28
1.28
1.28
1.28
1.28
1.28
1.28
1.28
1.28
1.28
1.28
1.28
1.28
1.28
1.28
1.28
1.28
1.28
1.28
1.28
1.28
1.28
1.28
1.28
1.28
1.28
1.28
1.28
1.28
1.28
1.28
1.28
1.28
1.28
1.28
1.28
1.28
1.28
1.28
1.28
1.28
1.28
1.28
1.28
1.28
1.28
1.28
1.28
1.28
1.28
1.28
1.28
1.28
1.28
1.28
1.28
1.28
1.28
1.28
1.28
1.28
1.28
1.28
1.28
1.28
1.28
1.28
1.28
1.28
1.28
1.28
1.28
1.28
1.28
1.28
1.28
1.28
1.28
1.28
1.28
1.28
1.28
1.28
1.28
1.28
1.28
1.28
1.28
1.28
1.28
1.28
1.28
1.28
1.28
1.28
1.28
1.28
1.28
1.28
1.28
1.28
1.28
1.28
1.28
1.28
1.28
1.28
1.28
1.28
1.28
1.28
1.28
1.28
1.28
1.28
1.28
1.28
1.28
1.28
1.28
1.28
1.28
1.28001
1.28001
1.28001
1.28001
1.28001
1.28001
1.28001
1.28001
1.28001
1.28001
7.89042
1.28091
1.27999
1.28
1.28
1.28
1.28
1.28
1.28
1.28
7.92252
1.28989
1.28
1.28
1.28
1.28
1.28
1.28
1.28
1.28
7.93981
1.29262
1.28
1.28
1.28
1.28
1.28
1.28
1.28
1.28
7.94667
1.29313
1.28001
1.28
1.28
1.28
1.28
1.28
1.28
1.28
7.94988
1.29331
1.28001
1.28
1.28
1.28
1.28
1.28
1.28
1.28
7.95111
1.29331
1.28001
1.28
1.28
1.28
1.28
1.28
1.28
1.28
7.9508
1.29317
1.28001
1.28
1.28
1.28
1.28
1.28
1.28
1.28
7.9481
1.2927
1.28
1.28
1.28
1.28
1.28
1.28
1.28
1.28
7.93876
1.29013
1.28
1.28
1.28
1.28
1.28
1.28
1.28
1.28
7.91842
1.28174
1.27999
1.28
1.28
1.28
1.28
1.28
1.28
1.28
7.92108
1.28986
1.28
1.28
1.28
1.28
1.28
1.28
1.28
1.28
7.93952
1.29449
1.28001
1.28
1.28
1.28
1.28
1.28
1.28
1.28
7.94861
1.2954
1.28001
1.28
1.28
1.28
1.28
1.28
1.28
1.28
7.95244
1.29545
1.28001
1.28
1.28
1.28
1.28
1.28
1.28
1.28
7.95431
1.29547
1.28001
1.28
1.28
1.28
1.28
1.28
1.28
1.28
7.95488
1.29547
1.28001
1.28
1.28
1.28
1.28
1.28
1.28
1.28
7.95433
1.29546
1.28001
1.28
1.28
1.28
1.28
1.28
1.28
1.28
7.95225
1.29541
1.28001
1.28
1.28
1.28
1.28
1.28
1.28
1.28
7.94605
1.2945
1.28001
1.28
1.28
1.28
1.28
1.28
1.28
1.28
7.93241
1.29
1.28
1.28
1.28
1.28
1.28
1.28
1.28
1.28
7.93709
1.29259
1.28
1.28
1.28
1.28
1.28
1.28
1.28
1.28
7.94743
1.2954
1.28001
1.28
1.28
1.28
1.28
1.28
1.28
1.28
7.95233
1.29577
1.28001
1.28
1.28
1.28
1.28
1.28
1.28
1.28
7.95452
1.29574
1.28001
1.28
1.28
1.28
1.28
1.28
1.28
1.28
7.95557
1.29573
1.28001
1.28
1.28
1.28
1.28
1.28
1.28
1.28
7.95568
1.29573
1.28001
1.28
1.28
1.28
1.28
1.28
1.28
1.28
7.9549
1.29574
1.28001
1.28
1.28
1.28
1.28
1.28
1.28
1.28
7.95304
1.29578
1.28001
1.28
1.28
1.28
1.28
1.28
1.28
1.28
7.94866
1.2954
1.28001
1.28
1.28
1.28
1.28
1.28
1.28
1.28
7.93909
1.29258
1.28
1.28
1.28
1.28
1.28
1.28
1.28
1.28
7.94276
1.29309
1.28001
1.28
1.28
1.28
1.28
1.28
1.28
1.28
7.95034
1.29545
1.28001
1.28
1.28
1.28
1.28
1.28
1.28
1.28
7.95374
1.29573
1.28001
1.28
1.28
1.28
1.28
1.28
1.28
1.28
7.95525
1.29571
1.28001
1.28
1.28
1.28
1.28
1.28
1.28
1.28
7.95589
1.2957
1.28001
1.28
1.28
1.28
1.28
1.28
1.28
1.28
7.95573
1.2957
1.28001
1.28
1.28
1.28
1.28
1.28
1.28
1.28
7.95476
1.29571
1.28001
1.28
1.28
1.28
1.28
1.28
1.28
1.28
7.95287
1.29573
1.28001
1.28
1.28
1.28
1.28
1.28
1.28
1.28
7.94903
1.29544
1.28001
1.28
1.28
1.28
1.28
1.28
1.28
1.28
7.94089
1.29306
1.28001
1.28
1.28
1.28
1.28
1.28
1.28
1.28
7.9448
1.29326
1.28001
1.28
1.28
1.28
1.28
1.28
1.28
1.28
7.95147
1.29546
1.28001
1.28
1.28
1.28
1.28
1.28
1.28
1.28
7.95434
1.29572
1.28001
1.28
1.28
1.28
1.28
1.28
1.28
1.28
7.95558
1.2957
1.28001
1.28
1.28
1.28
1.28
1.28
1.28
1.28
7.95603
1.29569
1.28001
1.28
1.28
1.28
1.28
1.28
1.28
1.28
7.95574
1.29568
1.28001
1.28
1.28
1.28
1.28
1.28
1.28
1.28
7.95467
1.29568
1.28001
1.28
1.28
1.28
1.28
1.28
1.28
1.28
7.95276
1.2957
1.28001
1.28
1.28
1.28
1.28
1.28
1.28
1.28
7.94909
1.29544
1.28001
1.28
1.28
1.28
1.28
1.28
1.28
1.28
7.94142
1.29321
1.28001
1.28
1.28
1.28
1.28
1.28
1.28
1.28
7.9448
1.29326
1.28001
1.28
1.28
1.28
1.28
1.28
1.28
1.28
7.95147
1.29546
1.28001
1.28
1.28
1.28
1.28
1.28
1.28
1.28
7.95434
1.29572
1.28001
1.28
1.28
1.28
1.28
1.28
1.28
1.28
7.95558
1.2957
1.28001
1.28
1.28
1.28
1.28
1.28
1.28
1.28
7.95603
1.29569
1.28001
1.28
1.28
1.28
1.28
1.28
1.28
1.28
7.95574
1.29568
1.28001
1.28
1.28
1.28
1.28
1.28
1.28
1.28
7.95467
1.29568
1.28001
1.28
1.28
1.28
1.28
1.28
1.28
1.28
7.95276
1.2957
1.28001
1.28
1.28
1.28
1.28
1.28
1.28
1.28
7.94909
1.29544
1.28001
1.28
1.28
1.28
1.28
1.28
1.28
1.28
7.94142
1.29321
1.28001
1.28
1.28
1.28
1.28
1.28
1.28
1.28
7.94276
1.29309
1.28001
1.28
1.28
1.28
1.28
1.28
1.28
1.28
7.95034
1.29545
1.28001
1.28
1.28
1.28
1.28
1.28
1.28
1.28
7.95374
1.29573
1.28001
1.28
1.28
1.28
1.28
1.28
1.28
1.28
7.95525
1.29571
1.28001
1.28
1.28
1.28
1.28
1.28
1.28
1.28
7.95589
1.2957
1.28001
1.28
1.28
1.28
1.28
1.28
1.28
1.28
7.95573
1.2957
1.28001
1.28
1.28
1.28
1.28
1.28
1.28
1.28
7.95476
1.29571
1.28001
1.28
1.28
1.28
1.28
1.28
1.28
1.28
7.95287
1.29573
1.28001
1.28
1.28
1.28
1.28
1.28
1.28
1.28
7.94903
1.29544
1.28001
1.28
1.28
1.28
1.28
1.28
1.28
1.28
7.94089
1.29306
1.28001
1.28
1.28
1.28
1.28
1.28
1.28
1.28
7.93709
1.29259
1.28
1.28
1.28
1.28
1.28
1.28
1.28
1.28
7.94743
1.2954
1.28001
1.28
1.28
1.28
1.28
1.28
1.28
1.28
7.95233
1.29577
1.28001
1.28
1.28
1.28
1.28
1.28
1.28
1.28
7.95452
1.29574
1.28001
1.28
1.28
1.28
1.28
1.28
1.28
1.28
7.95557
1.29573
1.28001
1.28
1.28
1.28
1.28
1.28
1.28
1.28
7.95568
1.29573
1.28001
1.28
1.28
1.28
1.28
1.28
1.28
1.28
7.9549
1.29574
1.28001
1.28
1.28
1.28
1.28
1.28
1.28
1.28
7.95304
1.29578
1.28001
1.28
1.28
1.28
1.28
1.28
1.28
1.28
7.94866
1.2954
1.28001
1.28
1.28
1.28
1.28
1.28
1.28
1.28
7.93909
1.29258
1.28
1.28
1.28
1.28
1.28
1.28
1.28
1.28
7.92108
1.28986
1.28
1.28
1.28
1.28
1.28
1.28
1.28
1.28
7.93952
1.29449
1.28001
1.28
1.28
1.28
1.28
1.28
1.28
1.28
7.94861
1.2954
1.28001
1.28
1.28
1.28
1.28
1.28
1.28
1.28
7.95244
1.29545
1.28001
1.28
1.28
1.28
1.28
1.28
1.28
1.28
7.95431
1.29547
1.28001
1.28
1.28
1.28
1.28
1.28
1.28
1.28
7.95488
1.29547
1.28001
1.28
1.28
1.28
1.28
1.28
1.28
1.28
7.95433
1.29546
1.28001
1.28
1.28
1.28
1.28
1.28
1.28
1.28
7.95225
1.29541
1.28001
1.28
1.28
1.28
1.28
1.28
1.28
1.28
7.94605
1.2945
1.28001
1.28
1.28
1.28
1.28
1.28
1.28
1.28
7.93241
1.29
1.28
1.28
1.28
1.28
1.28
1.28
1.28
1.28
7.89042
1.28091
1.27999
1.28
1.28
1.28
1.28
1.28
1.28
1.28
7.92252
1.28989
1.28
1.28
1.28
1.28
1.28
1.28
1.28
1.28
7.93981
1.29262
1.28
1.28
1.28
1.28
1.28
1.28
1.28
1.28
7.94667
1.29313
1.28001
1.28
1.28
1.28
1.28
1.28
1.28
1.28
7.94988
1.29331
1.28001
1.28
1.28
1.28
1.28
1.28
1.28
1.28
7.95111
1.29331
1.28001
1.28
1.28
1.28
1.28
1.28
1.28
1.28
7.9508
1.29317
1.28001
1.28
1.28
1.28
1.28
1.28
1.28
1.28
7.9481
1.2927
1.28
1.28
1.28
1.28
1.28
1.28
1.28
1.28
7.93876
1.29013
1.28
1.28
1.28
1.28
1.28
1.28
1.28
1.28
7.91842
1.28174
1.27999
1.28
1.28
1.28
1.28
1.28
1.28
1.28
1.2785
1.27992
1.27994
1.27995
1.27996
1.27997
1.27997
1.27998
1.27998
1.28025
1.27865
1.27993
1.27994
1.27995
1.27995
1.27996
1.27996
1.27997
1.27997
1.28022
1.2788
1.27993
1.27995
1.27995
1.27996
1.27996
1.27996
1.27997
1.27997
1.2802
1.27895
1.27994
1.27995
1.27995
1.27996
1.27996
1.27996
1.27997
1.27997
1.28018
1.2791
1.27994
1.27995
1.27995
1.27996
1.27996
1.27996
1.27997
1.27997
1.28016
1.27925
1.27995
1.27995
1.27996
1.27996
1.27996
1.27996
1.27996
1.27997
1.28013
1.2794
1.27995
1.27995
1.27996
1.27996
1.27996
1.27996
1.27996
1.27996
1.2801
1.27956
1.27995
1.27995
1.27996
1.27996
1.27996
1.27996
1.27996
1.27996
1.28007
1.27971
1.27995
1.27995
1.27995
1.27996
1.27996
1.27996
1.27996
1.27996
1.28003
1.27987
1.27995
1.27994
1.27994
1.27993
1.27993
1.27993
1.27992
1.27992
1.27994
1.27896
1.28002
1.28002
1.28002
1.28002
1.28002
1.28002
1.28001
1.28001
1.28002
1.27905
1.28001
1.28002
1.28002
1.28001
1.28001
1.28001
1.28001
1.28001
1.28002
1.27915
1.28001
1.28001
1.28001
1.28001
1.28001
1.28001
1.28001
1.28001
1.28002
1.27925
1.28
1.28001
1.28001
1.28001
1.28001
1.28001
1.28001
1.28001
1.28002
1.27936
1.28
1.28
1.28
1.28
1.28
1.28001
1.28001
1.28001
1.28001
1.27947
1.28
1.28
1.28
1.28
1.28
1.28
1.28
1.28
1.28001
1.27958
1.27999
1.28
1.28
1.28
1.28
1.28
1.28
1.28
1.28001
1.27969
1.27999
1.27999
1.28
1.28
1.28
1.28
1.28
1.28
1.28001
1.2798
1.27999
1.27999
1.27999
1.27999
1.27999
1.28
1.28
1.28
1.28
1.27992
1.27999
1.27999
1.27999
1.27999
1.27999
1.27999
1.27999
1.27999
1.27999
1.2791
1.28
1.28
1.28
1.28
1.28
1.28
1.28
1.28
1.28
1.27918
1.28
1.28
1.28
1.28
1.28
1.28
1.28
1.28
1.28
1.27927
1.28
1.28
1.28
1.28
1.28
1.28
1.28
1.28
1.28
1.27936
1.28
1.28
1.28
1.28
1.28
1.28
1.28
1.28
1.28
1.27945
1.28
1.28
1.28
1.28
1.28
1.28
1.28
1.28
1.28
1.27954
1.28
1.28
1.28
1.28
1.28
1.28
1.28
1.28
1.28
1.27964
1.28
1.28
1.28
1.28
1.28
1.28
1.28
1.28
1.28
1.27974
1.28
1.28
1.28
1.28
1.28
1.28
1.28
1.28
1.28
1.27984
1.28
1.28
1.28
1.28
1.28
1.28
1.28
1.28
1.28
1.27994
1.28
1.28
1.28
1.28
1.28
1.28
1.28
1.28
1.28
1.2791
1.28
1.28
1.28
1.28
1.28
1.28
1.28
1.28
1.28
1.27919
1.28
1.28
1.28
1.28
1.28
1.28
1.28
1.28
1.28
1.27927
1.28
1.28
1.28
1.28
1.28
1.28
1.28
1.28
1.28
1.27937
1.28
1.28
1.28
1.28
1.28
1.28
1.28
1.28
1.28
1.27946
1.28
1.28
1.28
1.28
1.28
1.28
1.28
1.28
1.28
1.27955
1.28
1.28
1.28
1.28
1.28
1.28
1.28
1.28
1.28
1.27965
1.28
1.28
1.28
1.28
1.28
1.28
1.28
1.28
1.28
1.27975
1.28
1.28
1.28
1.28
1.28
1.28
1.28
1.28
1.28
1.27985
1.28
1.28
1.28
1.28
1.28
1.28
1.28
1.28
1.28
1.27995
1.28
1.28
1.28
1.28
1.28
1.28
1.28
1.28
1.28
1.27905
1.28
1.28
1.28
1.28
1.28
1.28
1.28
1.28
1.28
1.27914
1.28
1.28
1.28
1.28
1.28
1.28
1.28
1.28
1.28
1.27923
1.28
1.28
1.28
1.28
1.28
1.28
1.28
1.28
1.28
1.27933
1.28
1.28
1.28
1.28
1.28
1.28
1.28
1.28
1.28
1.27942
1.28
1.28
1.28
1.28
1.28
1.28
1.28
1.28
1.28
1.27952
1.28
1.28
1.28
1.28
1.28
1.28
1.28
1.28
1.28
1.27963
1.28
1.28
1.28
1.28
1.28
1.28
1.28
1.28
1.28
1.27973
1.28
1.28
1.28
1.28
1.28
1.28
1.28
1.28
1.28
1.27984
1.28
1.28
1.28
1.28
1.28
1.28
1.28
1.28
1.28
1.27994
1.28
1.28
1.28
1.28
1.28
1.28
1.28
1.28
1.28
1.27896
1.28
1.28
1.28
1.28
1.28
1.28
1.28
1.28
1.28
1.27906
1.28
1.28
1.28
1.28
1.28
1.28
1.28
1.28
1.28
1.27916
1.28
1.28
1.28
1.28
1.28
1.28
1.28
1.28
1.28
1.27926
1.28
1.28
1.28
1.28
1.28
1.28
1.28
1.28
1.28
1.27936
1.28
1.28
1.28
1.28
1.28
1.28
1.28
1.28
1.28
1.27946
1.28
1.28
1.28
1.28
1.28
1.28
1.28
1.28
1.28
1.27957
1.28
1.28
1.28
1.28
1.28
1.28
1.28
1.28
1.28
1.27969
1.28
1.28
1.28
1.28
1.28
1.28
1.28
1.28
1.28
1.2798
1.28
1.28
1.28
1.28
1.28
1.28
1.28
1.28
1.28
1.27993
1.28
1.28
1.28
1.28
1.28
1.28
1.28
1.28
1.28
1.27891
1.28
1.28
1.28
1.28
1.28
1.28
1.28
1.28
1.28
1.27901
1.28
1.28
1.28
1.28
1.28
1.28
1.28
1.28
1.28
1.27911
1.28
1.28
1.28
1.28
1.28
1.28
1.28
1.28
1.28
1.27921
1.28
1.28
1.28
1.28
1.28
1.28
1.28
1.28
1.28
1.27931
1.28
1.28
1.28
1.28
1.28
1.28
1.28
1.28
1.28
1.27941
1.28
1.28
1.28
1.28
1.28
1.28
1.28
1.28
1.28
1.27952
1.28
1.28
1.28
1.28
1.28
1.28
1.28
1.28
1.28
1.27963
1.28
1.28
1.28
1.28
1.28
1.28
1.28
1.28
1.28
1.27976
1.28
1.28
1.28
1.28
1.28
1.28
1.28
1.28
1.28
1.2799
1.28
1.28
1.28
1.28
1.28
1.28
1.28
1.28
1.28
1.27914
1.28
1.28
1.28
1.28
1.28
1.28
1.28
1.28
1.28
1.27922
1.28
1.28
1.28
1.28
1.28
1.28
1.28
1.28
1.28
1.2793
1.28
1.28
1.28
1.28
1.28
1.28
1.28
1.28
1.28
1.27938
1.28
1.28
1.28
1.28
1.28
1.28
1.28
1.28
1.28
1.27946
1.28
1.28
1.28
1.28
1.28
1.28
1.28
1.28
1.28
1.27954
1.28
1.28
1.28
1.28
1.28
1.28
1.28
1.28
1.28
1.27962
1.28
1.28
1.28
1.28
1.28
1.28
1.28
1.28
1.28
1.2797
1.28
1.28
1.28
1.28
1.28
1.28
1.28
1.28
1.28
1.2798
1.28
1.28
1.28
1.28
1.28
1.28
1.28
1.28
1.28
1.27993
1.28
1.28
1.28
1.28
1.28
1.28
1.28
1.28
1.28
1.28022
1.28001
1.28
1.28
1.28
1.28
1.28
1.28
1.28
1.28
1.28025
1.28
1.28
1.28
1.28
1.28
1.28
1.28
1.28
1.28
1.28026
1.28
1.28
1.28
1.28
1.28
1.28
1.28
1.28
1.28
1.28034
1.28
1.28
1.28
1.28
1.28
1.28
1.28
1.28
1.28
1.28041
1.28
1.28
1.28
1.28
1.28
1.28
1.28
1.28
1.28
1.28047
1.28
1.28
1.28
1.28
1.28
1.28
1.28
1.28
1.28
1.28052
1.28
1.28
1.28
1.28
1.28
1.28
1.28
1.28
1.28
1.28054
1.28
1.28
1.28
1.28
1.28
1.28
1.28
1.28
1.28
1.28052
1.28
1.28
1.28
1.28
1.28
1.28
1.28
1.28
1.28
1.28042
1.28
1.28
1.28
1.28
1.28
1.28
1.28
1.28
1.28001
1.28232
1.28001
1.28
1.28
1.28
1.28
1.28
1.28
1.28
1.28
1.28227
1.28001
1.28
1.28
1.28
1.28
1.28
1.28
1.28
1.28
1.28216
1.28001
1.28
1.28
1.28
1.28
1.28
1.28
1.28
1.28
1.28235
1.28001
1.28
1.28
1.28
1.28
1.28
1.28
1.28
1.28
1.28255
1.28001
1.28
1.28
1.28
1.28
1.28
1.28
1.28
1.28
1.28277
1.28001
1.28
1.28
1.28
1.28
1.28
1.28
1.28
1.28
1.283
1.28001
1.28
1.28
1.28
1.28
1.28
1.28
1.28
1.28
1.28327
1.28001
1.28
1.28
1.28
1.28
1.28
1.28
1.28
1.28
1.28358
1.28002
1.28
1.28
1.28
1.28
1.28
1.28
1.28
1.28
1.28391
1.28002
1.28
1.28
1.28
1.28
1.28
1.28
1.28002
1.28009
1.28048
1.27998
1.28
1.28
1.28
1.28
1.28
1.28
1.28
1.28
1.28055
1.28
1.28
1.28
1.28
1.28
1.28
1.28
1.28
1.28
1.2807
1.28002
1.28
1.28
1.28
1.28
1.28
1.28
1.28
1.28
1.28075
1.28004
1.28
1.28
1.28
1.28
1.28
1.28
1.28
1.28
1.28081
1.28007
1.28
1.28
1.28
1.28
1.28
1.28
1.28
1.28
1.28087
1.2801
1.28
1.28
1.28
1.28
1.28
1.28
1.28
1.28
1.28094
1.28013
1.28
1.28
1.28
1.28
1.28
1.28
1.28
1.28
1.28126
1.28016
1.28
1.28
1.28
1.28
1.28
1.28
1.28
1.28
1.28153
1.2802
1.28
1.28
1.28
1.28
1.28
1.28
1.28
1.28
1.28177
1.28023
1.28
1.28
1.28
1.28
1.28
1.28002
1.28013
1.28046
1.28081
1.28002
1.28
1.28
1.28
1.28
1.28
1.28
1.28
1.28
1.28089
1.28005
1.28
1.28
1.28
1.28
1.28
1.28
1.28
1.28
1.2809
1.28008
1.28
1.28
1.28
1.28
1.28
1.28
1.28
1.28
1.28091
1.28012
1.28
1.28
1.28
1.28
1.28
1.28
1.28
1.28
1.28121
1.28015
1.28
1.28
1.28
1.28
1.28
1.28
1.28
1.28
1.28147
1.2802
1.28
1.28
1.28
1.28
1.28
1.28
1.28
1.28
1.28169
1.28024
1.28
1.28
1.28
1.28
1.28
1.28
1.28
1.28
1.2816
1.28029
1.28
1.28
1.28
1.28
1.28
1.28
1.28
1.28
1.28157
1.28034
1.28
1.28
1.28
1.28
1.28
1.28
1.28
1.28
1.28157
1.2804
1.28
1.28
1.28
1.28
1.28
1.28
1.27999
1.28018
1.28081
1.28008
1.28
1.28
1.28
1.28
1.28
1.28
1.28
1.28
1.28084
1.28012
1.28
1.28
1.28
1.28
1.28
1.28
1.28
1.28
1.28119
1.28016
1.28
1.28
1.28
1.28
1.28
1.28
1.28
1.28
1.28146
1.28021
1.28
1.28
1.28
1.28
1.28
1.28
1.28
1.28
1.28139
1.28026
1.28
1.28
1.28
1.28
1.28
1.28
1.28
1.28
1.28134
1.28032
1.28
1.28
1.28
1.28
1.28
1.28
1.28
1.28
1.28133
1.28039
1.28
1.28
1.28
1.28
1.28
1.28
1.28
1.28
1.28133
1.28046
1.28
1.28
1.28
1.28
1.28
1.28
1.28
1.28
1.28135
1.28054
1.28001
1.28
1.28
1.28
1.28
1.28
1.28
1.28
1.28139
1.28063
1.28001
1.28
1.28
1.28
1.28
1.28
1.27999
1.27999
1.28099
1.28014
1.28
1.28
1.28
1.28
1.28
1.28
1.28
1.28
1.28123
1.28019
1.28
1.28
1.28
1.28
1.28
1.28
1.28
1.28
1.28109
1.28025
1.28
1.28
1.28
1.28
1.28
1.28
1.28
1.28
1.28103
1.28031
1.28
1.28
1.28
1.28
1.28
1.28
1.28
1.28
1.281
1.28038
1.28
1.28
1.28
1.28
1.28
1.28
1.28
1.28
1.28099
1.28046
1.28001
1.28
1.28
1.28
1.28
1.28
1.28
1.28
1.28099
1.28056
1.28001
1.28
1.28
1.28
1.28
1.28
1.28
1.28
1.28101
1.28067
1.28001
1.28
1.28
1.28
1.28
1.28
1.28
1.28
1.28104
1.28079
1.28001
1.28
1.28
1.28
1.28
1.28
1.28
1.28
1.28108
1.28093
1.28002
1.28
1.28
1.28
1.28
1.28
1.28
1.27996
1.28081
1.28019
1.28
1.28
1.28
1.28
1.28
1.28
1.28
1.28
1.28069
1.28025
1.28
1.28
1.28
1.28
1.28
1.28
1.28
1.28
1.28061
1.28032
1.28001
1.28
1.28
1.28
1.28
1.28
1.28
1.28
1.28055
1.2804
1.28001
1.28
1.28
1.28
1.28
1.28
1.28
1.28
1.2805
1.28049
1.28001
1.28
1.28
1.28
1.28
1.28
1.28
1.28
1.28046
1.28061
1.28001
1.28
1.28
1.28
1.28
1.28
1.28
1.28
1.28044
1.28074
1.28002
1.28
1.28
1.28
1.28
1.28
1.28
1.28
1.28042
1.2809
1.28002
1.28
1.28
1.28
1.28
1.28
1.28
1.28
1.28042
1.28108
1.28003
1.28
1.28
1.28
1.28
1.28
1.28
1.28
1.28043
1.2813
1.28003
1.28
1.28
1.28
1.28
1.28
1.28
1.27996
1.28026
1.28021
1.28
1.28
1.28
1.28
1.28
1.28
1.28
1.28
1.28012
1.28028
1.28001
1.28
1.28
1.28
1.28
1.28
1.28
1.28
1.27999
1.28036
1.28001
1.28
1.28
1.28
1.28
1.28
1.28
1.28
1.27987
1.28045
1.28001
1.28
1.28
1.28
1.28
1.28
1.28
1.28
1.27974
1.28057
1.28001
1.28
1.28
1.28
1.28
1.28
1.28
1.28
1.27961
1.28071
1.28002
1.28
1.28
1.28
1.28
1.28
1.28
1.28
1.27949
1.28088
1.28002
1.28
1.28
1.28
1.28
1.28
1.28
1.28
1.27936
1.28109
1.28003
1.28
1.28
1.28
1.28
1.28
1.28
1.28
1.27924
1.28134
1.28004
1.28
1.28
1.28
1.28
1.28
1.28
1.28
1.27912
1.28165
1.28006
1.28
1.28
1.28
1.28
1.28
1.28
1.27996
1.27963
1.2802
1.28
1.28
1.28
1.28
1.28
1.28
1.28
1.28
1.2794
1.28026
1.28001
1.28
1.28
1.28
1.28
1.28
1.28
1.28
1.27917
1.28033
1.28001
1.28
1.28
1.28
1.28
1.28
1.28
1.28
1.27892
1.28042
1.28001
1.28
1.28
1.28
1.28
1.28
1.28
1.28
1.27864
1.28054
1.28002
1.28
1.28
1.28
1.28
1.28
1.28
1.28
1.27833
1.28068
1.28002
1.28
1.28
1.28
1.28
1.28
1.28
1.28
1.27799
1.28087
1.28003
1.28
1.28
1.28
1.28
1.28
1.28
1.28
1.27761
1.28109
1.28004
1.28
1.28
1.28
1.28
1.28
1.28
1.28
1.27719
1.28139
1.28006
1.28
1.28
1.28
1.28
1.28
1.28
1.28
1.27671
1.28176
1.28009
1.28
1.28
1.28
1.28
1.28
1.28
1.27996
1.27894
1.28013
1.28
1.28
1.28
1.28
1.28
1.28
1.28
1.28
1.27858
1.28016
1.28
1.28
1.28
1.28
1.28
1.28
1.28
1.28
1.2782
1.28021
1.28001
1.28
1.28
1.28
1.28
1.28
1.28
1.28
1.27776
1.28028
1.28001
1.28
1.28
1.28
1.28
1.28
1.28
1.28
1.27725
1.28036
1.28001
1.28
1.28
1.28
1.28
1.28
1.28
1.28
1.27667
1.28046
1.28002
1.28
1.28
1.28
1.28
1.28
1.28
1.28
1.27598
1.28059
1.28003
1.28
1.28
1.28
1.28
1.28
1.28
1.28
1.27517
1.28076
1.28004
1.28
1.28
1.28
1.28
1.28
1.28
1.28
1.2742
1.28098
1.28006
1.28
1.28
1.28
1.28
1.28
1.28
1.28
1.27302
1.28127
1.2801
1.28
1.28
1.28
1.28
1.28
1.28
1.27997
1.27831
1.28003
1.28
1.28
1.28
1.28
1.28
1.28
1.28
1.28
1.27783
1.28003
1.28
1.28
1.28
1.28
1.28
1.28
1.28
1.28
1.27729
1.28004
1.28
1.28
1.28
1.28
1.28
1.28
1.28
1.28
1.27665
1.28005
1.28
1.28
1.28
1.28
1.28
1.28
1.28
1.28
1.27589
1.28006
1.28
1.28
1.28
1.28
1.28
1.28
1.28
1.28
1.27499
1.28007
1.28001
1.28
1.28
1.28
1.28
1.28
1.28
1.28
1.2739
1.28008
1.28001
1.28
1.28
1.28
1.28
1.28
1.28
1.28
1.27257
1.28009
1.28002
1.28
1.28
1.28
1.28
1.28
1.28
1.28
1.27093
1.28009
1.28002
1.28
1.28
1.28
1.28
1.28
1.28
1.28
1.26884
1.28008
1.28004
1.28
1.28
1.28
1.28
1.28
1.28
1.28002
1.27793
1.27995
1.28
1.28
1.28
1.28
1.28
1.28
1.28
1.28
1.27736
1.27993
1.28
1.28
1.28
1.28
1.28
1.28
1.28
1.28
1.27671
1.27991
1.28
1.28
1.28
1.28
1.28
1.28
1.28
1.28
1.27595
1.27987
1.28
1.28
1.28
1.28
1.28
1.28
1.28
1.28
1.27503
1.27982
1.28
1.28
1.28
1.28
1.28
1.28
1.28
1.28
1.27391
1.27975
1.27999
1.28
1.28
1.28
1.28
1.28
1.28
1.28
1.27255
1.27965
1.27999
1.28
1.28
1.28
1.28
1.28
1.28
1.28
1.27087
1.2795
1.27998
1.28
1.28
1.28
1.28
1.28
1.28
1.28
1.26875
1.27928
1.27997
1.28
1.28
1.28
1.28
1.28
1.28
1.28
1.26603
1.27893
1.27994
1.28
1.28
1.28
1.28
1.28
1.28002
1.28025
1.27793
1.27995
1.28
1.28
1.28
1.28
1.28
1.28
1.28
1.28
1.27736
1.27993
1.28
1.28
1.28
1.28
1.28
1.28
1.28
1.28
1.27671
1.27991
1.28
1.28
1.28
1.28
1.28
1.28
1.28
1.28
1.27595
1.27987
1.28
1.28
1.28
1.28
1.28
1.28
1.28
1.28
1.27503
1.27982
1.28
1.28
1.28
1.28
1.28
1.28
1.28
1.28
1.27391
1.27975
1.27999
1.28
1.28
1.28
1.28
1.28
1.28
1.28
1.27255
1.27965
1.27999
1.28
1.28
1.28
1.28
1.28
1.28
1.28
1.27087
1.2795
1.27998
1.28
1.28
1.28
1.28
1.28
1.28
1.28
1.26875
1.27928
1.27997
1.28
1.28
1.28
1.28
1.28
1.28
1.28
1.26603
1.27893
1.27994
1.28
1.28
1.28
1.28
1.28
1.28002
1.28025
1.27831
1.28003
1.28
1.28
1.28
1.28
1.28
1.28
1.28
1.28
1.27783
1.28003
1.28
1.28
1.28
1.28
1.28
1.28
1.28
1.28
1.27729
1.28004
1.28
1.28
1.28
1.28
1.28
1.28
1.28
1.28
1.27665
1.28005
1.28
1.28
1.28
1.28
1.28
1.28
1.28
1.28
1.27589
1.28006
1.28
1.28
1.28
1.28
1.28
1.28
1.28
1.28
1.27499
1.28007
1.28001
1.28
1.28
1.28
1.28
1.28
1.28
1.28
1.2739
1.28008
1.28001
1.28
1.28
1.28
1.28
1.28
1.28
1.28
1.27257
1.28009
1.28002
1.28
1.28
1.28
1.28
1.28
1.28
1.28
1.27093
1.28009
1.28002
1.28
1.28
1.28
1.28
1.28
1.28
1.28
1.26884
1.28008
1.28004
1.28
1.28
1.28
1.28
1.28
1.28
1.28002
1.27894
1.28013
1.28
1.28
1.28
1.28
1.28
1.28
1.28
1.28
1.27858
1.28016
1.28
1.28
1.28
1.28
1.28
1.28
1.28
1.28
1.2782
1.28021
1.28001
1.28
1.28
1.28
1.28
1.28
1.28
1.28
1.27776
1.28028
1.28001
1.28
1.28
1.28
1.28
1.28
1.28
1.28
1.27725
1.28036
1.28001
1.28
1.28
1.28
1.28
1.28
1.28
1.28
1.27667
1.28046
1.28002
1.28
1.28
1.28
1.28
1.28
1.28
1.28
1.27598
1.28059
1.28003
1.28
1.28
1.28
1.28
1.28
1.28
1.28
1.27517
1.28076
1.28004
1.28
1.28
1.28
1.28
1.28
1.28
1.28
1.2742
1.28098
1.28006
1.28
1.28
1.28
1.28
1.28
1.28
1.28
1.27302
1.28127
1.2801
1.28
1.28
1.28
1.28
1.28
1.28
1.27997
1.27963
1.2802
1.28
1.28
1.28
1.28
1.28
1.28
1.28
1.28
1.2794
1.28026
1.28001
1.28
1.28
1.28
1.28
1.28
1.28
1.28
1.27917
1.28033
1.28001
1.28
1.28
1.28
1.28
1.28
1.28
1.28
1.27892
1.28042
1.28001
1.28
1.28
1.28
1.28
1.28
1.28
1.28
1.27864
1.28054
1.28002
1.28
1.28
1.28
1.28
1.28
1.28
1.28
1.27833
1.28068
1.28002
1.28
1.28
1.28
1.28
1.28
1.28
1.28
1.27799
1.28087
1.28003
1.28
1.28
1.28
1.28
1.28
1.28
1.28
1.27761
1.28109
1.28004
1.28
1.28
1.28
1.28
1.28
1.28
1.28
1.27719
1.28139
1.28006
1.28
1.28
1.28
1.28
1.28
1.28
1.28
1.27671
1.28176
1.28009
1.28
1.28
1.28
1.28
1.28
1.28
1.27996
1.28026
1.28021
1.28
1.28
1.28
1.28
1.28
1.28
1.28
1.28
1.28012
1.28028
1.28001
1.28
1.28
1.28
1.28
1.28
1.28
1.28
1.27999
1.28036
1.28001
1.28
1.28
1.28
1.28
1.28
1.28
1.28
1.27987
1.28045
1.28001
1.28
1.28
1.28
1.28
1.28
1.28
1.28
1.27974
1.28057
1.28001
1.28
1.28
1.28
1.28
1.28
1.28
1.28
1.27961
1.28071
1.28002
1.28
1.28
1.28
1.28
1.28
1.28
1.28
1.27949
1.28088
1.28002
1.28
1.28
1.28
1.28
1.28
1.28
1.28
1.27936
1.28109
1.28003
1.28
1.28
1.28
1.28
1.28
1.28
1.28
1.27924
1.28134
1.28004
1.28
1.28
1.28
1.28
1.28
1.28
1.28
1.27912
1.28165
1.28006
1.28
1.28
1.28
1.28
1.28
1.28
1.27996
1.28081
1.28019
1.28
1.28
1.28
1.28
1.28
1.28
1.28
1.28
1.28069
1.28025
1.28
1.28
1.28
1.28
1.28
1.28
1.28
1.28
1.28061
1.28032
1.28001
1.28
1.28
1.28
1.28
1.28
1.28
1.28
1.28055
1.2804
1.28001
1.28
1.28
1.28
1.28
1.28
1.28
1.28
1.2805
1.28049
1.28001
1.28
1.28
1.28
1.28
1.28
1.28
1.28
1.28046
1.28061
1.28001
1.28
1.28
1.28
1.28
1.28
1.28
1.28
1.28044
1.28074
1.28002
1.28
1.28
1.28
1.28
1.28
1.28
1.28
1.28042
1.2809
1.28002
1.28
1.28
1.28
1.28
1.28
1.28
1.28
1.28042
1.28108
1.28003
1.28
1.28
1.28
1.28
1.28
1.28
1.28
1.28043
1.2813
1.28003
1.28
1.28
1.28
1.28
1.28
1.28
1.27996
1.28099
1.28014
1.28
1.28
1.28
1.28
1.28
1.28
1.28
1.28
1.28123
1.28019
1.28
1.28
1.28
1.28
1.28
1.28
1.28
1.28
1.28109
1.28025
1.28
1.28
1.28
1.28
1.28
1.28
1.28
1.28
1.28103
1.28031
1.28
1.28
1.28
1.28
1.28
1.28
1.28
1.28
1.281
1.28038
1.28
1.28
1.28
1.28
1.28
1.28
1.28
1.28
1.28099
1.28046
1.28001
1.28
1.28
1.28
1.28
1.28
1.28
1.28
1.28099
1.28056
1.28001
1.28
1.28
1.28
1.28
1.28
1.28
1.28
1.28101
1.28067
1.28001
1.28
1.28
1.28
1.28
1.28
1.28
1.28
1.28104
1.28079
1.28001
1.28
1.28
1.28
1.28
1.28
1.28
1.28
1.28108
1.28093
1.28002
1.28
1.28
1.28
1.28
1.28
1.28
1.27996
1.28081
1.28008
1.28
1.28
1.28
1.28
1.28
1.28
1.28
1.28
1.28084
1.28012
1.28
1.28
1.28
1.28
1.28
1.28
1.28
1.28
1.28119
1.28016
1.28
1.28
1.28
1.28
1.28
1.28
1.28
1.28
1.28146
1.28021
1.28
1.28
1.28
1.28
1.28
1.28
1.28
1.28
1.28139
1.28026
1.28
1.28
1.28
1.28
1.28
1.28
1.28
1.28
1.28134
1.28032
1.28
1.28
1.28
1.28
1.28
1.28
1.28
1.28
1.28133
1.28039
1.28
1.28
1.28
1.28
1.28
1.28
1.28
1.28
1.28133
1.28046
1.28
1.28
1.28
1.28
1.28
1.28
1.28
1.28
1.28135
1.28054
1.28001
1.28
1.28
1.28
1.28
1.28
1.28
1.28
1.28139
1.28063
1.28001
1.28
1.28
1.28
1.28
1.28
1.27999
1.27999
1.28081
1.28002
1.28
1.28
1.28
1.28
1.28
1.28
1.28
1.28
1.28089
1.28005
1.28
1.28
1.28
1.28
1.28
1.28
1.28
1.28
1.2809
1.28008
1.28
1.28
1.28
1.28
1.28
1.28
1.28
1.28
1.28091
1.28012
1.28
1.28
1.28
1.28
1.28
1.28
1.28
1.28
1.28121
1.28015
1.28
1.28
1.28
1.28
1.28
1.28
1.28
1.28
1.28147
1.2802
1.28
1.28
1.28
1.28
1.28
1.28
1.28
1.28
1.28169
1.28024
1.28
1.28
1.28
1.28
1.28
1.28
1.28
1.28
1.2816
1.28029
1.28
1.28
1.28
1.28
1.28
1.28
1.28
1.28
1.28157
1.28034
1.28
1.28
1.28
1.28
1.28
1.28
1.28
1.28
1.28157
1.2804
1.28
1.28
1.28
1.28
1.28
1.28
1.27999
1.28018
1.28048
1.27998
1.28
1.28
1.28
1.28
1.28
1.28
1.28
1.28
1.28055
1.28
1.28
1.28
1.28
1.28
1.28
1.28
1.28
1.28
1.2807
1.28002
1.28
1.28
1.28
1.28
1.28
1.28
1.28
1.28
1.28075
1.28004
1.28
1.28
1.28
1.28
1.28
1.28
1.28
1.28
1.28081
1.28007
1.28
1.28
1.28
1.28
1.28
1.28
1.28
1.28
1.28087
1.2801
1.28
1.28
1.28
1.28
1.28
1.28
1.28
1.28
1.28094
1.28013
1.28
1.28
1.28
1.28
1.28
1.28
1.28
1.28
1.28126
1.28016
1.28
1.28
1.28
1.28
1.28
1.28
1.28
1.28
1.28153
1.2802
1.28
1.28
1.28
1.28
1.28
1.28
1.28
1.28
1.28177
1.28023
1.28
1.28
1.28
1.28
1.28
1.28002
1.28013
1.28046
1.28232
1.28001
1.28
1.28
1.28
1.28
1.28
1.28
1.28
1.28
1.28227
1.28001
1.28
1.28
1.28
1.28
1.28
1.28
1.28
1.28
1.28216
1.28001
1.28
1.28
1.28
1.28
1.28
1.28
1.28
1.28
1.28235
1.28001
1.28
1.28
1.28
1.28
1.28
1.28
1.28
1.28
1.28255
1.28001
1.28
1.28
1.28
1.28
1.28
1.28
1.28
1.28
1.28277
1.28001
1.28
1.28
1.28
1.28
1.28
1.28
1.28
1.28
1.283
1.28001
1.28
1.28
1.28
1.28
1.28
1.28
1.28
1.28
1.28327
1.28001
1.28
1.28
1.28
1.28
1.28
1.28
1.28
1.28
1.28358
1.28002
1.28
1.28
1.28
1.28
1.28
1.28
1.28
1.28
1.28391
1.28002
1.28
1.28
1.28
1.28
1.28
1.28
1.28002
1.28009
1.28022
1.28001
1.28
1.28
1.28
1.28
1.28
1.28
1.28
1.28
1.28025
1.28
1.28
1.28
1.28
1.28
1.28
1.28
1.28
1.28
1.28026
1.28
1.28
1.28
1.28
1.28
1.28
1.28
1.28
1.28
1.28034
1.28
1.28
1.28
1.28
1.28
1.28
1.28
1.28
1.28
1.28041
1.28
1.28
1.28
1.28
1.28
1.28
1.28
1.28
1.28
1.28047
1.28
1.28
1.28
1.28
1.28
1.28
1.28
1.28
1.28
1.28052
1.28
1.28
1.28
1.28
1.28
1.28
1.28
1.28
1.28
1.28054
1.28
1.28
1.28
1.28
1.28
1.28
1.28
1.28
1.28
1.28052
1.28
1.28
1.28
1.28
1.28
1.28
1.28
1.28
1.28
1.28042
1.28
1.28
1.28
1.28
1.28
1.28
1.28
1.28
1.28001
1.27914
1.28
1.28
1.28
1.28
1.28
1.28
1.28
1.28
1.28
1.27922
1.28
1.28
1.28
1.28
1.28
1.28
1.28
1.28
1.28
1.2793
1.28
1.28
1.28
1.28
1.28
1.28
1.28
1.28
1.28
1.27938
1.28
1.28
1.28
1.28
1.28
1.28
1.28
1.28
1.28
1.27946
1.28
1.28
1.28
1.28
1.28
1.28
1.28
1.28
1.28
1.27954
1.28
1.28
1.28
1.28
1.28
1.28
1.28
1.28
1.28
1.27962
1.28
1.28
1.28
1.28
1.28
1.28
1.28
1.28
1.28
1.2797
1.28
1.28
1.28
1.28
1.28
1.28
1.28
1.28
1.28
1.2798
1.28
1.28
1.28
1.28
1.28
1.28
1.28
1.28
1.28
1.27993
1.28
1.28
1.28
1.28
1.28
1.28
1.28
1.28
1.28
1.27891
1.28
1.28
1.28
1.28
1.28
1.28
1.28
1.28
1.28
1.27901
1.28
1.28
1.28
1.28
1.28
1.28
1.28
1.28
1.28
1.27911
1.28
1.28
1.28
1.28
1.28
1.28
1.28
1.28
1.28
1.27921
1.28
1.28
1.28
1.28
1.28
1.28
1.28
1.28
1.28
1.27931
1.28
1.28
1.28
1.28
1.28
1.28
1.28
1.28
1.28
1.27941
1.28
1.28
1.28
1.28
1.28
1.28
1.28
1.28
1.28
1.27952
1.28
1.28
1.28
1.28
1.28
1.28
1.28
1.28
1.28
1.27963
1.28
1.28
1.28
1.28
1.28
1.28
1.28
1.28
1.28
1.27976
1.28
1.28
1.28
1.28
1.28
1.28
1.28
1.28
1.28
1.2799
1.28
1.28
1.28
1.28
1.28
1.28
1.28
1.28
1.28
1.27896
1.28
1.28
1.28
1.28
1.28
1.28
1.28
1.28
1.28
1.27906
1.28
1.28
1.28
1.28
1.28
1.28
1.28
1.28
1.28
1.27916
1.28
1.28
1.28
1.28
1.28
1.28
1.28
1.28
1.28
1.27926
1.28
1.28
1.28
1.28
1.28
1.28
1.28
1.28
1.28
1.27936
1.28
1.28
1.28
1.28
1.28
1.28
1.28
1.28
1.28
1.27946
1.28
1.28
1.28
1.28
1.28
1.28
1.28
1.28
1.28
1.27957
1.28
1.28
1.28
1.28
1.28
1.28
1.28
1.28
1.28
1.27969
1.28
1.28
1.28
1.28
1.28
1.28
1.28
1.28
1.28
1.2798
1.28
1.28
1.28
1.28
1.28
1.28
1.28
1.28
1.28
1.27993
1.28
1.28
1.28
1.28
1.28
1.28
1.28
1.28
1.28
1.27905
1.28
1.28
1.28
1.28
1.28
1.28
1.28
1.28
1.28
1.27914
1.28
1.28
1.28
1.28
1.28
1.28
1.28
1.28
1.28
1.27923
1.28
1.28
1.28
1.28
1.28
1.28
1.28
1.28
1.28
1.27933
1.28
1.28
1.28
1.28
1.28
1.28
1.28
1.28
1.28
1.27942
1.28
1.28
1.28
1.28
1.28
1.28
1.28
1.28
1.28
1.27952
1.28
1.28
1.28
1.28
1.28
1.28
1.28
1.28
1.28
1.27963
1.28
1.28
1.28
1.28
1.28
1.28
1.28
1.28
1.28
1.27973
1.28
1.28
1.28
1.28
1.28
1.28
1.28
1.28
1.28
1.27984
1.28
1.28
1.28
1.28
1.28
1.28
1.28
1.28
1.28
1.27994
1.28
1.28
1.28
1.28
1.28
1.28
1.28
1.28
1.28
1.2791
1.28
1.28
1.28
1.28
1.28
1.28
1.28
1.28
1.28
1.27919
1.28
1.28
1.28
1.28
1.28
1.28
1.28
1.28
1.28
1.27927
1.28
1.28
1.28
1.28
1.28
1.28
1.28
1.28
1.28
1.27937
1.28
1.28
1.28
1.28
1.28
1.28
1.28
1.28
1.28
1.27946
1.28
1.28
1.28
1.28
1.28
1.28
1.28
1.28
1.28
1.27955
1.28
1.28
1.28
1.28
1.28
1.28
1.28
1.28
1.28
1.27965
1.28
1.28
1.28
1.28
1.28
1.28
1.28
1.28
1.28
1.27975
1.28
1.28
1.28
1.28
1.28
1.28
1.28
1.28
1.28
1.27985
1.28
1.28
1.28
1.28
1.28
1.28
1.28
1.28
1.28
1.27995
1.28
1.28
1.28
1.28
1.28
1.28
1.28
1.28
1.28
1.2791
1.28
1.28
1.28
1.28
1.28
1.28
1.28
1.28
1.28
1.27918
1.28
1.28
1.28
1.28
1.28
1.28
1.28
1.28
1.28
1.27927
1.28
1.28
1.28
1.28
1.28
1.28
1.28
1.28
1.28
1.27936
1.28
1.28
1.28
1.28
1.28
1.28
1.28
1.28
1.28
1.27945
1.28
1.28
1.28
1.28
1.28
1.28
1.28
1.28
1.28
1.27954
1.28
1.28
1.28
1.28
1.28
1.28
1.28
1.28
1.28
1.27964
1.28
1.28
1.28
1.28
1.28
1.28
1.28
1.28
1.28
1.27974
1.28
1.28
1.28
1.28
1.28
1.28
1.28
1.28
1.28
1.27984
1.28
1.28
1.28
1.28
1.28
1.28
1.28
1.28
1.28
1.27994
1.28
1.28
1.28
1.28
1.28
1.28
1.28
1.28
1.28
1.27896
1.28002
1.28002
1.28002
1.28002
1.28002
1.28002
1.28001
1.28001
1.28002
1.27905
1.28001
1.28002
1.28002
1.28001
1.28001
1.28001
1.28001
1.28001
1.28002
1.27915
1.28001
1.28001
1.28001
1.28001
1.28001
1.28001
1.28001
1.28001
1.28002
1.27925
1.28
1.28001
1.28001
1.28001
1.28001
1.28001
1.28001
1.28001
1.28002
1.27936
1.28
1.28
1.28
1.28
1.28
1.28001
1.28001
1.28001
1.28001
1.27947
1.28
1.28
1.28
1.28
1.28
1.28
1.28
1.28
1.28001
1.27958
1.27999
1.28
1.28
1.28
1.28
1.28
1.28
1.28
1.28001
1.27969
1.27999
1.27999
1.28
1.28
1.28
1.28
1.28
1.28
1.28001
1.2798
1.27999
1.27999
1.27999
1.27999
1.27999
1.28
1.28
1.28
1.28
1.27992
1.27999
1.27999
1.27999
1.27999
1.27999
1.27999
1.27999
1.27999
1.27999
1.2785
1.27992
1.27994
1.27995
1.27996
1.27997
1.27997
1.27998
1.27998
1.28025
1.27865
1.27993
1.27994
1.27995
1.27995
1.27996
1.27996
1.27997
1.27997
1.28022
1.2788
1.27993
1.27995
1.27995
1.27996
1.27996
1.27996
1.27997
1.27997
1.2802
1.27895
1.27994
1.27995
1.27995
1.27996
1.27996
1.27996
1.27997
1.27997
1.28018
1.2791
1.27994
1.27995
1.27995
1.27996
1.27996
1.27996
1.27997
1.27997
1.28016
1.27925
1.27995
1.27995
1.27996
1.27996
1.27996
1.27996
1.27996
1.27997
1.28013
1.2794
1.27995
1.27995
1.27996
1.27996
1.27996
1.27996
1.27996
1.27996
1.2801
1.27956
1.27995
1.27995
1.27996
1.27996
1.27996
1.27996
1.27996
1.27996
1.28007
1.27971
1.27995
1.27995
1.27995
1.27996
1.27996
1.27996
1.27996
1.27996
1.28003
1.27987
1.27995
1.27994
1.27994
1.27993
1.27993
1.27993
1.27992
1.27992
1.27994
1.28025
1.27998
1.27998
1.27997
1.27997
1.27996
1.27995
1.27994
1.27992
1.2785
1.28022
1.27997
1.27997
1.27996
1.27996
1.27995
1.27995
1.27994
1.27993
1.27865
1.2802
1.27997
1.27997
1.27996
1.27996
1.27996
1.27995
1.27995
1.27993
1.2788
1.28018
1.27997
1.27997
1.27996
1.27996
1.27996
1.27995
1.27995
1.27994
1.27895
1.28016
1.27997
1.27997
1.27996
1.27996
1.27996
1.27995
1.27995
1.27994
1.2791
1.28013
1.27997
1.27996
1.27996
1.27996
1.27996
1.27996
1.27995
1.27995
1.27925
1.2801
1.27996
1.27996
1.27996
1.27996
1.27996
1.27996
1.27995
1.27995
1.2794
1.28007
1.27996
1.27996
1.27996
1.27996
1.27996
1.27996
1.27995
1.27995
1.27956
1.28003
1.27996
1.27996
1.27996
1.27996
1.27996
1.27995
1.27995
1.27995
1.27971
1.27994
1.27992
1.27992
1.27993
1.27993
1.27993
1.27994
1.27994
1.27995
1.27987
1.28002
1.28001
1.28001
1.28002
1.28002
1.28002
1.28002
1.28002
1.28002
1.27896
1.28002
1.28001
1.28001
1.28001
1.28001
1.28001
1.28002
1.28002
1.28001
1.27905
1.28002
1.28001
1.28001
1.28001
1.28001
1.28001
1.28001
1.28001
1.28001
1.27915
1.28002
1.28001
1.28001
1.28001
1.28001
1.28001
1.28001
1.28001
1.28
1.27925
1.28001
1.28001
1.28001
1.28001
1.28
1.28
1.28
1.28
1.28
1.27936
1.28001
1.28
1.28
1.28
1.28
1.28
1.28
1.28
1.28
1.27947
1.28001
1.28
1.28
1.28
1.28
1.28
1.28
1.28
1.27999
1.27958
1.28001
1.28
1.28
1.28
1.28
1.28
1.28
1.27999
1.27999
1.27969
1.28
1.28
1.28
1.28
1.27999
1.27999
1.27999
1.27999
1.27999
1.2798
1.27999
1.27999
1.27999
1.27999
1.27999
1.27999
1.27999
1.27999
1.27999
1.27992
1.28
1.28
1.28
1.28
1.28
1.28
1.28
1.28
1.28
1.2791
1.28
1.28
1.28
1.28
1.28
1.28
1.28
1.28
1.28
1.27918
1.28
1.28
1.28
1.28
1.28
1.28
1.28
1.28
1.28
1.27927
1.28
1.28
1.28
1.28
1.28
1.28
1.28
1.28
1.28
1.27936
1.28
1.28
1.28
1.28
1.28
1.28
1.28
1.28
1.28
1.27945
1.28
1.28
1.28
1.28
1.28
1.28
1.28
1.28
1.28
1.27954
1.28
1.28
1.28
1.28
1.28
1.28
1.28
1.28
1.28
1.27964
1.28
1.28
1.28
1.28
1.28
1.28
1.28
1.28
1.28
1.27974
1.28
1.28
1.28
1.28
1.28
1.28
1.28
1.28
1.28
1.27984
1.28
1.28
1.28
1.28
1.28
1.28
1.28
1.28
1.28
1.27994
1.28
1.28
1.28
1.28
1.28
1.28
1.28
1.28
1.28
1.2791
1.28
1.28
1.28
1.28
1.28
1.28
1.28
1.28
1.28
1.27919
1.28
1.28
1.28
1.28
1.28
1.28
1.28
1.28
1.28
1.27927
1.28
1.28
1.28
1.28
1.28
1.28
1.28
1.28
1.28
1.27937
1.28
1.28
1.28
1.28
1.28
1.28
1.28
1.28
1.28
1.27946
1.28
1.28
1.28
1.28
1.28
1.28
1.28
1.28
1.28
1.27955
1.28
1.28
1.28
1.28
1.28
1.28
1.28
1.28
1.28
1.27965
1.28
1.28
1.28
1.28
1.28
1.28
1.28
1.28
1.28
1.27975
1.28
1.28
1.28
1.28
1.28
1.28
1.28
1.28
1.28
1.27985
1.28
1.28
1.28
1.28
1.28
1.28
1.28
1.28
1.28
1.27995
1.28
1.28
1.28
1.28
1.28
1.28
1.28
1.28
1.28
1.27905
1.28
1.28
1.28
1.28
1.28
1.28
1.28
1.28
1.28
1.27914
1.28
1.28
1.28
1.28
1.28
1.28
1.28
1.28
1.28
1.27923
1.28
1.28
1.28
1.28
1.28
1.28
1.28
1.28
1.28
1.27933
1.28
1.28
1.28
1.28
1.28
1.28
1.28
1.28
1.28
1.27942
1.28
1.28
1.28
1.28
1.28
1.28
1.28
1.28
1.28
1.27952
1.28
1.28
1.28
1.28
1.28
1.28
1.28
1.28
1.28
1.27963
1.28
1.28
1.28
1.28
1.28
1.28
1.28
1.28
1.28
1.27973
1.28
1.28
1.28
1.28
1.28
1.28
1.28
1.28
1.28
1.27984
1.28
1.28
1.28
1.28
1.28
1.28
1.28
1.28
1.28
1.27994
1.28
1.28
1.28
1.28
1.28
1.28
1.28
1.28
1.28
1.27896
1.28
1.28
1.28
1.28
1.28
1.28
1.28
1.28
1.28
1.27906
1.28
1.28
1.28
1.28
1.28
1.28
1.28
1.28
1.28
1.27916
1.28
1.28
1.28
1.28
1.28
1.28
1.28
1.28
1.28
1.27926
1.28
1.28
1.28
1.28
1.28
1.28
1.28
1.28
1.28
1.27936
1.28
1.28
1.28
1.28
1.28
1.28
1.28
1.28
1.28
1.27946
1.28
1.28
1.28
1.28
1.28
1.28
1.28
1.28
1.28
1.27957
1.28
1.28
1.28
1.28
1.28
1.28
1.28
1.28
1.28
1.27969
1.28
1.28
1.28
1.28
1.28
1.28
1.28
1.28
1.28
1.2798
1.28
1.28
1.28
1.28
1.28
1.28
1.28
1.28
1.28
1.27993
1.28
1.28
1.28
1.28
1.28
1.28
1.28
1.28
1.28
1.27891
1.28
1.28
1.28
1.28
1.28
1.28
1.28
1.28
1.28
1.27901
1.28
1.28
1.28
1.28
1.28
1.28
1.28
1.28
1.28
1.27911
1.28
1.28
1.28
1.28
1.28
1.28
1.28
1.28
1.28
1.27921
1.28
1.28
1.28
1.28
1.28
1.28
1.28
1.28
1.28
1.27931
1.28
1.28
1.28
1.28
1.28
1.28
1.28
1.28
1.28
1.27941
1.28
1.28
1.28
1.28
1.28
1.28
1.28
1.28
1.28
1.27952
1.28
1.28
1.28
1.28
1.28
1.28
1.28
1.28
1.28
1.27963
1.28
1.28
1.28
1.28
1.28
1.28
1.28
1.28
1.28
1.27976
1.28
1.28
1.28
1.28
1.28
1.28
1.28
1.28
1.28
1.2799
1.28
1.28
1.28
1.28
1.28
1.28
1.28
1.28
1.28
1.27914
1.28
1.28
1.28
1.28
1.28
1.28
1.28
1.28
1.28
1.27922
1.28
1.28
1.28
1.28
1.28
1.28
1.28
1.28
1.28
1.2793
1.28
1.28
1.28
1.28
1.28
1.28
1.28
1.28
1.28
1.27938
1.28
1.28
1.28
1.28
1.28
1.28
1.28
1.28
1.28
1.27946
1.28
1.28
1.28
1.28
1.28
1.28
1.28
1.28
1.28
1.27954
1.28
1.28
1.28
1.28
1.28
1.28
1.28
1.28
1.28
1.27962
1.28
1.28
1.28
1.28
1.28
1.28
1.28
1.28
1.28
1.2797
1.28
1.28
1.28
1.28
1.28
1.28
1.28
1.28
1.28
1.2798
1.28
1.28
1.28
1.28
1.28
1.28
1.28
1.28
1.28
1.27993
1.28
1.28
1.28
1.28
1.28
1.28
1.28
1.28
1.28001
1.28022
1.28
1.28
1.28
1.28
1.28
1.28
1.28
1.28
1.28
1.28025
1.28
1.28
1.28
1.28
1.28
1.28
1.28
1.28
1.28
1.28026
1.28
1.28
1.28
1.28
1.28
1.28
1.28
1.28
1.28
1.28034
1.28
1.28
1.28
1.28
1.28
1.28
1.28
1.28
1.28
1.28041
1.28
1.28
1.28
1.28
1.28
1.28
1.28
1.28
1.28
1.28047
1.28
1.28
1.28
1.28
1.28
1.28
1.28
1.28
1.28
1.28052
1.28
1.28
1.28
1.28
1.28
1.28
1.28
1.28
1.28
1.28054
1.28
1.28
1.28
1.28
1.28
1.28
1.28
1.28
1.28
1.28052
1.28001
1.28
1.28
1.28
1.28
1.28
1.28
1.28
1.28
1.28042
1.28
1.28
1.28
1.28
1.28
1.28
1.28
1.28
1.28001
1.28232
1.28
1.28
1.28
1.28
1.28
1.28
1.28
1.28
1.28001
1.28227
1.28
1.28
1.28
1.28
1.28
1.28
1.28
1.28
1.28001
1.28216
1.28
1.28
1.28
1.28
1.28
1.28
1.28
1.28
1.28001
1.28235
1.28
1.28
1.28
1.28
1.28
1.28
1.28
1.28
1.28001
1.28255
1.28
1.28
1.28
1.28
1.28
1.28
1.28
1.28
1.28001
1.28277
1.28
1.28
1.28
1.28
1.28
1.28
1.28
1.28
1.28001
1.283
1.28
1.28
1.28
1.28
1.28
1.28
1.28
1.28
1.28001
1.28327
1.28
1.28
1.28
1.28
1.28
1.28
1.28
1.28
1.28002
1.28358
1.28009
1.28002
1.28
1.28
1.28
1.28
1.28
1.28
1.28002
1.28391
1.28
1.28
1.28
1.28
1.28
1.28
1.28
1.28
1.27998
1.28048
1.28
1.28
1.28
1.28
1.28
1.28
1.28
1.28
1.28
1.28055
1.28
1.28
1.28
1.28
1.28
1.28
1.28
1.28
1.28002
1.2807
1.28
1.28
1.28
1.28
1.28
1.28
1.28
1.28
1.28004
1.28075
1.28
1.28
1.28
1.28
1.28
1.28
1.28
1.28
1.28007
1.28081
1.28
1.28
1.28
1.28
1.28
1.28
1.28
1.28
1.2801
1.28087
1.28
1.28
1.28
1.28
1.28
1.28
1.28
1.28
1.28013
1.28094
1.28
1.28
1.28
1.28
1.28
1.28
1.28
1.28
1.28016
1.28126
1.28
1.28
1.28
1.28
1.28
1.28
1.28
1.28
1.2802
1.28153
1.28046
1.28013
1.28001
1.28
1.28
1.28
1.28
1.28
1.28023
1.28177
1.28
1.28
1.28
1.28
1.28
1.28
1.28
1.28
1.28002
1.28081
1.28
1.28
1.28
1.28
1.28
1.28
1.28
1.28
1.28005
1.28089
1.28
1.28
1.28
1.28
1.28
1.28
1.28
1.28
1.28008
1.2809
1.28
1.28
1.28
1.28
1.28
1.28
1.28
1.28
1.28012
1.28091
1.28
1.28
1.28
1.28
1.28
1.28
1.28
1.28
1.28015
1.28121
1.28
1.28
1.28
1.28
1.28
1.28
1.28
1.28
1.2802
1.28147
1.28
1.28
1.28
1.28
1.28
1.28
1.28
1.28
1.28024
1.28169
1.28
1.28
1.28
1.28
1.28
1.28
1.28
1.28
1.28029
1.2816
1.28
1.28
1.28
1.28
1.28
1.28
1.28
1.28
1.28034
1.28157
1.28018
1.27999
1.28
1.28
1.28
1.28
1.28
1.28
1.2804
1.28157
1.28
1.28
1.28
1.28
1.28
1.28
1.28
1.28
1.28008
1.28081
1.28
1.28
1.28
1.28
1.28
1.28
1.28
1.28
1.28012
1.28084
1.28
1.28
1.28
1.28
1.28
1.28
1.28
1.28
1.28016
1.28119
1.28
1.28
1.28
1.28
1.28
1.28
1.28
1.28
1.28021
1.28146
1.28
1.28
1.28
1.28
1.28
1.28
1.28
1.28
1.28026
1.28139
1.28
1.28
1.28
1.28
1.28
1.28
1.28
1.28
1.28032
1.28134
1.28
1.28
1.28
1.28
1.28
1.28
1.28
1.28
1.28039
1.28133
1.28
1.28
1.28
1.28
1.28
1.28
1.28
1.28
1.28046
1.28133
1.28
1.28
1.28
1.28
1.28
1.28
1.28
1.28001
1.28054
1.28135
1.27999
1.27999
1.28
1.28
1.28
1.28
1.28
1.28001
1.28063
1.28139
1.28
1.28
1.28
1.28
1.28
1.28
1.28
1.28
1.28014
1.28099
1.28
1.28
1.28
1.28
1.28
1.28
1.28
1.28
1.28019
1.28123
1.28
1.28
1.28
1.28
1.28
1.28
1.28
1.28
1.28025
1.28109
1.28
1.28
1.28
1.28
1.28
1.28
1.28
1.28
1.28031
1.28103
1.28
1.28
1.28
1.28
1.28
1.28
1.28
1.28
1.28038
1.281
1.28
1.28
1.28
1.28
1.28
1.28
1.28
1.28001
1.28046
1.28099
1.28
1.28
1.28
1.28
1.28
1.28
1.28
1.28001
1.28056
1.28099
1.28
1.28
1.28
1.28
1.28
1.28
1.28
1.28001
1.28067
1.28101
1.28
1.28
1.28
1.28
1.28
1.28
1.28
1.28001
1.28079
1.28104
1.27996
1.28
1.28
1.28
1.28
1.28
1.28
1.28002
1.28093
1.28108
1.28
1.28
1.28
1.28
1.28
1.28
1.28
1.28
1.28019
1.28081
1.28
1.28
1.28
1.28
1.28
1.28
1.28
1.28
1.28025
1.28069
1.28
1.28
1.28
1.28
1.28
1.28
1.28
1.28001
1.28032
1.28061
1.28
1.28
1.28
1.28
1.28
1.28
1.28
1.28001
1.2804
1.28055
1.28
1.28
1.28
1.28
1.28
1.28
1.28
1.28001
1.28049
1.2805
1.28
1.28
1.28
1.28
1.28
1.28
1.28
1.28001
1.28061
1.28046
1.28
1.28
1.28
1.28
1.28
1.28
1.28
1.28002
1.28074
1.28044
1.28
1.28
1.28
1.28
1.28
1.28
1.28
1.28002
1.2809
1.28042
1.28
1.28
1.28
1.28
1.28
1.28
1.28
1.28003
1.28108
1.28042
1.27996
1.28
1.28
1.28
1.28
1.28
1.28
1.28003
1.2813
1.28043
1.28
1.28
1.28
1.28
1.28
1.28
1.28
1.28
1.28021
1.28026
1.28
1.28
1.28
1.28
1.28
1.28
1.28
1.28001
1.28028
1.28012
1.28
1.28
1.28
1.28
1.28
1.28
1.28
1.28001
1.28036
1.27999
1.28
1.28
1.28
1.28
1.28
1.28
1.28
1.28001
1.28045
1.27987
1.28
1.28
1.28
1.28
1.28
1.28
1.28
1.28001
1.28057
1.27974
1.28
1.28
1.28
1.28
1.28
1.28
1.28
1.28002
1.28071
1.27961
1.28
1.28
1.28
1.28
1.28
1.28
1.28
1.28002
1.28088
1.27949
1.28
1.28
1.28
1.28
1.28
1.28
1.28
1.28003
1.28109
1.27936
1.28
1.28
1.28
1.28
1.28
1.28
1.28
1.28004
1.28134
1.27924
1.27996
1.28
1.28
1.28
1.28
1.28
1.28
1.28006
1.28165
1.27912
1.28
1.28
1.28
1.28
1.28
1.28
1.28
1.28
1.2802
1.27963
1.28
1.28
1.28
1.28
1.28
1.28
1.28
1.28001
1.28026
1.2794
1.28
1.28
1.28
1.28
1.28
1.28
1.28
1.28001
1.28033
1.27917
1.28
1.28
1.28
1.28
1.28
1.28
1.28
1.28001
1.28042
1.27892
1.28
1.28
1.28
1.28
1.28
1.28
1.28
1.28002
1.28054
1.27864
1.28
1.28
1.28
1.28
1.28
1.28
1.28
1.28002
1.28068
1.27833
1.28
1.28
1.28
1.28
1.28
1.28
1.28
1.28003
1.28087
1.27799
1.28
1.28
1.28
1.28
1.28
1.28
1.28
1.28004
1.28109
1.27761
1.28
1.28
1.28
1.28
1.28
1.28
1.28
1.28006
1.28139
1.27719
1.27996
1.28
1.28
1.28
1.28
1.28
1.28
1.28009
1.28176
1.27671
1.28
1.28
1.28
1.28
1.28
1.28
1.28
1.28
1.28013
1.27894
1.28
1.28
1.28
1.28
1.28
1.28
1.28
1.28
1.28016
1.27858
1.28
1.28
1.28
1.28
1.28
1.28
1.28
1.28001
1.28021
1.2782
1.28
1.28
1.28
1.28
1.28
1.28
1.28
1.28001
1.28028
1.27776
1.28
1.28
1.28
1.28
1.28
1.28
1.28
1.28001
1.28036
1.27725
1.28
1.28
1.28
1.28
1.28
1.28
1.28
1.28002
1.28046
1.27667
1.28
1.28
1.28
1.28
1.28
1.28
1.28
1.28003
1.28059
1.27598
1.28
1.28
1.28
1.28
1.28
1.28
1.28
1.28004
1.28076
1.27517
1.28
1.28
1.28
1.28
1.28
1.28
1.28
1.28006
1.28098
1.2742
1.27997
1.28
1.28
1.28
1.28
1.28
1.28
1.2801
1.28127
1.27302
1.28
1.28
1.28
1.28
1.28
1.28
1.28
1.28
1.28003
1.27831
1.28
1.28
1.28
1.28
1.28
1.28
1.28
1.28
1.28003
1.27783
1.28
1.28
1.28
1.28
1.28
1.28
1.28
1.28
1.28004
1.27729
1.28
1.28
1.28
1.28
1.28
1.28
1.28
1.28
1.28005
1.27665
1.28
1.28
1.28
1.28
1.28
1.28
1.28
1.28
1.28006
1.27589
1.28
1.28
1.28
1.28
1.28
1.28
1.28
1.28001
1.28007
1.27499
1.28
1.28
1.28
1.28
1.28
1.28
1.28
1.28001
1.28008
1.2739
1.28
1.28
1.28
1.28
1.28
1.28
1.28
1.28002
1.28009
1.27257
1.28
1.28
1.28
1.28
1.28
1.28
1.28
1.28002
1.28009
1.27093
1.28002
1.28
1.28
1.28
1.28
1.28
1.28
1.28004
1.28008
1.26884
1.28
1.28
1.28
1.28
1.28
1.28
1.28
1.28
1.27995
1.27793
1.28
1.28
1.28
1.28
1.28
1.28
1.28
1.28
1.27993
1.27736
1.28
1.28
1.28
1.28
1.28
1.28
1.28
1.28
1.27991
1.27672
1.28
1.28
1.28
1.28
1.28
1.28
1.28
1.28
1.27987
1.27595
1.28
1.28
1.28
1.28
1.28
1.28
1.28
1.28
1.27982
1.27503
1.28
1.28
1.28
1.28
1.28
1.28
1.28
1.27999
1.27975
1.27391
1.28
1.28
1.28
1.28
1.28
1.28
1.28
1.27999
1.27965
1.27255
1.28
1.28
1.28
1.28
1.28
1.28
1.28
1.27998
1.2795
1.27087
1.28
1.28
1.28
1.28
1.28
1.28
1.28
1.27997
1.27928
1.26875
1.28025
1.28002
1.28
1.28
1.28
1.28
1.28
1.27994
1.27893
1.26603
1.28
1.28
1.28
1.28
1.28
1.28
1.28
1.28
1.27995
1.27792
1.28
1.28
1.28
1.28
1.28
1.28
1.28
1.28
1.27993
1.27736
1.28
1.28
1.28
1.28
1.28
1.28
1.28
1.28
1.27991
1.27671
1.28
1.28
1.28
1.28
1.28
1.28
1.28
1.28
1.27987
1.27594
1.28
1.28
1.28
1.28
1.28
1.28
1.28
1.28
1.27982
1.27502
1.28
1.28
1.28
1.28
1.28
1.28
1.28
1.27999
1.27975
1.27391
1.28
1.28
1.28
1.28
1.28
1.28
1.28
1.27999
1.27965
1.27255
1.28
1.28
1.28
1.28
1.28
1.28
1.28
1.27998
1.2795
1.27086
1.28
1.28
1.28
1.28
1.28
1.28
1.28
1.27997
1.27928
1.26875
1.28025
1.28002
1.28
1.28
1.28
1.28
1.28
1.27994
1.27893
1.26603
1.28
1.28
1.28
1.28
1.28
1.28
1.28
1.28
1.28003
1.2783
1.28
1.28
1.28
1.28
1.28
1.28
1.28
1.28
1.28003
1.27782
1.28
1.28
1.28
1.28
1.28
1.28
1.28
1.28
1.28004
1.27727
1.28
1.28
1.28
1.28
1.28
1.28
1.28
1.28
1.28005
1.27664
1.28
1.28
1.28
1.28
1.28
1.28
1.28
1.28
1.28006
1.27588
1.28
1.28
1.28
1.28
1.28
1.28
1.28
1.28001
1.28007
1.27498
1.28
1.28
1.28
1.28
1.28
1.28
1.28
1.28001
1.28008
1.27389
1.28
1.28
1.28
1.28
1.28
1.28
1.28
1.28002
1.28009
1.27256
1.28
1.28
1.28
1.28
1.28
1.28
1.28
1.28002
1.28009
1.27093
1.28002
1.28
1.28
1.28
1.28
1.28
1.28
1.28004
1.28008
1.26884
1.28
1.28
1.28
1.28
1.28
1.28
1.28
1.28
1.28013
1.27893
1.28
1.28
1.28
1.28
1.28
1.28
1.28
1.28
1.28016
1.27857
1.28
1.28
1.28
1.28
1.28
1.28
1.28
1.28001
1.28021
1.27819
1.28
1.28
1.28
1.28
1.28
1.28
1.28
1.28001
1.28028
1.27775
1.28
1.28
1.28
1.28
1.28
1.28
1.28
1.28001
1.28036
1.27725
1.28
1.28
1.28
1.28
1.28
1.28
1.28
1.28002
1.28046
1.27666
1.28
1.28
1.28
1.28
1.28
1.28
1.28
1.28003
1.28059
1.27597
1.28
1.28
1.28
1.28
1.28
1.28
1.28
1.28004
1.28076
1.27516
1.28
1.28
1.28
1.28
1.28
1.28
1.28
1.28006
1.28098
1.2742
1.27997
1.28
1.28
1.28
1.28
1.28
1.28
1.2801
1.28127
1.27302
1.28
1.28
1.28
1.28
1.28
1.28
1.28
1.28
1.2802
1.27962
1.28
1.28
1.28
1.28
1.28
1.28
1.28
1.28001
1.28026
1.27939
1.28
1.28
1.28
1.28
1.28
1.28
1.28
1.28001
1.28033
1.27916
1.28
1.28
1.28
1.28
1.28
1.28
1.28
1.28001
1.28042
1.27891
1.28
1.28
1.28
1.28
1.28
1.28
1.28
1.28002
1.28054
1.27863
1.28
1.28
1.28
1.28
1.28
1.28
1.28
1.28002
1.28068
1.27832
1.28
1.28
1.28
1.28
1.28
1.28
1.28
1.28003
1.28087
1.27798
1.28
1.28
1.28
1.28
1.28
1.28
1.28
1.28004
1.2811
1.27761
1.28
1.28
1.28
1.28
1.28
1.28
1.28
1.28006
1.28139
1.27719
1.27996
1.28
1.28
1.28
1.28
1.28
1.28
1.28009
1.28176
1.27671
1.28
1.28
1.28
1.28
1.28
1.28
1.28
1.28
1.28022
1.28025
1.28
1.28
1.28
1.28
1.28
1.28
1.28
1.28001
1.28028
1.28012
1.28
1.28
1.28
1.28
1.28
1.28
1.28
1.28001
1.28036
1.27999
1.28
1.28
1.28
1.28
1.28
1.28
1.28
1.28001
1.28046
1.27987
1.28
1.28
1.28
1.28
1.28
1.28
1.28
1.28001
1.28057
1.27974
1.28
1.28
1.28
1.28
1.28
1.28
1.28
1.28002
1.28071
1.27961
1.28
1.28
1.28
1.28
1.28
1.28
1.28
1.28002
1.28088
1.27949
1.28
1.28
1.28
1.28
1.28
1.28
1.28
1.28003
1.28109
1.27936
1.28
1.28
1.28
1.28
1.28
1.28
1.28
1.28004
1.28134
1.27924
1.27996
1.28
1.28
1.28
1.28
1.28
1.28
1.28006
1.28165
1.27912
1.28
1.28
1.28
1.28
1.28
1.28
1.28
1.28
1.28019
1.2808
1.28
1.28
1.28
1.28
1.28
1.28
1.28
1.28
1.28025
1.28069
1.28
1.28
1.28
1.28
1.28
1.28
1.28
1.28001
1.28032
1.28061
1.28
1.28
1.28
1.28
1.28
1.28
1.28
1.28001
1.2804
1.28055
1.28
1.28
1.28
1.28
1.28
1.28
1.28
1.28001
1.2805
1.2805
1.28
1.28
1.28
1.28
1.28
1.28
1.28
1.28001
1.28061
1.28046
1.28
1.28
1.28
1.28
1.28
1.28
1.28
1.28002
1.28074
1.28044
1.28
1.28
1.28
1.28
1.28
1.28
1.28
1.28002
1.2809
1.28042
1.28
1.28
1.28
1.28
1.28
1.28
1.28
1.28003
1.28108
1.28042
1.27996
1.28
1.28
1.28
1.28
1.28
1.28
1.28003
1.2813
1.28044
1.28
1.28
1.28
1.28
1.28
1.28
1.28
1.28
1.28014
1.281
1.28
1.28
1.28
1.28
1.28
1.28
1.28
1.28
1.28019
1.28123
1.28
1.28
1.28
1.28
1.28
1.28
1.28
1.28
1.28025
1.2811
1.28
1.28
1.28
1.28
1.28
1.28
1.28
1.28
1.28031
1.28103
1.28
1.28
1.28
1.28
1.28
1.28
1.28
1.28
1.28038
1.281
1.28
1.28
1.28
1.28
1.28
1.28
1.28
1.28001
1.28046
1.28099
1.28
1.28
1.28
1.28
1.28
1.28
1.28
1.28001
1.28056
1.28099
1.28
1.28
1.28
1.28
1.28
1.28
1.28
1.28001
1.28067
1.28101
1.28
1.28
1.28
1.28
1.28
1.28
1.28
1.28001
1.28079
1.28104
1.27996
1.28
1.28
1.28
1.28
1.28
1.28
1.28002
1.28093
1.28108
1.28
1.28
1.28
1.28
1.28
1.28
1.28
1.28
1.28008
1.28081
1.28
1.28
1.28
1.28
1.28
1.28
1.28
1.28
1.28012
1.28085
1.28
1.28
1.28
1.28
1.28
1.28
1.28
1.28
1.28016
1.28119
1.28
1.28
1.28
1.28
1.28
1.28
1.28
1.28
1.28021
1.28146
1.28
1.28
1.28
1.28
1.28
1.28
1.28
1.28
1.28026
1.28139
1.28
1.28
1.28
1.28
1.28
1.28
1.28
1.28
1.28032
1.28134
1.28
1.28
1.28
1.28
1.28
1.28
1.28
1.28
1.28039
1.28133
1.28
1.28
1.28
1.28
1.28
1.28
1.28
1.28
1.28046
1.28133
1.28
1.28
1.28
1.28
1.28
1.28
1.28
1.28001
1.28054
1.28135
1.27999
1.27999
1.28
1.28
1.28
1.28
1.28
1.28001
1.28063
1.28139
1.28
1.28
1.28
1.28
1.28
1.28
1.28
1.28
1.28003
1.28082
1.28
1.28
1.28
1.28
1.28
1.28
1.28
1.28
1.28005
1.28089
1.28
1.28
1.28
1.28
1.28
1.28
1.28
1.28
1.28008
1.2809
1.28
1.28
1.28
1.28
1.28
1.28
1.28
1.28
1.28012
1.28091
1.28
1.28
1.28
1.28
1.28
1.28
1.28
1.28
1.28015
1.28121
1.28
1.28
1.28
1.28
1.28
1.28
1.28
1.28
1.2802
1.28147
1.28
1.28
1.28
1.28
1.28
1.28
1.28
1.28
1.28024
1.28169
1.28
1.28
1.28
1.28
1.28
1.28
1.28
1.28
1.28029
1.2816
1.28
1.28
1.28
1.28
1.28
1.28
1.28
1.28
1.28034
1.28157
1.28017
1.27999
1.28
1.28
1.28
1.28
1.28
1.28
1.2804
1.28157
1.28
1.28
1.28
1.28
1.28
1.28
1.28
1.28
1.27998
1.28048
1.28
1.28
1.28
1.28
1.28
1.28
1.28
1.28
1.28
1.28055
1.28
1.28
1.28
1.28
1.28
1.28
1.28
1.28
1.28002
1.2807
1.28
1.28
1.28
1.28
1.28
1.28
1.28
1.28
1.28004
1.28076
1.28
1.28
1.28
1.28
1.28
1.28
1.28
1.28
1.28007
1.28081
1.28
1.28
1.28
1.28
1.28
1.28
1.28
1.28
1.2801
1.28087
1.28
1.28
1.28
1.28
1.28
1.28
1.28
1.28
1.28013
1.28094
1.28
1.28
1.28
1.28
1.28
1.28
1.28
1.28
1.28016
1.28127
1.28
1.28
1.28
1.28
1.28
1.28
1.28
1.28
1.2802
1.28153
1.28045
1.28013
1.28001
1.28
1.28
1.28
1.28
1.28
1.28023
1.28177
1.28
1.28
1.28
1.28
1.28
1.28
1.28
1.28
1.28001
1.28232
1.28
1.28
1.28
1.28
1.28
1.28
1.28
1.28
1.28001
1.28227
1.28
1.28
1.28
1.28
1.28
1.28
1.28
1.28
1.28001
1.28217
1.28
1.28
1.28
1.28
1.28
1.28
1.28
1.28
1.28001
1.28236
1.28
1.28
1.28
1.28
1.28
1.28
1.28
1.28
1.28001
1.28256
1.28
1.28
1.28
1.28
1.28
1.28
1.28
1.28
1.28001
1.28277
1.28
1.28
1.28
1.28
1.28
1.28
1.28
1.28
1.28001
1.283
1.28
1.28
1.28
1.28
1.28
1.28
1.28
1.28
1.28001
1.28327
1.28
1.28
1.28
1.28
1.28
1.28
1.28
1.28
1.28002
1.28358
1.28009
1.28002
1.28
1.28
1.28
1.28
1.28
1.28
1.28002
1.28391
1.28
1.28
1.28
1.28
1.28
1.28
1.28
1.28
1.28001
1.28022
1.28
1.28
1.28
1.28
1.28
1.28
1.28
1.28
1.28
1.28025
1.28
1.28
1.28
1.28
1.28
1.28
1.28
1.28
1.28
1.28026
1.28
1.28
1.28
1.28
1.28
1.28
1.28
1.28
1.28
1.28034
1.28
1.28
1.28
1.28
1.28
1.28
1.28
1.28
1.28
1.28041
1.28
1.28
1.28
1.28
1.28
1.28
1.28
1.28
1.28
1.28047
1.28
1.28
1.28
1.28
1.28
1.28
1.28
1.28
1.28
1.28052
1.28
1.28
1.28
1.28
1.28
1.28
1.28
1.28
1.28
1.28054
1.28
1.28
1.28
1.28
1.28
1.28
1.28
1.28
1.28
1.28052
1.28001
1.28
1.28
1.28
1.28
1.28
1.28
1.28
1.28
1.28042
1.28
1.28
1.28
1.28
1.28
1.28
1.28
1.28
1.28
1.27914
1.28
1.28
1.28
1.28
1.28
1.28
1.28
1.28
1.28
1.27922
1.28
1.28
1.28
1.28
1.28
1.28
1.28
1.28
1.28
1.2793
1.28
1.28
1.28
1.28
1.28
1.28
1.28
1.28
1.28
1.27938
1.28
1.28
1.28
1.28
1.28
1.28
1.28
1.28
1.28
1.27946
1.28
1.28
1.28
1.28
1.28
1.28
1.28
1.28
1.28
1.27954
1.28
1.28
1.28
1.28
1.28
1.28
1.28
1.28
1.28
1.27962
1.28
1.28
1.28
1.28
1.28
1.28
1.28
1.28
1.28
1.2797
1.28
1.28
1.28
1.28
1.28
1.28
1.28
1.28
1.28
1.2798
1.28
1.28
1.28
1.28
1.28
1.28
1.28
1.28
1.28
1.27993
1.28
1.28
1.28
1.28
1.28
1.28
1.28
1.28
1.28
1.27891
1.28
1.28
1.28
1.28
1.28
1.28
1.28
1.28
1.28
1.27901
1.28
1.28
1.28
1.28
1.28
1.28
1.28
1.28
1.28
1.27911
1.28
1.28
1.28
1.28
1.28
1.28
1.28
1.28
1.28
1.2792
1.28
1.28
1.28
1.28
1.28
1.28
1.28
1.28
1.28
1.27931
1.28
1.28
1.28
1.28
1.28
1.28
1.28
1.28
1.28
1.27941
1.28
1.28
1.28
1.28
1.28
1.28
1.28
1.28
1.28
1.27952
1.28
1.28
1.28
1.28
1.28
1.28
1.28
1.28
1.28
1.27963
1.28
1.28
1.28
1.28
1.28
1.28
1.28
1.28
1.28
1.27976
1.28
1.28
1.28
1.28
1.28
1.28
1.28
1.28
1.28
1.2799
1.28
1.28
1.28
1.28
1.28
1.28
1.28
1.28
1.28
1.27896
1.28
1.28
1.28
1.28
1.28
1.28
1.28
1.28
1.28
1.27906
1.28
1.28
1.28
1.28
1.28
1.28
1.28
1.28
1.28
1.27916
1.28
1.28
1.28
1.28
1.28
1.28
1.28
1.28
1.28
1.27926
1.28
1.28
1.28
1.28
1.28
1.28
1.28
1.28
1.28
1.27936
1.28
1.28
1.28
1.28
1.28
1.28
1.28
1.28
1.28
1.27946
1.28
1.28
1.28
1.28
1.28
1.28
1.28
1.28
1.28
1.27957
1.28
1.28
1.28
1.28
1.28
1.28
1.28
1.28
1.28
1.27969
1.28
1.28
1.28
1.28
1.28
1.28
1.28
1.28
1.28
1.2798
1.28
1.28
1.28
1.28
1.28
1.28
1.28
1.28
1.28
1.27993
1.28
1.28
1.28
1.28
1.28
1.28
1.28
1.28
1.28
1.27905
1.28
1.28
1.28
1.28
1.28
1.28
1.28
1.28
1.28
1.27914
1.28
1.28
1.28
1.28
1.28
1.28
1.28
1.28
1.28
1.27923
1.28
1.28
1.28
1.28
1.28
1.28
1.28
1.28
1.28
1.27933
1.28
1.28
1.28
1.28
1.28
1.28
1.28
1.28
1.28
1.27942
1.28
1.28
1.28
1.28
1.28
1.28
1.28
1.28
1.28
1.27952
1.28
1.28
1.28
1.28
1.28
1.28
1.28
1.28
1.28
1.27963
1.28
1.28
1.28
1.28
1.28
1.28
1.28
1.28
1.28
1.27973
1.28
1.28
1.28
1.28
1.28
1.28
1.28
1.28
1.28
1.27984
1.28
1.28
1.28
1.28
1.28
1.28
1.28
1.28
1.28
1.27994
1.28
1.28
1.28
1.28
1.28
1.28
1.28
1.28
1.28
1.2791
1.28
1.28
1.28
1.28
1.28
1.28
1.28
1.28
1.28
1.27919
1.28
1.28
1.28
1.28
1.28
1.28
1.28
1.28
1.28
1.27927
1.28
1.28
1.28
1.28
1.28
1.28
1.28
1.28
1.28
1.27937
1.28
1.28
1.28
1.28
1.28
1.28
1.28
1.28
1.28
1.27946
1.28
1.28
1.28
1.28
1.28
1.28
1.28
1.28
1.28
1.27955
1.28
1.28
1.28
1.28
1.28
1.28
1.28
1.28
1.28
1.27965
1.28
1.28
1.28
1.28
1.28
1.28
1.28
1.28
1.28
1.27975
1.28
1.28
1.28
1.28
1.28
1.28
1.28
1.28
1.28
1.27985
1.28
1.28
1.28
1.28
1.28
1.28
1.28
1.28
1.28
1.27995
1.28
1.28
1.28
1.28
1.28
1.28
1.28
1.28
1.28
1.2791
1.28
1.28
1.28
1.28
1.28
1.28
1.28
1.28
1.28
1.27918
1.28
1.28
1.28
1.28
1.28
1.28
1.28
1.28
1.28
1.27927
1.28
1.28
1.28
1.28
1.28
1.28
1.28
1.28
1.28
1.27936
1.28
1.28
1.28
1.28
1.28
1.28
1.28
1.28
1.28
1.27945
1.28
1.28
1.28
1.28
1.28
1.28
1.28
1.28
1.28
1.27954
1.28
1.28
1.28
1.28
1.28
1.28
1.28
1.28
1.28
1.27964
1.28
1.28
1.28
1.28
1.28
1.28
1.28
1.28
1.28
1.27974
1.28
1.28
1.28
1.28
1.28
1.28
1.28
1.28
1.28
1.27984
1.28
1.28
1.28
1.28
1.28
1.28
1.28
1.28
1.28
1.27994
1.28002
1.28001
1.28001
1.28002
1.28002
1.28002
1.28002
1.28002
1.28002
1.27896
1.28002
1.28001
1.28001
1.28001
1.28001
1.28001
1.28002
1.28002
1.28001
1.27905
1.28002
1.28001
1.28001
1.28001
1.28001
1.28001
1.28001
1.28001
1.28001
1.27915
1.28002
1.28001
1.28001
1.28001
1.28001
1.28001
1.28001
1.28001
1.28
1.27925
1.28001
1.28001
1.28001
1.28001
1.28
1.28
1.28
1.28
1.28
1.27936
1.28001
1.28
1.28
1.28
1.28
1.28
1.28
1.28
1.28
1.27947
1.28001
1.28
1.28
1.28
1.28
1.28
1.28
1.28
1.27999
1.27958
1.28001
1.28
1.28
1.28
1.28
1.28
1.28
1.27999
1.27999
1.27969
1.28
1.28
1.28
1.28
1.27999
1.27999
1.27999
1.27999
1.27999
1.2798
1.27999
1.27999
1.27999
1.27999
1.27999
1.27999
1.27999
1.27999
1.27999
1.27992
1.28025
1.27998
1.27998
1.27997
1.27997
1.27996
1.27995
1.27994
1.27992
1.2785
1.28022
1.27997
1.27997
1.27996
1.27996
1.27995
1.27995
1.27994
1.27993
1.27865
1.2802
1.27997
1.27997
1.27996
1.27996
1.27996
1.27995
1.27995
1.27993
1.2788
1.28018
1.27997
1.27997
1.27996
1.27996
1.27996
1.27995
1.27995
1.27994
1.27895
1.28016
1.27997
1.27997
1.27996
1.27996
1.27996
1.27995
1.27995
1.27994
1.2791
1.28013
1.27997
1.27996
1.27996
1.27996
1.27996
1.27996
1.27995
1.27995
1.27925
1.2801
1.27996
1.27996
1.27996
1.27996
1.27996
1.27996
1.27995
1.27995
1.2794
1.28007
1.27996
1.27996
1.27996
1.27996
1.27996
1.27996
1.27995
1.27995
1.27956
1.28003
1.27996
1.27996
1.27996
1.27996
1.27996
1.27995
1.27995
1.27995
1.27971
1.27994
1.27992
1.27992
1.27993
1.27993
1.27993
1.27994
1.27994
1.27995
1.27987
1.28
1.28
1.28
1.28
1.28
1.28
1.28
1.28
1.28
1.27899
1.28
1.28
1.28
1.28
1.28
1.28
1.28
1.28
1.28
1.27977
1.28
1.28
1.28
1.28
1.28
1.28
1.28
1.28
1.28
1.2799
1.28
1.28
1.28
1.28
1.28
1.28
1.28
1.28
1.28
1.27992
1.28
1.28
1.28
1.28
1.28
1.28
1.28
1.28
1.28
1.27993
1.28
1.28
1.28
1.28
1.28
1.28
1.28
1.28
1.28
1.27993
1.28
1.28
1.28
1.28
1.28
1.28
1.28
1.28
1.28
1.27992
1.28
1.28
1.28
1.28
1.28
1.28
1.28
1.28
1.28
1.27989
1.28
1.28
1.28
1.28
1.28
1.28
1.28
1.28
1.28
1.27977
1.28
1.28
1.28
1.28
1.28
1.28
1.28
1.28
1.28
1.27886
1.28
1.28
1.28
1.28
1.28
1.28
1.28
1.28
1.28
1.27977
1.28
1.28
1.28
1.28
1.28
1.28
1.28
1.28
1.28
1.28002
1.28
1.28
1.28
1.28
1.28
1.28
1.28
1.28
1.28
1.28004
1.28
1.28
1.28
1.28
1.28
1.28
1.28
1.28
1.28
1.28004
1.28
1.28
1.28
1.28
1.28
1.28
1.28
1.28
1.28
1.28004
1.28
1.28
1.28
1.28
1.28
1.28
1.28
1.28
1.28
1.28004
1.28
1.28
1.28
1.28
1.28
1.28
1.28
1.28
1.28
1.28004
1.28
1.28
1.28
1.28
1.28
1.28
1.28
1.28
1.28
1.28004
1.28
1.28
1.28
1.28
1.28
1.28
1.28
1.28
1.28
1.28002
1.28
1.28
1.28
1.28
1.28
1.28
1.28
1.28
1.28
1.27977
1.28
1.28
1.28
1.28
1.28
1.28
1.28
1.28
1.28
1.2799
1.28
1.28
1.28
1.28
1.28
1.28
1.28
1.28
1.28
1.28004
1.28
1.28
1.28
1.28
1.28
1.28
1.28
1.28
1.28
1.28005
1.28
1.28
1.28
1.28
1.28
1.28
1.28
1.28
1.28
1.28005
1.28
1.28
1.28
1.28
1.28
1.28
1.28
1.28
1.28
1.28005
1.28
1.28
1.28
1.28
1.28
1.28
1.28
1.28
1.28
1.28005
1.28
1.28
1.28
1.28
1.28
1.28
1.28
1.28
1.28
1.28005
1.28
1.28
1.28
1.28
1.28
1.28
1.28
1.28
1.28
1.28005
1.28
1.28
1.28
1.28
1.28
1.28
1.28
1.28
1.28
1.28004
1.28
1.28
1.28
1.28
1.28
1.28
1.28
1.28
1.28
1.2799
1.28
1.28
1.28
1.28
1.28
1.28
1.28
1.28
1.28
1.27992
1.28
1.28
1.28
1.28
1.28
1.28
1.28
1.28
1.28
1.28004
1.28
1.28
1.28
1.28
1.28
1.28
1.28
1.28
1.28
1.28005
1.28
1.28
1.28
1.28
1.28
1.28
1.28
1.28
1.28
1.28005
1.28
1.28
1.28
1.28
1.28
1.28
1.28
1.28
1.28
1.28005
1.28
1.28
1.28
1.28
1.28
1.28
1.28
1.28
1.28
1.28005
1.28
1.28
1.28
1.28
1.28
1.28
1.28
1.28
1.28
1.28005
1.28
1.28
1.28
1.28
1.28
1.28
1.28
1.28
1.28
1.28005
1.28
1.28
1.28
1.28
1.28
1.28
1.28
1.28
1.28
1.28004
1.28
1.28
1.28
1.28
1.28
1.28
1.28
1.28
1.28
1.27992
1.28
1.28
1.28
1.28
1.28
1.28
1.28
1.28
1.28
1.27993
1.28
1.28
1.28
1.28
1.28
1.28
1.28
1.28
1.28
1.28004
1.28
1.28
1.28
1.28
1.28
1.28
1.28
1.28
1.28
1.28005
1.28
1.28
1.28
1.28
1.28
1.28
1.28
1.28
1.28
1.28005
1.28
1.28
1.28
1.28
1.28
1.28
1.28
1.28
1.28
1.28005
1.28
1.28
1.28
1.28
1.28
1.28
1.28
1.28
1.28
1.28005
1.28
1.28
1.28
1.28
1.28
1.28
1.28
1.28
1.28
1.28005
1.28
1.28
1.28
1.28
1.28
1.28
1.28
1.28
1.28
1.28005
1.28
1.28
1.28
1.28
1.28
1.28
1.28
1.28
1.28
1.28004
1.28
1.28
1.28
1.28
1.28
1.28
1.28
1.28
1.28
1.27993
1.28
1.28
1.28
1.28
1.28
1.28
1.28
1.28
1.28
1.27993
1.28
1.28
1.28
1.28
1.28
1.28
1.28
1.28
1.28
1.28004
1.28
1.28
1.28
1.28
1.28
1.28
1.28
1.28
1.28
1.28005
1.28
1.28
1.28
1.28
1.28
1.28
1.28
1.28
1.28
1.28005
1.28
1.28
1.28
1.28
1.28
1.28
1.28
1.28
1.28
1.28005
1.28
1.28
1.28
1.28
1.28
1.28
1.28
1.28
1.28
1.28005
1.28
1.28
1.28
1.28
1.28
1.28
1.28
1.28
1.28
1.28005
1.28
1.28
1.28
1.28
1.28
1.28
1.28
1.28
1.28
1.28005
1.28
1.28
1.28
1.28
1.28
1.28
1.28
1.28
1.28
1.28004
1.28
1.28
1.28
1.28
1.28
1.28
1.28
1.28
1.28
1.27993
1.28
1.28
1.28
1.28
1.28
1.28
1.28
1.28
1.28
1.27992
1.28
1.28
1.28
1.28
1.28
1.28
1.28
1.28
1.28
1.28004
1.28
1.28
1.28
1.28
1.28
1.28
1.28
1.28
1.28
1.28005
1.28
1.28
1.28
1.28
1.28
1.28
1.28
1.28
1.28
1.28005
1.28
1.28
1.28
1.28
1.28
1.28
1.28
1.28
1.28
1.28005
1.28
1.28
1.28
1.28
1.28
1.28
1.28
1.28
1.28
1.28005
1.28
1.28
1.28
1.28
1.28
1.28
1.28
1.28
1.28
1.28005
1.28
1.28
1.28
1.28
1.28
1.28
1.28
1.28
1.28
1.28005
1.28
1.28
1.28
1.28
1.28
1.28
1.28
1.28
1.28
1.28004
1.28
1.28
1.28
1.28
1.28
1.28
1.28
1.28
1.28
1.27992
1.28
1.28
1.28
1.28
1.28
1.28
1.28
1.28
1.28
1.27989
1.28
1.28
1.28
1.28
1.28
1.28
1.28
1.28
1.28
1.28004
1.28
1.28
1.28
1.28
1.28
1.28
1.28
1.28
1.28
1.28005
1.28
1.28
1.28
1.28
1.28
1.28
1.28
1.28
1.28
1.28005
1.28
1.28
1.28
1.28
1.28
1.28
1.28
1.28
1.28
1.28005
1.28
1.28
1.28
1.28
1.28
1.28
1.28
1.28
1.28
1.28005
1.28
1.28
1.28
1.28
1.28
1.28
1.28
1.28
1.28
1.28005
1.28
1.28
1.28
1.28
1.28
1.28
1.28
1.28
1.28
1.28005
1.28
1.28
1.28
1.28
1.28
1.28
1.28
1.28
1.28
1.28004
1.28
1.28
1.28
1.28
1.28
1.28
1.28
1.28
1.28
1.2799
1.28
1.28
1.28
1.28
1.28
1.28
1.28
1.28
1.28
1.27977
1.28
1.28
1.28
1.28
1.28
1.28
1.28
1.28
1.28
1.28002
1.28
1.28
1.28
1.28
1.28
1.28
1.28
1.28
1.28
1.28004
1.28
1.28
1.28
1.28
1.28
1.28
1.28
1.28
1.28
1.28004
1.28
1.28
1.28
1.28
1.28
1.28
1.28
1.28
1.28
1.28004
1.28
1.28
1.28
1.28
1.28
1.28
1.28
1.28
1.28
1.28004
1.28
1.28
1.28
1.28
1.28
1.28
1.28
1.28
1.28
1.28004
1.28
1.28
1.28
1.28
1.28
1.28
1.28
1.28
1.28
1.28004
1.28
1.28
1.28
1.28
1.28
1.28
1.28
1.28
1.28
1.28002
1.28
1.28
1.28
1.28
1.28
1.28
1.28
1.28
1.28
1.27977
1.28
1.28
1.28
1.28
1.28
1.28
1.28
1.28
1.28
1.27886
1.28
1.28
1.28
1.28
1.28
1.28
1.28
1.28
1.28
1.27977
1.28
1.28
1.28
1.28
1.28
1.28
1.28
1.28
1.28
1.27989
1.28
1.28
1.28
1.28
1.28
1.28
1.28
1.28
1.28
1.27992
1.28
1.28
1.28
1.28
1.28
1.28
1.28
1.28
1.28
1.27993
1.28
1.28
1.28
1.28
1.28
1.28
1.28
1.28
1.28
1.27993
1.28
1.28
1.28
1.28
1.28
1.28
1.28
1.28
1.28
1.27992
1.28
1.28
1.28
1.28
1.28
1.28
1.28
1.28
1.28
1.2799
1.28
1.28
1.28
1.28
1.28
1.28
1.28
1.28
1.28
1.27977
1.28
1.28
1.28
1.28
1.28
1.28
1.28
1.28
1.28
1.27899
)
;

boundaryField
{
    walls
    {
        type            zeroGradient;
    }
    nozzleExt
    {
        type            zeroGradient;
    }
    nozzleInt
    {
        type            zeroGradient;
    }
    inlet
    {
        type            fixedValue;
        value           uniform 5;
    }
    outlet
    {
        type            zeroGradient;
    }
    defaultFaces
    {
        type            empty;
    }
}


// ************************************************************************* //
