/*--------------------------------*- C++ -*----------------------------------*\
| =========                 |                                                 |
| \\      /  F ield         | OpenFOAM: The Open Source CFD Toolbox           |
|  \\    /   O peration     | Version:  4.1                                   |
|   \\  /    A nd           | Web:      www.OpenFOAM.org                      |
|    \\/     M anipulation  |                                                 |
\*---------------------------------------------------------------------------*/
FoamFile
{
    version     2.0;
    format      ascii;
    class       volScalarField;
    location    "0.9";
    object      p;
}
// * * * * * * * * * * * * * * * * * * * * * * * * * * * * * * * * * * * * * //

dimensions      [1 -1 -2 0 0 0 0];

internalField   nonuniform List<scalar> 
18000
(
1.28
1.28
1.28
1.28
1.28
1.28
1.28
1.28
1.28
1.28
1.28
1.28
1.28
1.28
1.28
1.28
1.28
1.28
1.28
1.28
1.28
1.28
1.28
1.28
1.28
1.28
1.28
1.28
1.28
1.28
1.28
1.28
1.28
1.28
1.28
1.28
1.28
1.28
1.28
1.28
1.28
1.28
1.28
1.28
1.28
1.28
1.28
1.28
1.28
1.28
1.28
1.28
1.28
1.28
1.28
1.28
1.28
1.28
1.28
1.28
1.28
1.28
1.28
1.28
1.28
1.28
1.28
1.28
1.28
1.28
1.28
1.28
1.28
1.28
1.28
1.28
1.28
1.28
1.28
1.28
1.28
1.28
1.28
1.28
1.28
1.28
1.28
1.28
1.28
1.28
1.28001
1.28001
1.28001
1.28001
1.28001
1.28001
1.28001
1.28001
1.28001
1.28001
1.28
1.28
1.28
1.28
1.28
1.28
1.28
1.28
1.28
1.28
1.28
1.28
1.28
1.28
1.28
1.28
1.28
1.28
1.28
1.28
1.28
1.28
1.28
1.28
1.28
1.28
1.28
1.28
1.28
1.28
1.28
1.28
1.28
1.28
1.28
1.28
1.28
1.28
1.28
1.28
1.28
1.28
1.28
1.28
1.28
1.28
1.28
1.28
1.28
1.28
1.28
1.28
1.28
1.28
1.28
1.28
1.28
1.28
1.28
1.28
1.28
1.28
1.28
1.28
1.28
1.28
1.28
1.28
1.28
1.28
1.28
1.28
1.28
1.28
1.28
1.28
1.28
1.28
1.28
1.28
1.28
1.28
1.28
1.28
1.28
1.28
1.28
1.28
1.28
1.28
1.28
1.28
1.28
1.28
1.28
1.28
1.28
1.28
1.28
1.28
1.28
1.28
1.28
1.28
1.28
1.28
1.28
1.28
1.28
1.28
1.28
1.28
1.28
1.28
1.28
1.28
1.28
1.28
1.28
1.28
1.28
1.28
1.28
1.28
1.28
1.28
1.28
1.28
1.28
1.28
1.28
1.28
1.28
1.28
1.28
1.28
1.28
1.28
1.28
1.28
1.28
1.28
1.28
1.28
1.28
1.28
1.28
1.28
1.28
1.28
1.28
1.28
1.28
1.28
1.28
1.28
1.28
1.28
1.28
1.28
1.28
1.28
1.28
1.28
1.28
1.28
1.28
1.28
1.28
1.28
1.28
1.28
1.28
1.28
1.28
1.28
1.28
1.28
1.28
1.28
1.28
1.28
1.28
1.28
1.28
1.28
1.28
1.28
1.28
1.28
1.28
1.28
1.28
1.28
1.28
1.28
1.28
1.28
1.28
1.28
1.28
1.28
1.28
1.28
1.28
1.28
1.28
1.28
1.28
1.28
1.28
1.28
1.28
1.28
1.28
1.28
1.28
1.28
1.28
1.28
1.28
1.28
1.28
1.28
1.28
1.28
1.28
1.28
1.28
1.28
1.28
1.28
1.28
1.28
1.28
1.28
1.28
1.28
1.28
1.28
1.28
1.28
1.28
1.28
1.28
1.28
1.28
1.28
1.28
1.28
1.28
1.28
1.28
1.28
1.28
1.28
1.28
1.28
1.28
1.28
1.28
1.28
1.28
1.28
1.28
1.28
1.28
1.28
1.28
1.28
1.28
1.28
1.28
1.28
1.28
1.28
1.28
1.28
1.28
1.28
1.28
1.28
1.28
1.28
1.28
1.28
1.28
1.28
1.28
1.28
1.28
1.28
1.28
1.28
1.28
1.28
1.28
1.28
1.28
1.28
1.28
1.28
1.28
1.28
1.28
1.28
1.28
1.28
1.28
1.28
1.28
1.28
1.28
1.28
1.28
1.28
1.28
1.28
1.28
1.28
1.28
1.28
1.28
1.28
1.28
1.28
1.28
1.28
1.28
1.28
1.28
1.28
1.28
1.28
1.28
1.28
1.28
1.28
1.28
1.28
1.28
1.28
1.28
1.28
1.28
1.28
1.28
1.28
1.28
1.28
1.28
1.28
1.28
1.28
1.28
1.28
1.28
1.28
1.28
1.28
1.28
1.28
1.28
1.28
1.28
1.28
1.28
1.28
1.28
1.28
1.28
1.28
1.28
1.28
1.28
1.28
1.28
1.28
1.28
1.28
1.28
1.28
1.28
1.28
1.28
1.28
1.28
1.28
1.28
1.28
1.28
1.28
1.28
1.28
1.28
1.28
1.28
1.28
1.28
1.28
1.28
1.28
1.28
1.28
1.28
1.28
1.28
1.28
1.28
1.28
1.28
1.28
1.28
1.28
1.28
1.28
1.28
1.28
1.28
1.28
1.28
1.28
1.28
1.28
1.28
1.28
1.28
1.28
1.28
1.28
1.28
1.28
1.28
1.28
1.28
1.28
1.28
1.28
1.28
1.28
1.28
1.28
1.28
1.28
1.28
1.28
1.28
1.28
1.28
1.28
1.28
1.28
1.28
1.28
1.28
1.28
1.28
1.28
1.28
1.28
1.28
1.28
1.28
1.28
1.28
1.28
1.28
1.28
1.28
1.28
1.28
1.28
1.28
1.28
1.28
1.28
1.28
1.28
1.28
1.28
1.28
1.28
1.28
1.28
1.28
1.28
1.28
1.28
1.28
1.28
1.28
1.28
1.28
1.28
1.28
1.28
1.28
1.28
1.28
1.28
1.28
1.28
1.28
1.28
1.28
1.28
1.28
1.28
1.28
1.28
1.28
1.28
1.28
1.28
1.28
1.28
1.28
1.28
1.28
1.28
1.28
1.28
1.28
1.28
1.28
1.28
1.28
1.28
1.28
1.28
1.28
1.28
1.28
1.28
1.28
1.28
1.28
1.28
1.28
1.28
1.28
1.28
1.28
1.28
1.28
1.28
1.28
1.28
1.28
1.28
1.28
1.28
1.28
1.28
1.28
1.28
1.28
1.28
1.28
1.28
1.28
1.28
1.28
1.28
1.28
1.28
1.28
1.28
1.28
1.28
1.28
1.28
1.28
1.28
1.28
1.28
1.28
1.28
1.28
1.28
1.28
1.28
1.28
1.28
1.28
1.28
1.28
1.28
1.28
1.28
1.28
1.28
1.28
1.28
1.28
1.28
1.28
1.28
1.28
1.28
1.28
1.28
1.28
1.28
1.28
1.28
1.28
1.28
1.28
1.28
1.28
1.28
1.28
1.28
1.28
1.28
1.28
1.28
1.28
1.28
1.28
1.28
1.28
1.28
1.28
1.28
1.28
1.28
1.28
1.28
1.28
1.28
1.28
1.28
1.28
1.28
1.28
1.28
1.28
1.28
1.28
1.28
1.28
1.28
1.28
1.28
1.28
1.28
1.28
1.28
1.28
1.28
1.28
1.28
1.28
1.28
1.28
1.28
1.28
1.28
1.28
1.28
1.28
1.28
1.28
1.28
1.28
1.28
1.28
1.28
1.28
1.28
1.28
1.28
1.28
1.28
1.28
1.28
1.28
1.28
1.28
1.28
1.28
1.28
1.28
1.28
1.28
1.28
1.28
1.28
1.28
1.28
1.28
1.28
1.28
1.28
1.28
1.28
1.28
1.28
1.28
1.28
1.28
1.28
1.28
1.28
1.28
1.28
1.28
1.28
1.28
1.28
1.28
1.28
1.28
1.28
1.28
1.28
1.28
1.28
1.28
1.28
1.28
1.28
1.28
1.28
1.28
1.28
1.28
1.28
1.28
1.28
1.28
1.28
1.28
1.28
1.28
1.28
1.28
1.28
1.28
1.28
1.28
1.28
1.28
1.28
1.28
1.28
1.28
1.28
1.28
1.28
1.28
1.28
1.28
1.28
1.28
1.28
1.28
1.28
1.28
1.28
1.28
1.28
1.28
1.28
1.28
1.28
1.28
1.28
1.28
1.28
1.28
1.28
1.28
1.28
1.28
1.28
1.28
1.28
1.28
1.28
1.28
1.28
1.28
1.28
1.28
1.28
1.28
1.28
1.28
1.28
1.28
1.28
1.28
1.28
1.28
1.28
1.28
1.28
1.28
1.28
1.28
1.28
1.28
1.28
1.28
1.28
1.28
1.28
1.28
1.28
1.28
1.28
1.28
1.28
1.28
1.28
1.28
1.28
1.28
1.28
1.28
1.28
1.28
1.28
1.28
1.28
1.28
1.28
1.28
1.28
1.28
1.28
1.28
1.28
1.28
1.28
1.28
1.28
1.28
1.28
1.28
1.28
1.28
1.28
1.28
1.28
1.28
1.28
1.28
1.28
1.28
1.28
1.28
1.28
1.28
1.28
1.28
1.28
1.28
1.28
1.28
1.28
1.28
1.28
1.28
1.28
1.28
1.28
1.28
1.28
1.28
1.28
1.28
1.28
1.28
1.28
1.28
1.28
1.28
1.28
1.28
1.28
1.28
1.28
1.28
1.28
1.28
1.28
1.28
1.28
1.28
1.28
1.28
1.28
1.28
1.28
1.28
1.28
1.28
1.28
1.28
1.28
1.28
1.28
1.28
1.28
1.28
1.28
1.28
1.28
1.28
1.28
1.28
1.28
1.28
1.28
1.28
1.28
1.28
1.28
1.28
1.28
1.28
1.28
1.28
1.28
1.28
1.28
1.28
1.28
1.28
1.28
1.28
1.28
1.28
1.28
1.28
1.28
1.28
1.28
1.28
1.28
1.28
1.28
1.28
1.28
1.28
1.28
1.28
1.28
1.28
1.28
1.28
1.28
1.28
1.28
1.28
1.28
1.28
1.28
1.28
1.28
1.28
1.28
1.28
1.28
1.28
1.28
1.28
1.28
1.28
1.28
1.28
1.28
1.28
1.28
1.28
1.28
1.28
1.28
1.28
1.28
1.28
1.28
1.28
1.28
1.28
1.28
1.28
1.28
1.28
1.28
1.28
1.28
1.28
1.28
1.28
1.28
1.28
1.28
1.28
1.28
1.28
1.28
1.28
1.28
1.28
1.28
1.28
1.28
1.28
1.28
1.28
1.28
1.28
1.28
1.28
1.28
1.28
1.28
1.28
1.28
1.28
1.28
1.28
1.28
1.28
1.28
1.28
1.28
1.28
1.28
1.28
1.28
1.28
1.28
1.28
1.28
1.28
1.28
1.28
1.28
1.28
1.28
1.28
1.28
1.28
1.28
1.28
1.28
1.28
1.28
1.28
1.28
1.28
1.28
1.28
1.28
1.28
1.28
1.28
1.28
1.28
1.28
1.28
1.28
1.28
1.28
1.28
1.28
1.28
1.28
1.28
1.28
1.28
1.28
1.28
1.28
1.28
1.28
1.28
1.28
1.28
1.28
1.28
1.28
1.28
1.28
1.28
1.28
1.28
1.28
1.28
1.28
1.28
1.28
1.28
1.28
1.28
1.28
1.28
1.28
1.28
1.28
1.28
1.28
1.28
1.28
1.28
1.28
1.28
1.28
1.28
1.28
1.28
1.28
1.28
1.28
1.28
1.28
1.28
1.28
1.28
1.28
1.28
1.28
1.28
1.28
1.28
1.28
1.28
1.28
1.28
1.28
1.28
1.28
1.28
1.28
1.28
1.28
1.28
1.28
1.28
1.28
1.28
1.28
1.28
1.28
1.28
1.28
1.28
1.28
1.28
1.28
1.28
1.28
1.28
1.28
1.28
1.28
1.28
1.28
1.28
1.28
1.28
1.28
1.28
1.28
1.28
1.28
1.28
1.28
1.28
1.28
1.28
1.28
1.28
1.28
1.28
1.28
1.28
1.28
1.28
1.28
1.28
1.28
1.28
1.28
1.28
1.28
1.28
1.28
1.28
1.28
1.28
1.28
1.28
1.28
1.28
1.28
1.28
1.28
1.28
1.28
1.28
1.28
1.28
1.28
1.28
1.28
1.28
1.28
1.28
1.28
1.28
1.28
1.28
1.28
1.28
1.28
1.28
1.28
1.28
1.28
1.28
1.28
1.28
1.28
1.28
1.28
1.28
1.28
1.28
1.28
1.28
1.28
1.28
1.28
1.28
1.28
1.28
1.28
1.28
1.28
1.28
1.28
1.28
1.28
1.28
1.28
1.28
1.28
1.28
1.28
1.28
1.28
1.28
1.28
1.28
1.28
1.28
1.28
1.28
1.28
1.28
1.28
1.28
1.28
1.28
1.28
1.28
1.28
1.28
1.28
1.28
1.28
1.28
1.28
1.28
1.28
1.28
1.28
1.28
1.28
1.28
1.28
1.28
1.28
1.28
1.28
1.28
1.28
1.28
1.28
1.28
1.28
1.28
1.28
1.28
1.28
1.28
1.28
1.28
1.28
1.28
1.28
1.28
1.28
1.28
1.28
1.28
1.28
1.28
1.28
1.28
1.28
1.28
1.28
1.28
1.28
1.28
1.28
1.28
1.28
1.28
1.28
1.28
1.28
1.28
1.28
1.28
1.28
1.28
1.28
1.28
1.28
1.28
1.28
1.28
1.28
1.28
1.28
1.28
1.28
1.28
1.28
1.28
1.28
1.28
1.28
1.28
1.28
1.28
1.28
1.28
1.28
1.28
1.28
1.28
1.28
1.28
1.28
1.28
1.28
1.28
1.28
1.28
1.28
1.28
1.28
1.28
1.28
1.28
1.28
1.28
1.28
1.28
1.28
1.28
1.28
1.28
1.28
1.28
1.28
1.28
1.28
1.28
1.28
1.28
1.28
1.28
1.28
1.28
1.28
1.28
1.28
1.28
1.28
1.28
1.28
1.28
1.28
1.28
1.28
1.28
1.28
1.28
1.28
1.28
1.28
1.28
1.28
1.28
1.28
1.28
1.28
1.28
1.28
1.28
1.28
1.28
1.28
1.28
1.28
1.28
1.28
1.28
1.28
1.28
1.28
1.28
1.28
1.28
1.28
1.28
1.28
1.28
1.28
1.28
1.28
1.28
1.28
1.28
1.28
1.28
1.28
1.28
1.28
1.28
1.28
1.28
1.28
1.28
1.28
1.28
1.28
1.28
1.28
1.28
1.28
1.28
1.28
1.28
1.28
1.28
1.28
1.28
1.28
1.28
1.28
1.28
1.28
1.28
1.28
1.28
1.28
1.28
1.28
1.28
1.28
1.28
1.28
1.28
1.28
1.28
1.28
1.28
1.28
1.28
1.28
1.28
1.28
1.28
1.28
1.28
1.28
1.28
1.28
1.28
1.28
1.28
1.28
1.28
1.28
1.28
1.28
1.28
1.28
1.28
1.28
1.28
1.28
1.28
1.28
1.28
1.28
1.28
1.28
1.28
1.28
1.28
1.28
1.28
1.28
1.28
1.28
1.28
1.28
1.28
1.28
1.28
1.28
1.28
1.28
1.28
1.28
1.28
1.28
1.28
1.28
1.28
1.28
1.28
1.28
1.28
1.28
1.28
1.28
1.28
1.28
1.28
1.28
1.28
1.28
1.28
1.28
1.28
1.28
1.28
1.28
1.28
1.28
1.28
1.28
1.28
1.28
1.28
1.28
1.28
1.28
1.28
1.28
1.28
1.28
1.28
1.28
1.28
1.28
1.28
1.28
1.28
1.28
1.28
1.28
1.28
1.28
1.28
1.28
1.28001
1.28
1.28
1.28
1.28
1.28
1.28
1.28
1.28
1.28
1.28
1.28
1.28
1.28
1.28
1.28
1.28
1.28
1.28
1.28
1.28
1.28
1.28
1.28
1.28
1.28
1.28
1.28
1.28
1.28
1.28
1.28
1.28
1.28
1.28
1.28
1.28
1.28
1.28
1.28
1.28
1.28
1.28
1.28
1.28
1.28
1.28
1.28
1.28
1.28
1.28
1.28
1.28
1.28
1.28
1.28
1.28
1.28
1.28
1.28
1.28
1.28
1.28
1.28
1.28
1.28
1.28
1.28
1.28
1.28
1.28
1.28
1.28
1.28
1.28
1.28
1.28
1.28
1.28
1.28
1.28
1.28
1.28
1.28
1.28
1.28
1.28
1.28
1.28
1.28
1.28
1.28
1.28
1.28
1.28
1.28
1.28
1.28
1.28
1.28
1.28001
1.28
1.28
1.28
1.28
1.28
1.28
1.28
1.28
1.28
1.28
1.28
1.28
1.28
1.28
1.28
1.28
1.28
1.28
1.28
1.28
1.28
1.28
1.28
1.28
1.28
1.28
1.28
1.28
1.28
1.28
1.28
1.28
1.28
1.28
1.28
1.28
1.28
1.28
1.28
1.28
1.28
1.28
1.28
1.28
1.28
1.28
1.28
1.28
1.28
1.28
1.28
1.28
1.28
1.28
1.28
1.28
1.28
1.28
1.28
1.28
1.28
1.28
1.28
1.28
1.28
1.28
1.28
1.28
1.28
1.28
1.28
1.28
1.28
1.28
1.28
1.28
1.28
1.28
1.28
1.28
1.28
1.28
1.28
1.28
1.28
1.28
1.28
1.28
1.28
1.28
1.28
1.28
1.28
1.28
1.28
1.28
1.28
1.28
1.28
1.28001
1.28
1.28
1.28
1.28
1.28
1.28
1.28
1.28
1.28
1.28
1.28
1.28
1.28
1.28
1.28
1.28
1.28
1.28
1.28
1.28
1.28
1.28
1.28
1.28
1.28
1.28
1.28
1.28
1.28
1.28
1.28
1.28
1.28
1.28
1.28
1.28
1.28
1.28
1.28
1.28
1.28
1.28
1.28
1.28
1.28
1.28
1.28
1.28
1.28
1.28
1.28
1.28
1.28
1.28
1.28
1.28
1.28
1.28
1.28
1.28
1.28
1.28
1.28
1.28
1.28
1.28
1.28
1.28
1.28
1.28
1.28
1.28
1.28
1.28
1.28
1.28
1.28
1.28
1.28
1.28
1.28
1.28
1.28
1.28
1.28
1.28
1.28
1.28
1.28
1.28
1.28
1.28
1.28
1.28
1.28
1.28
1.28
1.28
1.28
1.28001
1.28
1.28
1.28
1.28
1.28
1.28
1.28
1.28
1.28
1.28
1.28
1.28
1.28
1.28
1.28
1.28
1.28
1.28
1.28
1.28
1.28
1.28
1.28
1.28
1.28
1.28
1.28
1.28
1.28
1.28
1.28
1.28
1.28
1.28
1.28
1.28
1.28
1.28
1.28
1.28
1.28
1.28
1.28
1.28
1.28
1.28
1.28
1.28
1.28
1.28
1.28
1.28
1.28
1.28
1.28
1.28
1.28
1.28
1.28
1.28
1.28
1.28
1.28
1.28
1.28
1.28
1.28
1.28
1.28
1.28
1.28
1.28
1.28
1.28
1.28
1.28
1.28
1.28
1.28
1.28
1.28
1.28
1.28
1.28
1.28
1.28
1.28
1.28
1.28
1.28
1.28
1.28
1.28
1.28
1.28
1.28
1.28
1.28
1.28
1.28001
1.28
1.28
1.28
1.28
1.28
1.28
1.28
1.28
1.28
1.28
1.28
1.28
1.28
1.28
1.28
1.28
1.28
1.28
1.28
1.28
1.28
1.28
1.28
1.28
1.28
1.28
1.28
1.28
1.28
1.28
1.28
1.28
1.28
1.28
1.28
1.28
1.28
1.28
1.28
1.28
1.28
1.28
1.28
1.28
1.28
1.28
1.28
1.28
1.28
1.28
1.28
1.28
1.28
1.28
1.28
1.28
1.28
1.28
1.28
1.28
1.28
1.28
1.28
1.28
1.28
1.28
1.28
1.28
1.28
1.28
1.28
1.28
1.28
1.28
1.28
1.28
1.28
1.28
1.28
1.28
1.28
1.28
1.28
1.28
1.28
1.28
1.28
1.28
1.28
1.28
1.28
1.28
1.28
1.28
1.28
1.28
1.28
1.28
1.28
1.28001
1.28
1.28
1.28
1.28
1.28
1.28
1.28
1.28
1.28
1.28
1.28
1.28
1.28
1.28
1.28
1.28
1.28
1.28
1.28
1.28
1.28
1.28
1.28
1.28
1.28
1.28
1.28
1.28
1.28
1.28
1.28
1.28
1.28
1.28
1.28
1.28
1.28
1.28
1.28
1.28
1.28
1.28
1.28
1.28
1.28
1.28
1.28
1.28
1.28
1.28
1.28
1.28
1.28
1.28
1.28
1.28
1.28
1.28
1.28
1.28
1.28
1.28
1.28
1.28
1.28
1.28
1.28
1.28
1.28
1.28
1.28
1.28
1.28
1.28
1.28
1.28
1.28
1.28
1.28
1.28
1.28
1.28
1.28
1.28
1.28
1.28
1.28
1.28
1.28
1.28
1.28
1.28
1.28
1.28
1.28
1.28
1.28
1.28
1.28
1.28001
1.28
1.28
1.28
1.28
1.28
1.28
1.28
1.28
1.28
1.28
1.28
1.28
1.28
1.28
1.28
1.28
1.28
1.28
1.28
1.28
1.28
1.28
1.28
1.28
1.28
1.28
1.28
1.28
1.28
1.28
1.28
1.28
1.28
1.28
1.28
1.28
1.28
1.28
1.28
1.28
1.28
1.28
1.28
1.28
1.28
1.28
1.28
1.28
1.28
1.28
1.28
1.28
1.28
1.28
1.28
1.28
1.28
1.28
1.28
1.28
1.28
1.28
1.28
1.28
1.28
1.28
1.28
1.28
1.28
1.28
1.28
1.28
1.28
1.28
1.28
1.28
1.28
1.28
1.28
1.28
1.28
1.28
1.28
1.28
1.28
1.28
1.28
1.28
1.28
1.28
1.28
1.28
1.28
1.28
1.28
1.28
1.28
1.28
1.28
1.28001
1.28
1.28
1.28
1.28
1.28
1.28
1.28
1.28
1.28
1.28
1.28
1.28
1.28
1.28
1.28
1.28
1.28
1.28
1.28
1.28
1.28
1.28
1.28
1.28
1.28
1.28
1.28
1.28
1.28
1.28
1.28
1.28
1.28
1.28
1.28
1.28
1.28
1.28
1.28
1.28
1.28
1.28
1.28
1.28
1.28
1.28
1.28
1.28
1.28
1.28
1.28
1.28
1.28
1.28
1.28
1.28
1.28
1.28
1.28
1.28
1.28
1.28
1.28
1.28
1.28
1.28
1.28
1.28
1.28
1.28
1.28
1.28
1.28
1.28
1.28
1.28
1.28
1.28
1.28
1.28
1.28
1.28
1.28
1.28
1.28
1.28
1.28
1.28
1.28
1.28
1.28
1.28
1.28
1.28
1.28
1.28
1.28
1.28
1.28
1.28
1.28
1.28
1.28
1.28
1.28
1.28
1.28
1.28
1.28
1.28
1.28
1.28
1.28
1.28
1.28
1.28
1.28
1.28
1.28
1.28
1.28
1.28
1.28
1.28
1.28
1.28
1.28
1.28
1.28
1.28
1.28
1.28
1.28
1.28
1.28
1.28
1.28
1.28
1.28
1.28
1.28
1.28
1.28
1.28
1.28
1.28
1.28
1.28
1.28
1.28
1.28
1.28
1.28
1.28
1.28
1.28
1.28
1.28
1.28
1.28
1.28
1.28
1.28
1.28
1.28
1.28
1.28
1.28
1.28
1.28
1.28
1.28
1.28
1.28
1.28
1.28
1.28
1.28
1.28
1.28
1.28
1.28
1.28
1.28
1.28
1.28
1.28
1.28
1.28
1.28
1.28
1.28
1.28
1.28
1.28
1.28
1.28
1.28
1.28
1.28
1.28
1.28
1.28
1.28
1.28
1.28
1.28
1.28
1.28
1.28
1.28
1.28
1.28
1.28
1.28
1.28
1.28
1.28
1.28
1.28
1.28
1.28
1.28
1.28
1.28
1.28
1.28
1.28
1.28
1.28
1.28
1.28
1.28
1.28
1.28
1.28
1.28
1.28
1.28
1.28
1.28
1.28
1.28
1.28
1.28
1.28
1.28
1.28
1.28
1.28
1.28
1.28
1.28
1.28
1.28
1.28
1.28
1.28
1.28
1.28
1.28
1.28
1.28
1.28
1.28
1.28
1.28
1.28
1.28
1.28
1.28
1.28
1.28
1.28
1.28
1.28
1.28
1.28
1.28
1.28
1.28
1.28
1.28
1.28
1.28
1.28
1.28
1.28
1.28
1.28
1.28
1.28
1.28
1.28
1.28
1.28
1.28
1.28
1.28
1.28
1.28
1.28
1.28
1.28
1.28
1.28
1.28
1.28
1.28
1.28
1.28
1.28
1.28
1.28
1.28
1.28
1.28
1.28
1.28
1.28
1.28
1.28
1.28
1.28
1.28
1.28
1.28
1.28
1.28
1.28
1.28
1.28
1.28
1.28
1.28
1.28
1.28
1.28
1.28
1.28
1.28
1.28
1.28
1.28
1.28
1.28
1.28
1.28
1.28
1.28
1.28
1.28
1.28
1.28
1.28
1.28
1.28
1.28
1.28
1.28
1.28
1.28
1.28
1.28
1.28
1.28
1.28
1.28
1.28
1.28
1.28
1.28
1.28
1.28
1.28
1.28
1.28
1.28
1.28
1.28
1.28
1.28
1.28
1.28
1.28
1.28
1.28
1.28
1.28
1.28
1.28
1.28
1.28
1.28
1.28
1.28
1.28
1.28
1.28
1.28
1.28
1.28
1.28
1.28
1.28
1.28
1.28
1.28
1.28
1.28
1.28
1.28
1.28
1.28
1.28
1.28
1.28
1.28
1.28
1.28
1.28
1.28
1.28
1.28
1.28
1.28
1.28
1.28
1.28
1.28
1.28
1.28
1.28
1.28
1.28
1.28
1.28
1.28
1.28
1.28
1.28
1.28
1.28
1.28
1.28
1.28
1.28
1.28
1.28
1.28
1.28
1.28
1.28
1.28
1.28
1.28
1.28
1.28
1.28
1.28
1.28
1.28
1.28
1.28
1.28
1.28
1.28
1.28
1.28
1.28
1.28
1.28
1.28
1.28
1.28
1.28
1.28
1.28
1.28
1.28
1.28
1.28
1.28
1.28
1.28
1.28
1.28
1.28
1.28
1.28
1.28
1.28
1.28
1.28
1.28
1.28
1.28
1.28
1.28
1.28
1.28
1.28
1.28
1.28
1.28
1.28
1.28
1.28
1.28
1.28
1.28
1.28
1.28
1.28
1.28
1.28
1.28
1.28
1.28
1.28
1.28
1.28
1.28
1.28
1.28
1.28
1.28
1.28
1.28
1.28
1.28
1.28
1.28
1.28
1.28
1.28
1.28
1.28
1.28
1.28
1.28
1.28
1.28
1.28
1.28
1.28
1.28
1.28
1.28
1.28
1.28
1.28
1.28
1.28
1.28
1.28
1.28
1.28
1.28
1.28
1.28
1.28
1.28
1.28
1.28
1.28
1.28
1.28
1.28
1.28
1.28
1.28
1.28
1.28
1.28
1.28
1.28
1.28
1.28
1.28
1.28
1.28
1.28
1.28
1.28
1.28
1.28
1.28
1.28
1.28
1.28
1.28
1.28
1.28
1.28
1.28
1.28
1.28
1.28
1.28
1.28
1.28
1.28
1.28
1.28
1.28
1.28
1.28
1.28
1.28
1.28
1.28
1.28
1.28
1.28
1.28
1.28
1.28
1.28
1.28
1.28
1.28
1.28
1.28
1.28
1.28
1.28
1.28
1.28
1.28
1.28
1.28
1.28
1.28
1.28
1.28
1.28
1.28
1.28
1.28
1.28
1.28
1.28
1.28
1.28
1.28
1.28
1.28
1.28
1.28
1.28
1.28
1.28
1.28
1.28
1.28
1.28
1.28
1.28
1.28
1.28
1.28
1.28
1.28
1.28
1.28
1.28
1.28
1.28
1.28
1.28
1.28
1.28
1.28
1.28
1.28
1.28
1.28
1.28
1.28
1.28
1.28
1.28
1.28
1.28
1.28
1.28
1.28
1.28
1.28
1.28
1.28
1.28
1.28
1.28
1.28
1.28
1.28
1.28
1.28
1.28
1.28
1.28
1.28
1.28
1.28
1.28
1.28
1.28
1.28
1.28
1.28
1.28
1.28
1.28
1.28
1.28
1.28
1.28
1.28
1.28
1.28
1.28
1.28
1.28
1.28
1.28
1.28
1.28
1.28
1.28
1.28
1.28
1.28
1.28
1.28
1.28
1.28
1.28
1.28
1.28
1.28
1.28
1.28
1.28
1.28
1.28
1.28
1.28
1.28
1.28
1.28
1.28
1.28
1.28
1.28
1.28
1.28
1.28
1.28
1.28
1.28
1.28
1.28
1.28
1.28
1.28
1.28
1.28
1.28
1.28
1.28
1.28
1.28
1.28
1.28
1.28
1.28
1.28
1.28
1.28
1.28
1.28
1.28
1.28
1.28
1.28
1.28
1.28
1.28
1.28
1.28
1.28
1.28
1.28
1.28
1.28
1.28
1.28
1.28
1.28
1.28
1.28
1.28
1.28
1.28
1.28
1.28
1.28
1.28
1.28
1.28
1.28
1.28
1.28
1.28
1.28
1.28
1.28
1.28
1.28
1.28
1.28
1.28
1.28
1.28
1.28
1.28
1.28
1.28
1.28
1.28
1.28
1.28
1.28
1.28
1.28
1.28
1.28
1.28
1.28
1.28
1.28
1.28
1.28
1.28
1.28
1.28
1.28
1.28
1.28
1.28
1.28
1.28
1.28
1.28
1.28
1.28
1.28
1.28
1.28
1.28
1.28
1.28
1.28
1.28
1.28
1.28
1.28
1.28
1.28
1.28
1.28
1.28
1.28
1.28
1.28
1.28
1.28
1.28
1.28
1.28
1.28
1.28
1.28
1.28
1.28
1.28
1.28
1.28
1.28
1.28
1.28
1.28
1.28
1.28
1.28
1.28
1.28
1.28
1.28
1.28
1.28
1.28
1.28
1.28
1.28
1.28
1.28
1.28
1.28
1.28
1.28
1.28
1.28
1.28
1.28
1.28
1.28
1.28
1.28
1.28
1.28
1.28
1.28
1.28
1.28
1.28
1.28
1.28
1.28
1.28
1.28
1.28
1.28
1.28
1.28
1.28
1.28
1.28
1.28
1.28
1.28
1.28
1.28
1.28
1.28
1.28
1.28
1.28
1.28
1.28
1.28
1.28
1.28
1.28
1.28
1.28
1.28
1.28
1.28
1.28
1.28
1.28
1.28
1.28
1.28
1.28
1.28
1.28
1.28
1.28
1.28
1.28
1.28
1.28
1.28
1.28
1.28
1.28
1.28
1.28
1.28
1.28
1.28
1.28
1.28
1.28
1.28
1.28
1.28
1.28
1.28
1.28
1.28
1.28
1.28
1.28
1.28
1.28
1.28
1.28
1.28
1.28
1.28
1.28
1.28
1.28
1.28
1.28
1.28
1.28
1.28
1.28
1.28
1.28
1.28
1.28
1.28
1.28
1.28
1.28
1.28
1.28
1.28
1.28
1.28
1.28
1.28
1.28
1.28
1.28
1.28
1.28
1.28
1.28
1.28
1.28
1.28
1.28
1.28
1.28
1.28
1.28
1.28
1.28
1.28
1.28
1.28
1.28
1.28
1.28
1.28
1.28
1.28
1.28
1.28
1.28
1.28
1.28
1.28
1.28
1.28
1.28
1.28
1.28
1.28
1.28
1.28
1.28
1.28
1.28
1.28
1.28
1.28
1.28
1.28
1.28
1.28
1.28
1.28
1.28
1.28
1.28
1.28
1.28
1.28
1.28
1.28
1.28
1.28
1.28
1.28
1.28
1.28
1.28
1.28
1.28
1.28
1.28
1.28
1.28
1.28
1.28
1.28
1.28
1.28
1.28
1.28
1.28
1.28
1.28
1.28
1.28
1.28
1.28
1.28
1.28
1.28
1.28
1.28
1.28
1.28
1.28
1.28
1.28
1.28
1.28
1.28
1.28
1.28
1.28
1.28
1.28
1.28
1.28
1.28
1.28
1.28
1.28
1.28
1.28
1.28
1.28
1.28
1.28
1.28
1.28
1.28
1.28
1.28
1.28
1.28
1.28
1.28
1.28
1.28
1.28
1.28
1.28
1.28
1.28
1.28
1.28
1.28
1.28
1.28
1.28
1.28
1.28
1.28
1.28
1.28
1.28
1.28
1.28
1.28
1.28
1.28
1.28
1.28
1.28
1.28
1.28
1.28
1.28
1.28
1.28
1.28
1.28
1.28
1.28
1.28
1.28
1.28
1.28
1.28
1.28
1.28
1.28
1.28
1.28
1.28
1.28
1.28
1.28
1.28
1.28
1.28
1.28
1.28
1.28
1.28
1.28
1.28
1.28
1.28
1.28
1.28
1.28
1.28
1.28
1.28
1.28
1.28
1.28
1.28
1.28
1.28
1.28
1.28
1.28
1.28
1.28
1.28
1.28
1.28
1.28
1.28
1.28
1.28
1.28
1.28
1.28
1.28
1.28
1.28
1.28
1.28
1.28
1.28
1.28
1.28
1.28
1.28
1.28
1.28
1.28
1.28
1.28
1.28
1.28
1.28
1.28
1.28
1.28
1.28
1.28
1.28
1.28
1.28
1.28
1.28
1.28
1.28
1.28
1.28
1.28
1.28
1.28
1.28
1.28
1.28
1.28
1.28
1.28
1.28
1.28
1.28
1.28
1.28
1.28
1.28
1.28
1.28
1.28
1.28
1.28
1.28
1.28
1.28
1.28
1.28
1.28
1.28
1.28
1.28
1.28
1.28
1.28
1.28
1.28
1.28
1.28
1.28
1.28
1.28
1.28
1.28
1.28
1.28
1.28
1.28
1.28
1.28
1.28
1.28
1.28
1.28
1.28
1.28
1.28
1.28
1.28
1.28
1.28
1.28
1.28
1.28
1.28
1.28
1.28
1.28
1.28
1.28
1.28
1.28
1.28
1.28
1.28
1.28
1.28
1.28
1.28
1.28
1.28
1.28
1.28
1.28
1.28
1.28
1.28
1.28
1.28
1.28
1.28
1.28
1.28
1.28
1.28
1.28
1.28
1.28
1.28
1.28
1.28
1.28
1.28
1.28
1.28
1.28
1.28
1.28
1.28
1.28
1.28
1.28
1.28
1.28
1.28
1.28
1.28
1.28
1.28
1.28
1.28
1.28
1.28
1.28
1.28
1.28
1.28
1.28
1.28
1.28
1.28
1.28
1.28
1.28
1.28
1.28
1.28
1.28
1.28
1.28
1.28
1.28
1.28
1.28
1.28
1.28
1.28
1.28
1.28
1.28
1.28
1.28
1.28
1.28
1.28
1.28
1.28
1.28
1.28
1.28
1.28
1.28
1.28
1.28
1.28
1.28
1.28
1.28
1.28
1.28
1.28
1.28
1.28
1.28
1.28
1.28
1.28
1.28
1.28
1.28
1.28
1.28
1.28
1.28
1.28
1.28
1.28
1.28
1.28
1.28
1.28
1.28
1.28
1.28
1.28
1.28
1.28
1.28
1.28
1.28
1.28
1.28
1.28
1.28
1.28
1.28
1.28
1.28
1.28
1.28
1.28
1.28
1.28
1.28
1.28
1.28
1.28
1.28
1.28
1.28
1.28
1.28
1.28
1.28
1.28
1.28
1.28
1.28
1.28
1.28
1.28
1.28
1.28
1.28
1.28
1.28
1.28
1.28
1.28
1.28
1.28
1.28
1.28
1.28
1.28
1.28
1.28
1.28
1.28
1.28
1.28
1.28
1.28
1.28
1.28
1.28
1.28
1.28
1.28
1.28
1.28
1.28
1.28
1.28
1.28
1.28
1.28
1.28
1.28
1.28
1.28
1.28
1.28
1.28
1.28
1.28
1.28
1.28
1.28
1.28
1.28
1.28
1.28
1.28
1.28
1.28
1.28
1.28
1.28
1.28
1.28
1.28
1.28
1.28
1.28
1.28
1.28
1.28
1.28
1.28
1.28
1.28
1.28
1.28
1.28
1.28
1.28
1.28
1.28
1.28
1.28
1.28
1.28
1.28
1.28
1.28
1.28
1.28
1.28
1.28
1.28
1.28
1.28
1.28
1.28001
1.28001
1.28001
1.28001
1.28001
1.28001
1.28001
1.28001
1.28001
1.28001
1.28
1.28
1.28
1.28
1.28
1.28
1.28
1.28
1.28
1.28
1.28
1.28
1.28
1.28
1.28
1.28
1.28
1.28
1.28
1.28
1.28
1.28
1.28
1.28
1.28
1.28
1.28
1.28
1.28
1.28
1.28
1.28
1.28
1.28
1.28
1.28
1.28
1.28
1.28
1.28
1.28
1.28
1.28
1.28
1.28
1.28
1.28
1.28
1.28
1.28
1.28
1.28
1.28
1.28
1.28
1.28
1.28
1.28
1.28
1.28
1.28
1.28
1.28
1.28
1.28
1.28
1.28
1.28
1.28
1.28
1.28
1.28
1.28
1.28
1.28
1.28
1.28
1.28
1.28
1.28
1.28
1.28
1.28
1.28
1.28
1.28
1.28
1.28
1.28
1.28
1.28001
1.28001
1.28001
1.28001
1.28001
1.28001
1.28001
1.28001
1.28001
1.28001
1.28
1.28
1.28
1.28
1.28
1.28
1.28
1.28
1.28
1.28
1.28
1.28
1.28
1.28
1.28
1.28
1.28
1.28
1.28
1.28
1.28
1.28
1.28
1.28
1.28
1.28
1.28
1.28
1.28
1.28
1.28
1.28
1.28
1.28
1.28
1.28
1.28
1.28
1.28
1.28
1.28
1.28
1.28
1.28
1.28
1.28
1.28
1.28
1.28
1.28
1.28
1.28
1.28
1.28
1.28
1.28
1.28
1.28
1.28
1.28
1.28
1.28
1.28
1.28
1.28
1.28
1.28
1.28
1.28
1.28
1.28
1.28
1.28
1.28
1.28
1.28
1.28
1.28
1.28
1.28
1.28
1.28
1.28
1.28
1.28
1.28
1.28
1.28
1.28
1.28
1.28
1.28
1.28
1.28
1.28
1.28
1.28
1.28
1.28
1.28
1.28
1.28
1.28
1.28
1.28
1.28
1.28
1.28
1.28
1.28
1.28
1.28
1.28
1.28
1.28
1.28
1.28
1.28
1.28
1.28
1.28
1.28
1.28
1.28
1.28
1.28
1.28
1.28
1.28
1.28
1.28
1.28
1.28
1.28
1.28
1.28
1.28
1.28
1.28
1.28
1.28
1.28
1.28
1.28
1.28
1.28
1.28
1.28
1.28
1.28
1.28
1.28
1.28
1.28
1.28
1.28
1.28
1.28
1.28
1.28
1.28
1.28
1.28
1.28
1.28
1.28
1.28
1.28
1.28
1.28
1.28
1.28
1.28
1.28
1.28
1.28
1.28
1.28
1.28
1.28
1.28
1.28
1.28
1.28
1.28
1.28
1.28
1.28
1.28
1.28
1.28
1.28
1.28
1.28
1.28
1.28
1.28
1.28
1.28
1.28
1.28
1.28
1.28
1.28
1.28
1.28
1.28
1.28
1.28
1.28
1.28
1.28
1.28
1.28
1.28
1.28
1.28
1.28
1.28
1.28
1.28
1.28
1.28
1.28
1.28
1.28
1.28
1.28
1.28
1.28
1.28
1.28
1.28
1.28
1.28
1.28
1.28
1.28
1.28
1.28
1.28
1.28
1.28
1.28
1.28
1.28
1.28
1.28
1.28
1.28
1.28
1.28
1.28
1.28
1.28
1.28
1.28
1.28
1.28
1.28
1.28
1.28
1.28
1.28
1.28
1.28
1.28
1.28
1.28
1.28
1.28
1.28
1.28
1.28
1.28
1.28
1.28
1.28
1.28
1.28
1.28
1.28
1.28
1.28
1.28
1.28
1.28
1.28
1.28
1.28
1.28
1.28
1.28
1.28
1.28
1.28
1.28
1.28
1.28
1.28
1.28
1.28
1.28
1.28
1.28
1.28
1.28
1.28
1.28
1.28
1.28
1.28
1.28
1.28
1.28
1.28
1.28
1.28
1.28
1.28
1.28
1.28
1.28
1.28
1.28
1.28
1.28
1.28
1.28
1.28
1.28
1.28
1.28
1.28
1.28
1.28
1.28
1.28
1.28
1.28
1.28
1.28
1.28
1.28
1.28
1.28
1.28
1.28
1.28
1.28
1.28
1.28
1.28
1.28
1.28
1.28
1.28
1.28
1.28
1.28
1.28
1.28
1.28
1.28
1.28
1.28
1.28
1.28
1.28
1.28
1.28
1.28
1.28
1.28
1.28
1.28
1.28
1.28
1.28
1.28
1.28
1.28
1.28
1.28
1.28
1.28
1.28
1.28
1.28
1.28
1.28
1.28
1.28
1.28
1.28
1.28
1.28
1.28
1.28
1.28
1.28
1.28
1.28
1.28
1.28
1.28
1.28
1.28
1.28
1.28
1.28
1.28
1.28
1.28
1.28
1.28
1.28
1.28
1.28
1.28
1.28
1.28
1.28
1.28
1.28
1.28
1.28
1.28
1.28
1.28
1.28
1.28
1.28
1.28
1.28
1.28
1.28
1.28
1.28
1.28
1.28
1.28
1.28
1.28
1.28
1.28
1.28
1.28
1.28
1.28
1.28
1.28
1.28
1.28
1.28
1.28
1.28
1.28
1.28
1.28
1.28
1.28
1.28
1.28
1.28
1.28
1.28
1.28
1.28
1.28
1.28
1.28
1.28
1.28
1.28
1.28
1.28
1.28
1.28
1.28
1.28
1.28
1.28
1.28
1.28
1.28
1.28
1.28
1.28
1.28
1.28
1.28
1.28
1.28
1.28
1.28
1.28
1.28
1.28
1.28
1.28
1.28
1.28
1.28
1.28
1.28
1.28
1.28
1.28
1.28
1.28
1.28
1.28
1.28
1.28
1.28
1.28
1.28
1.28
1.28
1.28
1.28
1.28
1.28
1.28
1.28
1.28
1.28
1.28
1.28
1.28
1.28
1.28
1.28
1.28
1.28
1.28
1.28
1.28
1.28
1.28
1.28
1.28
1.28
1.28
1.28
1.28
1.28
1.28
1.28
1.28
1.28
1.28
1.28
1.28
1.28
1.28
1.28
1.28
1.28
1.28
1.28
1.28
1.28
1.28
1.28
1.28
1.28
1.28
1.28
1.28
1.28
1.28
1.28
1.28
1.28
1.28
1.28
1.28
1.28
1.28
1.28
1.28
1.28
1.28
1.28
1.28
1.28
1.28
1.28
1.28
1.28
1.28
1.28
1.28
1.28
1.28
1.28
1.28
1.28
1.28
1.28
1.28
1.28
1.28
1.28
1.28
1.28
1.28
1.28
1.28
1.28
1.28
1.28
1.28
1.28
1.28
1.28
1.28
1.28
1.28
1.28
1.28
1.28
1.28
1.28
1.28
1.28
1.28
1.28
1.28
1.28
1.28
1.28
1.28
1.28
1.28
1.28
1.28
1.28
1.28
1.28
1.28
1.28
1.28
1.28
1.28
1.28
1.28
1.28
1.28
1.28
1.28
1.28
1.28
1.28
1.28
1.28
1.28
1.28
1.28
1.28
1.28
1.28
1.28
1.28
1.28
1.28
1.28
1.28
1.28
1.28
1.28
1.28
1.28
1.28
1.28
1.28
1.28
1.28
1.28
1.28
1.28
1.28
1.28
1.28
1.28
1.28
1.28
1.28
1.28
1.28
1.28
1.28
1.28
1.28
1.28
1.28
1.28
1.28
1.28
1.28
1.28
1.28
1.28
1.28
1.28
1.28
1.28
1.28
1.28
1.28
1.28
1.28
1.28
1.28
1.28
1.28
1.28
1.28
1.28
1.28
1.28
1.28
1.28
1.28
1.28
1.28
1.28
1.28
1.28
1.28
1.28
1.28
1.28
1.28
1.28
1.28
1.28
1.28
1.28
1.28
1.28
1.28
1.28
1.28
1.28
1.28
1.28
1.28
1.28
1.28
1.28
1.28
1.28
1.28
1.28
1.28
1.28
1.28
1.28
1.28
1.28
1.28
1.28
1.28
1.28
1.28
1.28
1.28
1.28
1.28
1.28
1.28
1.28
1.28
1.28
1.28
1.28
1.28
1.28
1.28
1.28
1.28
1.28
1.28
1.28
1.28
1.28
1.28
1.28
1.28
1.28
1.28
1.28
1.28
1.28
1.28
1.28
1.28
1.28
1.28
1.28
1.28
1.28
1.28
1.28
1.28
1.28
1.28
1.28
1.28
1.28
1.28
1.28
1.28
1.28
1.28
1.28
1.28
1.28
1.28
1.28
1.28
1.28
1.28
1.28
1.28
1.28
1.28
1.28
1.28
1.28
1.28
1.28
1.28
1.28
1.28
1.28
1.28
1.28
1.28
1.28
1.28
1.28
1.28
1.28
1.28
1.28
1.28
1.28
1.28
1.28
1.28
1.28
1.28
1.28
1.28
1.28
1.28
1.28
1.28
1.28
1.28
1.28
1.28
1.28
1.28
1.28
1.28
1.28
1.28
1.28
1.28
1.28
1.28
1.28
1.28
1.28
1.28
1.28
1.28
1.28
1.28
1.28
1.28
1.28
1.28
1.28
1.28
1.28
1.28
1.28
1.28
1.28
1.28
1.28
1.28
1.28
1.28
1.28
1.28
1.28
1.28
1.28
1.28
1.28
1.28
1.28
1.28
1.28
1.28
1.28
1.28
1.28
1.28
1.28
1.28
1.28
1.28
1.28
1.28
1.28
1.28
1.28
1.28
1.28
1.28
1.28
1.28
1.28
1.28
1.28
1.28
1.28
1.28
1.28
1.28
1.28
1.28
1.28
1.28
1.28
1.28
1.28
1.28
1.28
1.28
1.28
1.28
1.28
1.28
1.28
1.28
1.28
1.28
1.28
1.28
1.28
1.28
1.28
1.28
1.28
1.28
1.28
1.28
1.28
1.28
1.28
1.28
1.28
1.28
1.28
1.28
1.28
1.28
1.28
1.28
1.28
1.28
1.28
1.28
1.28
1.28
1.28
1.28
1.28
1.28
1.28
1.28
1.28
1.28
1.28
1.28
1.28
1.28
1.28
1.28
1.28
1.28
1.28
1.28
1.28
1.28
1.28
1.28
1.28
1.28
1.28
1.28
1.28
1.28
1.28
1.28
1.28
1.28
1.28
1.28
1.28
1.28
1.28
1.28
1.28
1.28
1.28
1.28
1.28
1.28
1.28
1.28
1.28
1.28
1.28
1.28
1.28
1.28
1.28
1.28
1.28
1.28
1.28
1.28
1.28
1.28
1.28
1.28
1.28
1.28
1.28
1.28
1.28
1.28
1.28
1.28
1.28
1.28
1.28
1.28
1.28
1.28
1.28
1.28
1.28
1.28
1.28
1.28
1.28
1.28
1.28
1.28
1.28
1.28
1.28
1.28
1.28
1.28
1.28
1.28
1.28
1.28
1.28
1.28
1.28
1.28
1.28
1.28
1.28
1.28
1.28
1.28
1.28
1.28
1.28
1.28
1.28
1.28
1.28
1.28
1.28
1.28
1.28
1.28
1.28
1.28
1.28
1.28
1.28
1.28
1.28
1.28
1.28
1.28
1.28
1.28
1.28
1.28
1.28
1.28
1.28
1.28
1.28
1.28
1.28
1.28
1.28
1.28
1.28
1.28
1.28
1.28
1.28
1.28
1.28
1.28
1.28
1.28
1.28
1.28
1.28
1.28
1.28
1.28
1.28
1.28
1.28
1.28
1.28
1.28
1.28
1.28
1.28
1.28
1.28
1.28
1.28
1.28
1.28
1.28
1.28
1.28
1.28
1.28
1.28
1.28
1.28
1.28
1.28
1.28
1.28
1.28
1.28
1.28
1.28
1.28
1.28
1.28
1.28
1.28
1.28
1.28
1.28
1.28
1.28
1.28
1.28
1.28
1.28
1.28
1.28
1.28
1.28
1.28
1.28
1.28
1.28
1.28
1.28
1.28
1.28
1.28
1.28
1.28
1.28
1.28
1.28
1.28
1.28
1.28
1.28
1.28
1.28
1.28
1.28
1.28
1.28
1.28
1.28
1.28
1.28
1.28
1.28
1.28
1.28
1.28
1.28
1.28
1.28
1.28
1.28
1.28
1.28
1.28
1.28
1.28
1.28
1.28
1.28
1.28
1.28
1.28
1.28
1.28
1.28
1.28
1.28
1.28
1.28
1.28
1.28
1.28
1.28
1.28
1.28
1.28
1.28
1.28
1.28
1.28
1.28
1.28
1.28
1.28
1.28
1.28
1.28
1.28
1.28
1.28
1.28
1.28
1.28
1.28
1.28
1.28
1.28
1.28
1.28
1.28
1.28
1.28
1.28
1.28
1.28
1.28
1.28
1.28
1.28
1.28
1.28
1.28
1.28
1.28
1.28
1.28
1.28
1.28
1.28
1.28
1.28
1.28
1.28
1.28
1.28
1.28
1.28
1.28
1.28
1.28
1.28
1.28
1.28
1.28
1.28
1.28
1.28
1.28
1.28
1.28
1.28
1.28
1.28
1.28
1.28
1.28
1.28
1.28
1.28
1.28
1.28
1.28
1.28
1.28
1.28
1.28
1.28
1.28
1.28
1.28
1.28
1.28
1.28
1.28
1.28
1.28
1.28
1.28
1.28
1.28
1.28
1.28
1.28
1.28
1.28
1.28
1.28
1.28
1.28
1.28
1.28
1.28
1.28
1.28
1.28
1.28
1.28
1.28
1.28
1.28
1.28
1.28
1.28
1.28
1.28
1.28
1.28
1.28
1.28
1.28
1.28
1.28
1.28
1.28
1.28
1.28
1.28
1.28
1.28
1.28
1.28
1.28
1.28
1.28
1.28
1.28
1.28
1.28
1.28
1.28
1.28
1.28
1.28
1.28
1.28
1.28
1.28
1.28
1.28
1.28
1.28
1.28
1.28
1.28
1.28
1.28
1.28
1.28
1.28
1.28
1.28
1.28
1.28
1.28
1.28
1.28
1.28
1.28
1.28
1.28
1.28
1.28
1.28
1.28
1.28
1.28
1.28
1.28
1.28
1.28
1.28
1.28
1.28
1.28
1.28
1.28
1.28
1.28
1.28
1.28
1.28
1.28
1.28
1.28
1.28
1.28
1.28
1.28
1.28
1.28
1.28
1.28
1.28
1.28
1.28
1.28
1.28
1.28
1.28
1.28
1.28
1.28
1.28
1.28
1.28
1.28
1.28
1.28
1.28
1.28
1.28
1.28
1.28
1.28
1.28
1.28
1.28
1.28
1.28
1.28
1.28
1.28
1.28
1.28
1.28
1.28
1.28
1.28
1.28
1.28
1.28
1.28
1.28
1.28
1.28
1.28
1.28
1.28
1.28
1.28
1.28
1.28
1.28
1.28
1.28
1.28
1.28
1.28
1.28
1.28
1.28
1.28
1.28
1.28
1.28
1.28
1.28
1.28
1.28
1.28
1.28
1.28
1.28
1.28
1.28
1.28
1.28
1.28
1.28
1.28
1.28
1.28
1.28
1.28
1.28
1.28
1.28
1.28
1.28
1.28
1.28
1.28
1.28
1.28
1.28
1.28
1.28
1.28
1.28
1.28
1.28
1.28
1.28
1.28
1.28
1.28
1.28
1.28
1.28
1.28
1.28
1.28
1.28
1.28
1.28
1.28
1.28
1.28
1.28
1.28
1.28
1.28
1.28
1.28
1.28
1.28
1.28
1.28
1.28
1.28
1.28
1.28
1.28
1.28
1.28
1.28
1.28
1.28
1.28
1.28
1.28
1.28001
1.28
1.28
1.28
1.28
1.28
1.28
1.28
1.28
1.28
1.28
1.28
1.28
1.28
1.28
1.28
1.28
1.28
1.28
1.28
1.28
1.28
1.28
1.28
1.28
1.28
1.28
1.28
1.28
1.28
1.28
1.28
1.28
1.28
1.28
1.28
1.28
1.28
1.28
1.28
1.28
1.28
1.28
1.28
1.28
1.28
1.28
1.28
1.28
1.28
1.28
1.28
1.28
1.28
1.28
1.28
1.28
1.28
1.28
1.28
1.28
1.28
1.28
1.28
1.28
1.28
1.28
1.28
1.28
1.28
1.28
1.28
1.28
1.28
1.28
1.28
1.28
1.28
1.28
1.28
1.28
1.28
1.28
1.28
1.28
1.28
1.28
1.28
1.28
1.28
1.28
1.28
1.28
1.28
1.28
1.28
1.28
1.28
1.28
1.28
1.28001
1.28
1.28
1.28
1.28
1.28
1.28
1.28
1.28
1.28
1.28
1.28
1.28
1.28
1.28
1.28
1.28
1.28
1.28
1.28
1.28
1.28
1.28
1.28
1.28
1.28
1.28
1.28
1.28
1.28
1.28
1.28
1.28
1.28
1.28
1.28
1.28
1.28
1.28
1.28
1.28
1.28
1.28
1.28
1.28
1.28
1.28
1.28
1.28
1.28
1.28
1.28
1.28
1.28
1.28
1.28
1.28
1.28
1.28
1.28
1.28
1.28
1.28
1.28
1.28
1.28
1.28
1.28
1.28
1.28
1.28
1.28
1.28
1.28
1.28
1.28
1.28
1.28
1.28
1.28
1.28
1.28
1.28
1.28
1.28
1.28
1.28
1.28
1.28
1.28
1.28
1.28
1.28
1.28
1.28
1.28
1.28
1.28
1.28
1.28
1.28001
1.28
1.28
1.28
1.28
1.28
1.28
1.28
1.28
1.28
1.28
1.28
1.28
1.28
1.28
1.28
1.28
1.28
1.28
1.28
1.28
1.28
1.28
1.28
1.28
1.28
1.28
1.28
1.28
1.28
1.28
1.28
1.28
1.28
1.28
1.28
1.28
1.28
1.28
1.28
1.28
1.28
1.28
1.28
1.28
1.28
1.28
1.28
1.28
1.28
1.28
1.28
1.28
1.28
1.28
1.28
1.28
1.28
1.28
1.28
1.28
1.28
1.28
1.28
1.28
1.28
1.28
1.28
1.28
1.28
1.28
1.28
1.28
1.28
1.28
1.28
1.28
1.28
1.28
1.28
1.28
1.28
1.28
1.28
1.28
1.28
1.28
1.28
1.28
1.28
1.28
1.28
1.28
1.28
1.28
1.28
1.28
1.28
1.28
1.28
1.28001
1.28
1.28
1.28
1.28
1.28
1.28
1.28
1.28
1.28
1.28
1.28
1.28
1.28
1.28
1.28
1.28
1.28
1.28
1.28
1.28
1.28
1.28
1.28
1.28
1.28
1.28
1.28
1.28
1.28
1.28
1.28
1.28
1.28
1.28
1.28
1.28
1.28
1.28
1.28
1.28
1.28
1.28
1.28
1.28
1.28
1.28
1.28
1.28
1.28
1.28
1.28
1.28
1.28
1.28
1.28
1.28
1.28
1.28
1.28
1.28
1.28
1.28
1.28
1.28
1.28
1.28
1.28
1.28
1.28
1.28
1.28
1.28
1.28
1.28
1.28
1.28
1.28
1.28
1.28
1.28
1.28
1.28
1.28
1.28
1.28
1.28
1.28
1.28
1.28
1.28
1.28
1.28
1.28
1.28
1.28
1.28
1.28
1.28
1.28
1.28001
1.28
1.28
1.28
1.28
1.28
1.28
1.28
1.28
1.28
1.28
1.28
1.28
1.28
1.28
1.28
1.28
1.28
1.28
1.28
1.28
1.28
1.28
1.28
1.28
1.28
1.28
1.28
1.28
1.28
1.28
1.28
1.28
1.28
1.28
1.28
1.28
1.28
1.28
1.28
1.28
1.28
1.28
1.28
1.28
1.28
1.28
1.28
1.28
1.28
1.28
1.28
1.28
1.28
1.28
1.28
1.28
1.28
1.28
1.28
1.28
1.28
1.28
1.28
1.28
1.28
1.28
1.28
1.28
1.28
1.28
1.28
1.28
1.28
1.28
1.28
1.28
1.28
1.28
1.28
1.28
1.28
1.28
1.28
1.28
1.28
1.28
1.28
1.28
1.28
1.28
1.28
1.28
1.28
1.28
1.28
1.28
1.28
1.28
1.28
1.28001
1.28
1.28
1.28
1.28
1.28
1.28
1.28
1.28
1.28
1.28
1.28
1.28
1.28
1.28
1.28
1.28
1.28
1.28
1.28
1.28
1.28
1.28
1.28
1.28
1.28
1.28
1.28
1.28
1.28
1.28
1.28
1.28
1.28
1.28
1.28
1.28
1.28
1.28
1.28
1.28
1.28
1.28
1.28
1.28
1.28
1.28
1.28
1.28
1.28
1.28
1.28
1.28
1.28
1.28
1.28
1.28
1.28
1.28
1.28
1.28
1.28
1.28
1.28
1.28
1.28
1.28
1.28
1.28
1.28
1.28
1.28
1.28
1.28
1.28
1.28
1.28
1.28
1.28
1.28
1.28
1.28
1.28
1.28
1.28
1.28
1.28
1.28
1.28
1.28
1.28
1.28
1.28
1.28
1.28
1.28
1.28
1.28
1.28
1.28
1.28001
1.28
1.28
1.28
1.28
1.28
1.28
1.28
1.28
1.28
1.28
1.28
1.28
1.28
1.28
1.28
1.28
1.28
1.28
1.28
1.28
1.28
1.28
1.28
1.28
1.28
1.28
1.28
1.28
1.28
1.28
1.28
1.28
1.28
1.28
1.28
1.28
1.28
1.28
1.28
1.28
1.28
1.28
1.28
1.28
1.28
1.28
1.28
1.28
1.28
1.28
1.28
1.28
1.28
1.28
1.28
1.28
1.28
1.28
1.28
1.28
1.28
1.28
1.28
1.28
1.28
1.28
1.28
1.28
1.28
1.28
1.28
1.28
1.28
1.28
1.28
1.28
1.28
1.28
1.28
1.28
1.28
1.28
1.28
1.28
1.28
1.28
1.28
1.28
1.28
1.28
1.28
1.28
1.28
1.28
1.28
1.28
1.28
1.28
1.28
1.28001
1.28
1.28
1.28
1.28
1.28
1.28
1.28
1.28
1.28
1.28
1.28
1.28
1.28
1.28
1.28
1.28
1.28
1.28
1.28
1.28
1.28
1.28
1.28
1.28
1.28
1.28
1.28
1.28
1.28
1.28
1.28
1.28
1.28
1.28
1.28
1.28
1.28
1.28
1.28
1.28
1.28
1.28
1.28
1.28
1.28
1.28
1.28
1.28
1.28
1.28
1.28
1.28
1.28
1.28
1.28
1.28
1.28
1.28
1.28
1.28
1.28
1.28
1.28
1.28
1.28
1.28
1.28
1.28
1.28
1.28
1.28
1.28
1.28
1.28
1.28
1.28
1.28
1.28
1.28
1.28
1.28
1.28
1.28
1.28
1.28
1.28
1.28
1.28
1.28
1.28
1.28
1.28
1.28
1.28
1.28
1.28
1.28
1.28
1.28
1.28
1.28
1.28
1.28
1.28
1.28
1.28
1.28
1.28
1.28
1.28
1.28
1.28
1.28
1.28
1.28
1.28
1.28
1.28
1.28
1.28
1.28
1.28
1.28
1.28
1.28
1.28
1.28
1.28
1.28
1.28
1.28
1.28
1.28
1.28
1.28
1.28
1.28
1.28
1.28
1.28
1.28
1.28
1.28
1.28
1.28
1.28
1.28
1.28
1.28
1.28
1.28
1.28
1.28
1.28
1.28
1.28
1.28
1.28
1.28
1.28
1.28
1.28
1.28
1.28
1.28
1.28
1.28
1.28
1.28
1.28
1.28
1.28
1.28
1.28
1.28
1.28
1.28
1.28
1.28
1.28
1.28
1.28
1.28
1.28
1.28
1.28
1.28
1.28
1.28
1.28
1.28
1.28
1.28
1.28
1.28
1.28
1.28
1.28
1.28
1.28
1.28
1.28
1.28
1.28
1.28
1.28
1.28
1.28
1.28
1.28
1.28
1.28
1.28
1.28
1.28
1.28
1.28
1.28
1.28
1.28
1.28
1.28
1.28
1.28
1.28
1.28
1.28
1.28
1.28
1.28
1.28
1.28
1.28
1.28
1.28
1.28
1.28
1.28
1.28
1.28
1.28
1.28
1.28
1.28
1.28
1.28
1.28
1.28
1.28
1.28
1.28
1.28
1.28
1.28
1.28
1.28
1.28
1.28
1.28
1.28
1.28
1.28
1.28
1.28
1.28
1.28
1.28
1.28
1.28
1.28
1.28
1.28
1.28
1.28
1.28
1.28
1.28
1.28
1.28
1.28
1.28
1.28
1.28
1.28
1.28
1.28
1.28
1.28
1.28
1.28
1.28
1.28
1.28
1.28
1.28
1.28
1.28
1.28
1.28
1.28
1.28
1.28
1.28
1.28
1.28
1.28
1.28
1.28
1.28
1.28
1.28
1.28
1.28
1.28
1.28
1.28
1.28
1.28
1.28
1.28
1.28
1.28
1.28
1.28
1.28
1.28
1.28
1.28
1.28
1.28
1.28
1.28
1.28
1.28
1.28
1.28
1.28
1.28
1.28
1.28
1.28
1.28
1.28
1.28
1.28
1.28
1.28
1.28
1.28
1.28
1.28
1.28
1.28
1.28
1.28
1.28
1.28
1.28
1.28
1.28
1.28
1.28
1.28
1.28
1.28
1.28
1.28
1.28
1.28
1.28
1.28
1.28
1.28
1.28
1.28
1.28
1.28
1.28
1.28
1.28
1.28
1.28
1.28
1.28
1.28
1.28
1.28
1.28
1.28
1.28
1.28
1.28
1.28
1.28
1.28
1.28
1.28
1.28
1.28
1.28
1.28
1.28
1.28
1.28
1.28
1.28
1.28
1.28
1.28
1.28
1.28
1.28
1.28
1.28
1.28
1.28
1.28
1.28
1.28
1.28
1.28
1.28
1.28
1.28
1.28
1.28
1.28
1.28
1.28
1.28
1.28
1.28
1.28
1.28
1.28
1.28
1.28
1.28
1.28
1.28
1.28
1.28
1.28
1.28
1.28
1.28
1.28
1.28
1.28
1.28
1.28
1.28
1.28
1.28
1.28
1.28
1.28
1.28
1.28
1.28
1.28
1.28
1.28
1.28
1.28
1.28
1.28
1.28
1.28
1.28
1.28
1.28
1.28
1.28
1.28
1.28
1.28
1.28
1.28
1.28
1.28
1.28
1.28
1.28
1.28
1.28
1.28
1.28
1.28
1.28
1.28
1.28
1.28
1.28
1.28
1.28
1.28
1.28
1.28
1.28
1.28
1.28
1.28
1.28
1.28
1.28
1.28
1.28
1.28
1.28
1.28
1.28
1.28
1.28
1.28
1.28
1.28
1.28
1.28
1.28
1.28
1.28
1.28
1.28
1.28
1.28
1.28
1.28
1.28
1.28
1.28
1.28
1.28
1.28
1.28
1.28
1.28
1.28
1.28
1.28
1.28
1.28
1.28
1.28
1.28
1.28
1.28
1.28
1.28
1.28
1.28
1.28
1.28
1.28
1.28
1.28
1.28
1.28
1.28
1.28
1.28
1.28
1.28
1.28
1.28
1.28
1.28
1.28
1.28
1.28
1.28
1.28
1.28
1.28
1.28
1.28
1.28
1.28
1.28
1.28
1.28
1.28
1.28
1.28
1.28
1.28
1.28
1.28
1.28
1.28
1.28
1.28
1.28
1.28
1.28
1.28
1.28
1.28
1.28
1.28
1.28
1.28
1.28
1.28
1.28
1.28
1.28
1.28
1.28
1.28
1.28
1.28
1.28
1.28
1.28
1.28
1.28
1.28
1.28
1.28
1.28
1.28
1.28
1.28
1.28
1.28
1.28
1.28
1.28
1.28
1.28
1.28
1.28
1.28
1.28
1.28
1.28
1.28
1.28
1.28
1.28
1.28
1.28
1.28
1.28
1.28
1.28
1.28
1.28
1.28
1.28
1.28
1.28
1.28
1.28
1.28
1.28
1.28
1.28
1.28
1.28
1.28
1.28
1.28
1.28
1.28
1.28
1.28
1.28
1.28
1.28
1.28
1.28
1.28
1.28
1.28
1.28
1.28
1.28
1.28
1.28
1.28
1.28
1.28
1.28
1.28
1.28
1.28
1.28
1.28
1.28
1.28
1.28
1.28
1.28
1.28
1.28
1.28
1.28
1.28
1.28
1.28
1.28
1.28
1.28
1.28
1.28
1.28
1.28
1.28
1.28
1.28
1.28
1.28
1.28
1.28
1.28
1.28
1.28
1.28
1.28
1.28
1.28
1.28
1.28
1.28
1.28
1.28
1.28
1.28
1.28
1.28
1.28
1.28
1.28
1.28
1.28
1.28
1.28
1.28
1.28
1.28
1.28
1.28
1.28
1.28
1.28
1.28
1.28
1.28
1.28
1.28
1.28
1.28
1.28
1.28
1.28
1.28
1.28
1.28
1.28
1.28
1.28
1.28
1.28
1.28
1.28
1.28
1.28
1.28
1.28
1.28
1.28
1.28
1.28
1.28
1.28
1.28
1.28
1.28
1.28
1.28
1.28
1.28
1.28
1.28
1.28
1.28
1.28
1.28
1.28
1.28
1.28
1.28
1.28
1.28
1.28
1.28
1.28
1.28
1.28
1.28
1.28
1.28
1.28
1.28
1.28
1.28
1.28
1.28
1.28
1.28
1.28
1.28
1.28
1.28
1.28
1.28
1.28
1.28
1.28
1.28
1.28
1.28
1.28
1.28
1.28
1.28
1.28
1.28
1.28
1.28
1.28
1.28
1.28
1.28
1.28
1.28
1.28
1.28
1.28
1.28
1.28
1.28
1.28
1.28
1.28
1.28
1.28
1.28
1.28
1.28
1.28
1.28
1.28
1.28
1.28
1.28
1.28
1.28
1.28
1.28
1.28
1.28
1.28
1.28
1.28
1.28
1.28
1.28
1.28
1.28
1.28
1.28
1.28
1.28
1.28
1.28
1.28
1.28
1.28
1.28
1.28
1.28
1.28
1.28
1.28
1.28
1.28
1.28
1.28
1.28
1.28
1.28
1.28
1.28
1.28
1.28
1.28
1.28
1.28
1.28
1.28
1.28
1.28
1.28
1.28
1.28
1.28
1.28
1.28
1.28
1.28
1.28
1.28
1.28
1.28
1.28
1.28
1.28
1.28
1.28
1.28
1.28
1.28
1.28
1.28
1.28
1.28
1.28
1.28
1.28
1.28
1.28
1.28
1.28
1.28
1.28
1.28
1.28
1.28
1.28
1.28
1.28
1.28
1.28
1.28
1.28
1.28
1.28
1.28
1.28
1.28
1.28
1.28
1.28
1.28
1.28
1.28
1.28
1.28
1.28
1.28
1.28
1.28
1.28
1.28
1.28
1.28
1.28
1.28
1.28
1.28
1.28
1.28
1.28
1.28
1.28
1.28
1.28
1.28
1.28
1.28
1.28
1.28
1.28
1.28
1.28
1.28
1.28
1.28
1.28
1.28
1.28
1.28
1.28
1.28
1.28
1.28
1.28
1.28
1.28
1.28
1.28
1.28
1.28
1.28
1.28
1.28
1.28
1.28
1.28
1.28
1.28
1.28
1.28
1.28
1.28
1.28
1.28
1.28
1.28
1.28
1.28
1.28
1.28
1.28
1.28
1.28
1.28
1.28
1.28
1.28
1.28
1.28
1.28
1.28
1.28
1.28
1.28
1.28
1.28
1.28
1.28
1.28
1.28
1.28
1.28
1.28
1.28
1.28
1.28
1.28
1.28
1.28
1.28
1.28
1.28
1.28
1.28
1.28
1.28
1.28
1.28
1.28
1.28
1.28
1.28
1.28
1.28
1.28
1.28
1.28
1.28
1.28
1.28
1.28
1.28
1.28
1.28
1.28
1.28
1.28
1.28
1.28
1.28
1.28
1.28
1.28
1.28
1.28
1.28
1.28
1.28
1.28
1.28
1.28
1.28
1.28
1.28
1.28
1.28
1.28
1.28
1.28
1.28
1.28
1.28
1.28
1.28
1.28
1.28
1.28
1.28
1.28
1.28
1.28
1.28
1.28
1.28
1.28
1.28
1.28
1.28
1.28
1.28
1.28
1.28
1.28
1.28
1.28
1.28
1.28
1.28
1.28
1.28
1.28
1.28
1.28
1.28
1.28
1.28
1.28
1.28
1.28
1.28
1.28
1.28
1.28
1.28
1.28
1.28
1.28
1.28
1.28
1.28
1.28
1.28
1.28
1.28
1.28
1.28
1.28
1.28
1.28
1.28
1.28
1.28
1.28
1.28
1.28
1.28
1.28
1.28
1.28
1.28
1.28
1.28
1.28
1.28
1.28
1.28
1.28
1.28
1.28
1.28
1.28
1.28
1.28
1.28
1.28
1.28
1.28
1.28
1.28
1.28
1.28
1.28
1.28
1.28
1.28
1.28
1.28
1.28
1.28
1.28
1.28
1.28
1.28
1.28
1.28
1.28
1.28
1.28
1.28
1.28
1.28
1.28
1.28
1.28
1.28
1.28
1.28
1.28
1.28
1.28
1.28
1.28
1.28
1.28
1.28
1.28
1.28
1.28
1.28
1.28
1.28
1.28
1.28
1.28
1.28
1.28
1.28
1.28
1.28
1.28
1.28
1.28
1.28
1.28
1.28
1.28
1.28
1.28
1.28
1.28
1.28
1.28
1.28
1.28
1.28
1.28
1.28
1.28
1.28
1.28
1.28
1.28
1.28
1.28
1.28
1.28
1.28
1.28
1.28
1.28
1.28
1.28
1.28
1.28
1.28
1.28
1.28
1.28
1.28
1.28
1.28
1.28
1.28
1.28
1.28
1.28
1.28
1.28
1.28
1.28
1.28
1.28
1.28
1.28
1.28
1.28
1.28
1.28
1.28
1.28
1.28
1.28
1.28
1.28
1.28
1.28
1.28
1.28
1.28
1.28
1.28
1.28
1.28
1.28
1.28
1.28
1.28
1.28
1.28
1.28
1.28
1.28
1.28
1.28
1.28
1.28
1.28
1.28
1.28
1.28
1.28
1.28
1.28
1.28
1.28
1.28
1.28
1.28
1.28
1.28
1.28
1.28
1.28
1.28
1.28
1.28
1.28
1.28
1.28
1.28
1.28
1.28
1.28
1.28
1.28
1.28
1.28
1.28
1.28
1.28
1.28
1.28
1.28
1.28
1.28
1.28
1.28
1.28
1.28
1.28
1.28
1.28
1.28
1.28
1.28
1.28
1.28
1.28
1.28
1.28
1.28
1.28
1.28
1.28
1.28
1.28
1.28
1.28
1.28
1.28
1.28
1.28
1.28
1.28
1.28
1.28
1.28
1.28
1.28
1.28
1.28
1.28
1.28
1.28
1.28
1.28
1.28
1.28
1.28
1.28
1.28
1.28
1.28
1.28
1.28
1.28
1.28
1.28
1.28
1.28
1.28
1.28
1.28
1.28
1.28
1.28
1.28
1.28
1.28
1.28
1.28
1.28
1.28
1.28
1.28
1.28
1.28
1.28
1.28
1.28
1.28
1.28
1.28
1.28
1.28
1.28
1.28
1.28
1.28
1.28
1.28
1.28
1.28
1.28
1.28
1.28
1.28
1.28
1.28
1.28
1.28
1.28
1.28
1.28
1.28
1.28
1.28
1.28
1.28
1.28
1.28
1.28
1.28
1.28
1.28
1.28
1.28
1.28
1.28
1.28
1.28
1.28
1.28
1.28
1.28
1.28
1.28
1.28
1.28
1.28
1.28
1.28
1.28
1.28
1.28
1.28
1.28
1.28
1.28
1.28
1.28
1.28
1.28
1.28
1.28
1.28
1.28
1.28
1.28
1.28
1.28
1.28
1.28
1.28
1.28
1.28
1.28
1.28
1.28
1.28
1.28
1.28
1.28
1.28
1.28
1.28
1.28
1.28
1.28
1.28
1.28
1.28
1.28
1.28
1.28
1.28
1.28
1.28
1.28
1.28
1.28
1.28
1.28
1.28
1.28
1.28
1.28
1.28
1.28
1.28
1.28
1.28
1.28
1.28
1.28
1.28
1.28
1.28
1.28
1.28
1.28
1.28
1.28
1.28
1.28
1.28
1.28
1.28
1.28
1.28
1.28
1.28
1.28
1.28
1.28
1.28
1.28
1.28
1.28
1.28
1.28
1.28
1.28
1.28
1.28001
1.28001
1.28001
1.28001
1.28001
1.28001
1.28001
1.28001
1.28001
1.28001
8.36185
1.28144
1.27999
1.28
1.28
1.28
1.28
1.28
1.28
1.28
8.39399
1.29151
1.28
1.28
1.28
1.28
1.28
1.28
1.28
1.28
8.41233
1.29466
1.28001
1.28
1.28
1.28
1.28
1.28
1.28
1.28
8.41971
1.29525
1.28001
1.28
1.28
1.28
1.28
1.28
1.28
1.28
8.42314
1.29545
1.28001
1.28
1.28
1.28
1.28
1.28
1.28
1.28
8.42446
1.29545
1.28001
1.28
1.28
1.28
1.28
1.28
1.28
1.28
8.42413
1.29529
1.28001
1.28
1.28
1.28
1.28
1.28
1.28
1.28
8.42125
1.29474
1.28001
1.28
1.28
1.28
1.28
1.28
1.28
1.28
8.41142
1.29178
1.28
1.28
1.28
1.28
1.28
1.28
1.28
1.28
8.39079
1.28234
1.27999
1.28
1.28
1.28
1.28
1.28
1.28
1.28
8.39246
1.29148
1.28
1.28
1.28
1.28
1.28
1.28
1.28
1.28
8.41183
1.29674
1.28001
1.28
1.28
1.28
1.28
1.28
1.28
1.28
8.42158
1.29783
1.28001
1.28
1.28
1.28
1.28
1.28
1.28
1.28
8.42571
1.2979
1.28001
1.28
1.28
1.28
1.28
1.28
1.28
1.28
8.42772
1.29792
1.28001
1.28
1.28
1.28
1.28
1.28
1.28
1.28
8.42833
1.29792
1.28001
1.28
1.28
1.28
1.28
1.28
1.28
1.28
8.42774
1.29791
1.28001
1.28
1.28
1.28
1.28
1.28
1.28
1.28
8.4255
1.29785
1.28001
1.28
1.28
1.28
1.28
1.28
1.28
1.28
8.41888
1.29676
1.28001
1.28
1.28
1.28
1.28
1.28
1.28
1.28
8.40464
1.29164
1.28
1.28
1.28
1.28
1.28
1.28
1.28
1.28
8.40942
1.29462
1.28001
1.28
1.28
1.28
1.28
1.28
1.28
1.28
8.42032
1.29783
1.28001
1.28
1.28
1.28
1.28
1.28
1.28
1.28
8.42558
1.29828
1.28001
1.28
1.28
1.28
1.28
1.28
1.28
1.28
8.42794
1.29824
1.28001
1.28
1.28
1.28
1.28
1.28
1.28
1.28
8.42907
1.29822
1.28001
1.28
1.28
1.28
1.28
1.28
1.28
1.28
8.42919
1.29822
1.28001
1.28
1.28
1.28
1.28
1.28
1.28
1.28
8.42835
1.29824
1.28001
1.28
1.28
1.28
1.28
1.28
1.28
1.28
8.42634
1.29828
1.28001
1.28
1.28
1.28
1.28
1.28
1.28
1.28
8.42165
1.29782
1.28001
1.28
1.28
1.28
1.28
1.28
1.28
1.28
8.41161
1.29462
1.28001
1.28
1.28
1.28
1.28
1.28
1.28
1.28
8.41552
1.29521
1.28001
1.28
1.28
1.28
1.28
1.28
1.28
1.28
8.42346
1.29789
1.28001
1.28
1.28
1.28
1.28
1.28
1.28
1.28
8.4271
1.29823
1.28001
1.28
1.28
1.28
1.28
1.28
1.28
1.28
8.42873
1.2982
1.28001
1.28
1.28
1.28
1.28
1.28
1.28
1.28
8.42941
1.29819
1.28001
1.28
1.28
1.28
1.28
1.28
1.28
1.28
8.42925
1.29819
1.28001
1.28
1.28
1.28
1.28
1.28
1.28
1.28
8.42821
1.2982
1.28001
1.28
1.28
1.28
1.28
1.28
1.28
1.28
8.42618
1.29823
1.28001
1.28
1.28
1.28
1.28
1.28
1.28
1.28
8.42206
1.29788
1.28001
1.28
1.28
1.28
1.28
1.28
1.28
1.28
8.41353
1.29518
1.28001
1.28
1.28
1.28
1.28
1.28
1.28
1.28
8.4177
1.2954
1.28001
1.28
1.28
1.28
1.28
1.28
1.28
1.28
8.42468
1.2979
1.28001
1.28
1.28
1.28
1.28
1.28
1.28
1.28
8.42775
1.29821
1.28001
1.28
1.28
1.28
1.28
1.28
1.28
1.28
8.42908
1.29818
1.28001
1.28
1.28
1.28
1.28
1.28
1.28
1.28
8.42956
1.29817
1.28001
1.28
1.28
1.28
1.28
1.28
1.28
1.28
8.42925
1.29817
1.28001
1.28
1.28
1.28
1.28
1.28
1.28
1.28
8.42811
1.29817
1.28001
1.28
1.28
1.28
1.28
1.28
1.28
1.28
8.42606
1.29819
1.28001
1.28
1.28
1.28
1.28
1.28
1.28
1.28
8.42213
1.29788
1.28001
1.28
1.28
1.28
1.28
1.28
1.28
1.28
8.41409
1.29534
1.28001
1.28
1.28
1.28
1.28
1.28
1.28
1.28
8.4177
1.2954
1.28001
1.28
1.28
1.28
1.28
1.28
1.28
1.28
8.42468
1.2979
1.28001
1.28
1.28
1.28
1.28
1.28
1.28
1.28
8.42775
1.29821
1.28001
1.28
1.28
1.28
1.28
1.28
1.28
1.28
8.42908
1.29818
1.28001
1.28
1.28
1.28
1.28
1.28
1.28
1.28
8.42956
1.29817
1.28001
1.28
1.28
1.28
1.28
1.28
1.28
1.28
8.42925
1.29817
1.28001
1.28
1.28
1.28
1.28
1.28
1.28
1.28
8.42811
1.29817
1.28001
1.28
1.28
1.28
1.28
1.28
1.28
1.28
8.42606
1.29819
1.28001
1.28
1.28
1.28
1.28
1.28
1.28
1.28
8.42213
1.29788
1.28001
1.28
1.28
1.28
1.28
1.28
1.28
1.28
8.41409
1.29534
1.28001
1.28
1.28
1.28
1.28
1.28
1.28
1.28
8.41552
1.29521
1.28001
1.28
1.28
1.28
1.28
1.28
1.28
1.28
8.42346
1.29789
1.28001
1.28
1.28
1.28
1.28
1.28
1.28
1.28
8.4271
1.29823
1.28001
1.28
1.28
1.28
1.28
1.28
1.28
1.28
8.42873
1.2982
1.28001
1.28
1.28
1.28
1.28
1.28
1.28
1.28
8.42941
1.29819
1.28001
1.28
1.28
1.28
1.28
1.28
1.28
1.28
8.42925
1.29819
1.28001
1.28
1.28
1.28
1.28
1.28
1.28
1.28
8.42821
1.2982
1.28001
1.28
1.28
1.28
1.28
1.28
1.28
1.28
8.42618
1.29823
1.28001
1.28
1.28
1.28
1.28
1.28
1.28
1.28
8.42206
1.29788
1.28001
1.28
1.28
1.28
1.28
1.28
1.28
1.28
8.41353
1.29518
1.28001
1.28
1.28
1.28
1.28
1.28
1.28
1.28
8.40942
1.29462
1.28001
1.28
1.28
1.28
1.28
1.28
1.28
1.28
8.42032
1.29783
1.28001
1.28
1.28
1.28
1.28
1.28
1.28
1.28
8.42558
1.29828
1.28001
1.28
1.28
1.28
1.28
1.28
1.28
1.28
8.42794
1.29824
1.28001
1.28
1.28
1.28
1.28
1.28
1.28
1.28
8.42907
1.29822
1.28001
1.28
1.28
1.28
1.28
1.28
1.28
1.28
8.42919
1.29822
1.28001
1.28
1.28
1.28
1.28
1.28
1.28
1.28
8.42835
1.29824
1.28001
1.28
1.28
1.28
1.28
1.28
1.28
1.28
8.42634
1.29828
1.28001
1.28
1.28
1.28
1.28
1.28
1.28
1.28
8.42165
1.29782
1.28001
1.28
1.28
1.28
1.28
1.28
1.28
1.28
8.41161
1.29462
1.28001
1.28
1.28
1.28
1.28
1.28
1.28
1.28
8.39246
1.29148
1.28
1.28
1.28
1.28
1.28
1.28
1.28
1.28
8.41183
1.29674
1.28001
1.28
1.28
1.28
1.28
1.28
1.28
1.28
8.42158
1.29783
1.28001
1.28
1.28
1.28
1.28
1.28
1.28
1.28
8.42571
1.2979
1.28001
1.28
1.28
1.28
1.28
1.28
1.28
1.28
8.42772
1.29792
1.28001
1.28
1.28
1.28
1.28
1.28
1.28
1.28
8.42833
1.29792
1.28001
1.28
1.28
1.28
1.28
1.28
1.28
1.28
8.42774
1.29791
1.28001
1.28
1.28
1.28
1.28
1.28
1.28
1.28
8.4255
1.29785
1.28001
1.28
1.28
1.28
1.28
1.28
1.28
1.28
8.41888
1.29676
1.28001
1.28
1.28
1.28
1.28
1.28
1.28
1.28
8.40464
1.29164
1.28
1.28
1.28
1.28
1.28
1.28
1.28
1.28
8.36185
1.28144
1.27999
1.28
1.28
1.28
1.28
1.28
1.28
1.28
8.39399
1.29151
1.28
1.28
1.28
1.28
1.28
1.28
1.28
1.28
8.41233
1.29466
1.28001
1.28
1.28
1.28
1.28
1.28
1.28
1.28
8.41971
1.29525
1.28001
1.28
1.28
1.28
1.28
1.28
1.28
1.28
8.42314
1.29545
1.28001
1.28
1.28
1.28
1.28
1.28
1.28
1.28
8.42446
1.29545
1.28001
1.28
1.28
1.28
1.28
1.28
1.28
1.28
8.42413
1.29529
1.28001
1.28
1.28
1.28
1.28
1.28
1.28
1.28
8.42125
1.29474
1.28001
1.28
1.28
1.28
1.28
1.28
1.28
1.28
8.41142
1.29178
1.28
1.28
1.28
1.28
1.28
1.28
1.28
1.28
8.39079
1.28234
1.27999
1.28
1.28
1.28
1.28
1.28
1.28
1.28
1.2784
1.27992
1.27994
1.27995
1.27996
1.27997
1.27997
1.27998
1.27998
1.28027
1.27856
1.27993
1.27994
1.27995
1.27995
1.27996
1.27996
1.27996
1.27997
1.28024
1.27872
1.27993
1.27994
1.27995
1.27995
1.27996
1.27996
1.27996
1.27997
1.28022
1.27888
1.27994
1.27995
1.27995
1.27996
1.27996
1.27996
1.27996
1.27997
1.2802
1.27904
1.27994
1.27995
1.27995
1.27996
1.27996
1.27996
1.27996
1.27997
1.28017
1.2792
1.27995
1.27995
1.27996
1.27996
1.27996
1.27996
1.27996
1.27997
1.28014
1.27936
1.27995
1.27995
1.27996
1.27996
1.27996
1.27996
1.27996
1.27996
1.28011
1.27953
1.27995
1.27995
1.27996
1.27996
1.27996
1.27996
1.27996
1.27996
1.28007
1.2797
1.27995
1.27995
1.27996
1.27996
1.27996
1.27996
1.27996
1.27996
1.28003
1.27986
1.27995
1.27994
1.27994
1.27993
1.27993
1.27992
1.27992
1.27992
1.27994
1.27888
1.28002
1.28002
1.28002
1.28002
1.28002
1.28002
1.28002
1.28001
1.28002
1.27898
1.28001
1.28002
1.28002
1.28002
1.28001
1.28001
1.28001
1.28001
1.28002
1.27909
1.28001
1.28001
1.28001
1.28001
1.28001
1.28001
1.28001
1.28001
1.28002
1.2792
1.28
1.28001
1.28001
1.28001
1.28001
1.28001
1.28001
1.28001
1.28002
1.27931
1.28
1.28
1.28
1.28
1.28001
1.28001
1.28001
1.28001
1.28002
1.27943
1.28
1.28
1.28
1.28
1.28
1.28
1.28
1.28
1.28001
1.27955
1.27999
1.28
1.28
1.28
1.28
1.28
1.28
1.28
1.28001
1.27967
1.27999
1.27999
1.28
1.28
1.28
1.28
1.28
1.28
1.28001
1.27979
1.27999
1.27999
1.27999
1.27999
1.27999
1.27999
1.28
1.28
1.28
1.27992
1.27999
1.27999
1.27999
1.27999
1.27999
1.27999
1.27999
1.27999
1.27999
1.27903
1.28
1.28
1.28
1.28
1.28
1.28
1.28
1.28
1.28
1.27912
1.28
1.28
1.28
1.28
1.28
1.28
1.28
1.28
1.28
1.27921
1.28
1.28
1.28
1.28
1.28
1.28
1.28
1.28
1.28
1.27931
1.28
1.28
1.28
1.28
1.28
1.28
1.28
1.28
1.28
1.27941
1.28
1.28
1.28
1.28
1.28
1.28
1.28
1.28
1.28
1.27951
1.28
1.28
1.28
1.28
1.28
1.28
1.28
1.28
1.28
1.27961
1.28
1.28
1.28
1.28
1.28
1.28
1.28
1.28
1.28
1.27972
1.28
1.28
1.28
1.28
1.28
1.28
1.28
1.28
1.28
1.27983
1.28
1.28
1.28
1.28
1.28
1.28
1.28
1.28
1.28
1.27994
1.28
1.28
1.28
1.28
1.28
1.28
1.28
1.28
1.28
1.27903
1.28
1.28
1.28
1.28
1.28
1.28
1.28
1.28
1.28
1.27913
1.28
1.28
1.28
1.28
1.28
1.28
1.28
1.28
1.28
1.27922
1.28
1.28
1.28
1.28
1.28
1.28
1.28
1.28
1.28
1.27932
1.28
1.28
1.28
1.28
1.28
1.28
1.28
1.28
1.28
1.27942
1.28
1.28
1.28
1.28
1.28
1.28
1.28
1.28
1.28
1.27952
1.28
1.28
1.28
1.28
1.28
1.28
1.28
1.28
1.28
1.27962
1.28
1.28
1.28
1.28
1.28
1.28
1.28
1.28
1.28
1.27973
1.28
1.28
1.28
1.28
1.28
1.28
1.28
1.28
1.28
1.27984
1.28
1.28
1.28
1.28
1.28
1.28
1.28
1.28
1.28
1.27995
1.28
1.28
1.28
1.28
1.28
1.28
1.28
1.28
1.28
1.27898
1.27999
1.28
1.28
1.28
1.28
1.28
1.28
1.28
1.28
1.27907
1.28
1.28
1.28
1.28
1.28
1.28
1.28
1.28
1.28
1.27917
1.28
1.28
1.28
1.28
1.28
1.28
1.28
1.28
1.28
1.27928
1.28
1.28
1.28
1.28
1.28
1.28
1.28
1.28
1.28
1.27938
1.28
1.28
1.28
1.28
1.28
1.28
1.28
1.28
1.28
1.27949
1.28
1.28
1.28
1.28
1.28
1.28
1.28
1.28
1.28
1.2796
1.28
1.28
1.28
1.28
1.28
1.28
1.28
1.28
1.28
1.27971
1.28
1.28
1.28
1.28
1.28
1.28
1.28
1.28
1.28
1.27982
1.28
1.28
1.28
1.28
1.28
1.28
1.28
1.28
1.28
1.27994
1.28
1.28
1.28
1.28
1.28
1.28
1.28
1.28
1.28
1.27888
1.27999
1.28
1.28
1.28
1.28
1.28
1.28
1.28
1.28
1.27899
1.27999
1.28
1.28
1.28
1.28
1.28
1.28
1.28
1.28
1.27909
1.28
1.28
1.28
1.28
1.28
1.28
1.28
1.28
1.28
1.2792
1.28
1.28
1.28
1.28
1.28
1.28
1.28
1.28
1.28
1.27931
1.28
1.28
1.28
1.28
1.28
1.28
1.28
1.28
1.28
1.27942
1.28
1.28
1.28
1.28
1.28
1.28
1.28
1.28
1.28
1.27954
1.28
1.28
1.28
1.28
1.28
1.28
1.28
1.28
1.28
1.27966
1.28
1.28
1.28
1.28
1.28
1.28
1.28
1.28
1.28
1.27979
1.28
1.28
1.28
1.28
1.28
1.28
1.28
1.28
1.28
1.27992
1.28
1.28
1.28
1.28
1.28
1.28
1.28
1.28
1.28
1.27883
1.27999
1.28
1.28
1.28
1.28
1.28
1.28
1.28
1.28
1.27894
1.27999
1.28
1.28
1.28
1.28
1.28
1.28
1.28
1.28
1.27905
1.28
1.28
1.28
1.28
1.28
1.28
1.28
1.28
1.28
1.27915
1.28
1.28
1.28
1.28
1.28
1.28
1.28
1.28
1.28
1.27926
1.28
1.28
1.28
1.28
1.28
1.28
1.28
1.28
1.28
1.27937
1.28
1.28
1.28
1.28
1.28
1.28
1.28
1.28
1.28
1.27948
1.28
1.28
1.28
1.28
1.28
1.28
1.28
1.28
1.28
1.27961
1.28
1.28
1.28
1.28
1.28
1.28
1.28
1.28
1.28
1.27974
1.28
1.28
1.28
1.28
1.28
1.28
1.28
1.28
1.28
1.2799
1.28
1.28
1.28
1.28
1.28
1.28
1.28
1.28
1.28
1.2791
1.28
1.28
1.28
1.28
1.28
1.28
1.28
1.28
1.28
1.27918
1.28
1.28
1.28
1.28
1.28
1.28
1.28
1.28
1.28
1.27927
1.28
1.28
1.28
1.28
1.28
1.28
1.28
1.28
1.28
1.27935
1.28
1.28
1.28
1.28
1.28
1.28
1.28
1.28
1.28
1.27943
1.28
1.28
1.28
1.28
1.28
1.28
1.28
1.28
1.28
1.27952
1.28
1.28
1.28
1.28
1.28
1.28
1.28
1.28
1.28
1.2796
1.28
1.28
1.28
1.28
1.28
1.28
1.28
1.28
1.28
1.27969
1.28
1.28
1.28
1.28
1.28
1.28
1.28
1.28
1.28
1.27979
1.28
1.28
1.28
1.28
1.28
1.28
1.28
1.28
1.28
1.27993
1.28
1.28
1.28
1.28
1.28
1.28
1.28
1.28
1.28
1.28026
1.28001
1.28
1.28
1.28
1.28
1.28
1.28
1.28
1.28
1.28028
1.28001
1.28
1.28
1.28
1.28
1.28
1.28
1.28
1.28
1.28029
1.28
1.28
1.28
1.28
1.28
1.28
1.28
1.28
1.28
1.28038
1.28
1.28
1.28
1.28
1.28
1.28
1.28
1.28
1.28
1.28046
1.28
1.28
1.28
1.28
1.28
1.28
1.28
1.28
1.28
1.28053
1.28
1.28
1.28
1.28
1.28
1.28
1.28
1.28
1.28
1.28058
1.28
1.28
1.28
1.28
1.28
1.28
1.28
1.28
1.28
1.2806
1.28
1.28
1.28
1.28
1.28
1.28
1.28
1.28
1.28
1.28057
1.28
1.28
1.28
1.28
1.28
1.28
1.28
1.28
1.28
1.28047
1.28
1.28
1.28
1.28
1.28
1.28
1.28
1.28
1.28001
1.28245
1.28001
1.28
1.28
1.28
1.28
1.28
1.28
1.28
1.28
1.2824
1.28001
1.28
1.28
1.28
1.28
1.28
1.28
1.28
1.28
1.28229
1.28001
1.28
1.28
1.28
1.28
1.28
1.28
1.28
1.28
1.28249
1.28001
1.28
1.28
1.28
1.28
1.28
1.28
1.28
1.28
1.28271
1.28001
1.28
1.28
1.28
1.28
1.28
1.28
1.28
1.28
1.28294
1.28001
1.28
1.28
1.28
1.28
1.28
1.28
1.28
1.28
1.28319
1.28002
1.28
1.28
1.28
1.28
1.28
1.28
1.28
1.28
1.28348
1.28002
1.28
1.28
1.28
1.28
1.28
1.28
1.28
1.28
1.28381
1.28002
1.28
1.28
1.28
1.28
1.28
1.28
1.28
1.28
1.28415
1.28002
1.28
1.28
1.28
1.28
1.28
1.28
1.28002
1.28009
1.28051
1.27998
1.28
1.28
1.28
1.28
1.28
1.28
1.28
1.28
1.28059
1.28
1.28
1.28
1.28
1.28
1.28
1.28
1.28
1.28
1.28075
1.28002
1.28
1.28
1.28
1.28
1.28
1.28
1.28
1.28
1.28081
1.28005
1.28
1.28
1.28
1.28
1.28
1.28
1.28
1.28
1.28087
1.28007
1.28
1.28
1.28
1.28
1.28
1.28
1.28
1.28
1.28093
1.2801
1.28
1.28
1.28
1.28
1.28
1.28
1.28
1.28
1.281
1.28014
1.28
1.28
1.28
1.28
1.28
1.28
1.28
1.28
1.28136
1.28017
1.28
1.28
1.28
1.28
1.28
1.28
1.28
1.28
1.28164
1.28021
1.28
1.28
1.28
1.28
1.28
1.28
1.28
1.28
1.2819
1.28025
1.28
1.28
1.28
1.28
1.28
1.28002
1.28014
1.28046
1.28087
1.28003
1.28
1.28
1.28
1.28
1.28
1.28
1.28
1.28
1.28095
1.28006
1.28
1.28
1.28
1.28
1.28
1.28
1.28
1.28
1.28096
1.28009
1.28
1.28
1.28
1.28
1.28
1.28
1.28
1.28
1.28098
1.28012
1.28
1.28
1.28
1.28
1.28
1.28
1.28
1.28
1.28129
1.28017
1.28
1.28
1.28
1.28
1.28
1.28
1.28
1.28
1.28158
1.28021
1.28
1.28
1.28
1.28
1.28
1.28
1.28
1.28
1.28181
1.28026
1.28
1.28
1.28
1.28
1.28
1.28
1.28
1.28
1.28171
1.28031
1.28
1.28
1.28
1.28
1.28
1.28
1.28
1.28
1.28168
1.28037
1.28
1.28
1.28
1.28
1.28
1.28
1.28
1.28
1.28168
1.28043
1.28
1.28
1.28
1.28
1.28
1.28
1.27999
1.28019
1.28086
1.28009
1.28
1.28
1.28
1.28
1.28
1.28
1.28
1.28
1.2809
1.28013
1.28
1.28
1.28
1.28
1.28
1.28
1.28
1.28
1.28127
1.28017
1.28
1.28
1.28
1.28
1.28
1.28
1.28
1.28
1.28156
1.28022
1.28
1.28
1.28
1.28
1.28
1.28
1.28
1.28
1.28149
1.28028
1.28
1.28
1.28
1.28
1.28
1.28
1.28
1.28
1.28144
1.28034
1.28
1.28
1.28
1.28
1.28
1.28
1.28
1.28
1.28142
1.28041
1.28
1.28
1.28
1.28
1.28
1.28
1.28
1.28
1.28143
1.28049
1.28
1.28
1.28
1.28
1.28
1.28
1.28
1.28
1.28145
1.28058
1.28001
1.28
1.28
1.28
1.28
1.28
1.28
1.28
1.28148
1.28067
1.28001
1.28
1.28
1.28
1.28
1.28
1.27999
1.27999
1.28106
1.28015
1.28
1.28
1.28
1.28
1.28
1.28
1.28
1.28
1.28132
1.2802
1.28
1.28
1.28
1.28
1.28
1.28
1.28
1.28
1.28117
1.28026
1.28
1.28
1.28
1.28
1.28
1.28
1.28
1.28
1.28111
1.28033
1.28
1.28
1.28
1.28
1.28
1.28
1.28
1.28
1.28107
1.28041
1.28001
1.28
1.28
1.28
1.28
1.28
1.28
1.28
1.28106
1.28049
1.28001
1.28
1.28
1.28
1.28
1.28
1.28
1.28
1.28106
1.2806
1.28001
1.28
1.28
1.28
1.28
1.28
1.28
1.28
1.28108
1.28071
1.28001
1.28
1.28
1.28
1.28
1.28
1.28
1.28
1.28111
1.28085
1.28001
1.28
1.28
1.28
1.28
1.28
1.28
1.28
1.28116
1.281
1.28002
1.28
1.28
1.28
1.28
1.28
1.27999
1.27996
1.28086
1.28021
1.28
1.28
1.28
1.28
1.28
1.28
1.28
1.28
1.28074
1.28027
1.28
1.28
1.28
1.28
1.28
1.28
1.28
1.28
1.28066
1.28034
1.28001
1.28
1.28
1.28
1.28
1.28
1.28
1.28
1.28059
1.28043
1.28001
1.28
1.28
1.28
1.28
1.28
1.28
1.28
1.28054
1.28053
1.28001
1.28
1.28
1.28
1.28
1.28
1.28
1.28
1.2805
1.28065
1.28001
1.28
1.28
1.28
1.28
1.28
1.28
1.28
1.28047
1.28079
1.28002
1.28
1.28
1.28
1.28
1.28
1.28
1.28
1.28045
1.28096
1.28002
1.28
1.28
1.28
1.28
1.28
1.28
1.28
1.28046
1.28116
1.28003
1.28
1.28
1.28
1.28
1.28
1.28
1.28
1.28047
1.28139
1.28004
1.28
1.28
1.28
1.28
1.28
1.27999
1.27996
1.28028
1.28023
1.28
1.28
1.28
1.28
1.28
1.28
1.28
1.28
1.28013
1.2803
1.28001
1.28
1.28
1.28
1.28
1.28
1.28
1.28
1.27999
1.28038
1.28001
1.28
1.28
1.28
1.28
1.28
1.28
1.28
1.27986
1.28048
1.28001
1.28
1.28
1.28
1.28
1.28
1.28
1.28
1.27972
1.28061
1.28001
1.28
1.28
1.28
1.28
1.28
1.28
1.28
1.27959
1.28076
1.28002
1.28
1.28
1.28
1.28
1.28
1.28
1.28
1.27945
1.28094
1.28003
1.28
1.28
1.28
1.28
1.28
1.28
1.28
1.27932
1.28116
1.28004
1.28
1.28
1.28
1.28
1.28
1.28
1.28
1.27919
1.28143
1.28005
1.28
1.28
1.28
1.28
1.28
1.28
1.28
1.27906
1.28176
1.28007
1.28
1.28
1.28
1.28
1.28
1.27999
1.27995
1.2796
1.28021
1.28
1.28
1.28
1.28
1.28
1.28
1.28
1.28
1.27936
1.28027
1.28001
1.28
1.28
1.28
1.28
1.28
1.28
1.28
1.27911
1.28035
1.28001
1.28
1.28
1.28
1.28
1.28
1.28
1.28
1.27884
1.28045
1.28001
1.28
1.28
1.28
1.28
1.28
1.28
1.28
1.27854
1.28057
1.28002
1.28
1.28
1.28
1.28
1.28
1.28
1.28
1.27822
1.28073
1.28002
1.28
1.28
1.28
1.28
1.28
1.28
1.28
1.27785
1.28092
1.28003
1.28
1.28
1.28
1.28
1.28
1.28
1.28
1.27745
1.28116
1.28005
1.28
1.28
1.28
1.28
1.28
1.28
1.28
1.277
1.28147
1.28007
1.28
1.28
1.28
1.28
1.28
1.28
1.28
1.27649
1.28187
1.2801
1.28
1.28
1.28
1.28
1.28
1.28
1.27996
1.27886
1.28013
1.28
1.28
1.28
1.28
1.28
1.28
1.28
1.28
1.27849
1.28017
1.28
1.28
1.28
1.28
1.28
1.28
1.28
1.28
1.27808
1.28022
1.28001
1.28
1.28
1.28
1.28
1.28
1.28
1.28
1.27761
1.28029
1.28001
1.28
1.28
1.28
1.28
1.28
1.28
1.28
1.27707
1.28037
1.28002
1.28
1.28
1.28
1.28
1.28
1.28
1.28
1.27644
1.28048
1.28002
1.28
1.28
1.28
1.28
1.28
1.28
1.28
1.2757
1.28061
1.28003
1.28
1.28
1.28
1.28
1.28
1.28
1.28
1.27484
1.28079
1.28005
1.28
1.28
1.28
1.28
1.28
1.28
1.28
1.27382
1.28102
1.28007
1.28
1.28
1.28
1.28
1.28
1.28
1.28
1.27256
1.28132
1.28011
1.28
1.28
1.28
1.28
1.28
1.28
1.27997
1.2782
1.28003
1.28
1.28
1.28
1.28
1.28
1.28
1.28
1.28
1.27768
1.28003
1.28
1.28
1.28
1.28
1.28
1.28
1.28
1.28
1.2771
1.28004
1.28
1.28
1.28
1.28
1.28
1.28
1.28
1.28
1.27642
1.28004
1.28
1.28
1.28
1.28
1.28
1.28
1.28
1.28
1.27561
1.28005
1.28001
1.28
1.28
1.28
1.28
1.28
1.28
1.28
1.27465
1.28006
1.28001
1.28
1.28
1.28
1.28
1.28
1.28
1.28
1.27349
1.28006
1.28001
1.28
1.28
1.28
1.28
1.28
1.28
1.28
1.27207
1.28006
1.28002
1.28
1.28
1.28
1.28
1.28
1.28
1.28
1.27033
1.28005
1.28003
1.28
1.28
1.28
1.28
1.28
1.28
1.28
1.26812
1.28002
1.28004
1.28
1.28
1.28
1.28
1.28
1.28
1.28002
1.27779
1.27995
1.28
1.28
1.28
1.28
1.28
1.28
1.28
1.28
1.27718
1.27992
1.28
1.28
1.28
1.28
1.28
1.28
1.28
1.28
1.27649
1.27989
1.28
1.28
1.28
1.28
1.28
1.28
1.28
1.28
1.27567
1.27985
1.28
1.28
1.28
1.28
1.28
1.28
1.28
1.28
1.27469
1.27979
1.27999
1.28
1.28
1.28
1.28
1.28
1.28
1.28
1.2735
1.27971
1.27999
1.28
1.28
1.28
1.28
1.28
1.28
1.28
1.27205
1.27959
1.27999
1.28
1.28
1.28
1.28
1.28
1.28
1.28
1.27026
1.27942
1.27998
1.28
1.28
1.28
1.28
1.28
1.28
1.28
1.26801
1.27917
1.27996
1.28
1.28
1.28
1.28
1.28
1.28
1.28
1.26512
1.27878
1.27993
1.28
1.28
1.28
1.28
1.28
1.28003
1.28026
1.27779
1.27995
1.28
1.28
1.28
1.28
1.28
1.28
1.28
1.28
1.27718
1.27992
1.28
1.28
1.28
1.28
1.28
1.28
1.28
1.28
1.27649
1.27989
1.28
1.28
1.28
1.28
1.28
1.28
1.28
1.28
1.27567
1.27985
1.28
1.28
1.28
1.28
1.28
1.28
1.28
1.28
1.27469
1.27979
1.27999
1.28
1.28
1.28
1.28
1.28
1.28
1.28
1.2735
1.27971
1.27999
1.28
1.28
1.28
1.28
1.28
1.28
1.28
1.27205
1.27959
1.27999
1.28
1.28
1.28
1.28
1.28
1.28
1.28
1.27026
1.27942
1.27998
1.28
1.28
1.28
1.28
1.28
1.28
1.28
1.26801
1.27917
1.27996
1.28
1.28
1.28
1.28
1.28
1.28
1.28
1.26512
1.27878
1.27993
1.28
1.28
1.28
1.28
1.28
1.28003
1.28026
1.2782
1.28003
1.28
1.28
1.28
1.28
1.28
1.28
1.28
1.28
1.27768
1.28003
1.28
1.28
1.28
1.28
1.28
1.28
1.28
1.28
1.2771
1.28004
1.28
1.28
1.28
1.28
1.28
1.28
1.28
1.28
1.27642
1.28004
1.28
1.28
1.28
1.28
1.28
1.28
1.28
1.28
1.27561
1.28005
1.28001
1.28
1.28
1.28
1.28
1.28
1.28
1.28
1.27465
1.28006
1.28001
1.28
1.28
1.28
1.28
1.28
1.28
1.28
1.27349
1.28006
1.28001
1.28
1.28
1.28
1.28
1.28
1.28
1.28
1.27207
1.28006
1.28002
1.28
1.28
1.28
1.28
1.28
1.28
1.28
1.27033
1.28005
1.28003
1.28
1.28
1.28
1.28
1.28
1.28
1.28
1.26812
1.28002
1.28004
1.28
1.28
1.28
1.28
1.28
1.28
1.28002
1.27886
1.28013
1.28
1.28
1.28
1.28
1.28
1.28
1.28
1.28
1.27849
1.28017
1.28
1.28
1.28
1.28
1.28
1.28
1.28
1.28
1.27808
1.28022
1.28001
1.28
1.28
1.28
1.28
1.28
1.28
1.28
1.27761
1.28029
1.28001
1.28
1.28
1.28
1.28
1.28
1.28
1.28
1.27707
1.28037
1.28002
1.28
1.28
1.28
1.28
1.28
1.28
1.28
1.27644
1.28048
1.28002
1.28
1.28
1.28
1.28
1.28
1.28
1.28
1.2757
1.28061
1.28003
1.28
1.28
1.28
1.28
1.28
1.28
1.28
1.27484
1.28079
1.28005
1.28
1.28
1.28
1.28
1.28
1.28
1.28
1.27382
1.28102
1.28007
1.28
1.28
1.28
1.28
1.28
1.28
1.28
1.27256
1.28132
1.28011
1.28
1.28
1.28
1.28
1.28
1.28
1.27997
1.2796
1.28021
1.28
1.28
1.28
1.28
1.28
1.28
1.28
1.28
1.27936
1.28027
1.28001
1.28
1.28
1.28
1.28
1.28
1.28
1.28
1.27911
1.28035
1.28001
1.28
1.28
1.28
1.28
1.28
1.28
1.28
1.27884
1.28045
1.28001
1.28
1.28
1.28
1.28
1.28
1.28
1.28
1.27854
1.28057
1.28002
1.28
1.28
1.28
1.28
1.28
1.28
1.28
1.27822
1.28073
1.28002
1.28
1.28
1.28
1.28
1.28
1.28
1.28
1.27785
1.28092
1.28003
1.28
1.28
1.28
1.28
1.28
1.28
1.28
1.27745
1.28116
1.28005
1.28
1.28
1.28
1.28
1.28
1.28
1.28
1.277
1.28147
1.28007
1.28
1.28
1.28
1.28
1.28
1.28
1.28
1.27649
1.28187
1.2801
1.28
1.28
1.28
1.28
1.28
1.28
1.27996
1.28028
1.28023
1.28
1.28
1.28
1.28
1.28
1.28
1.28
1.28
1.28013
1.2803
1.28001
1.28
1.28
1.28
1.28
1.28
1.28
1.28
1.27999
1.28038
1.28001
1.28
1.28
1.28
1.28
1.28
1.28
1.28
1.27986
1.28048
1.28001
1.28
1.28
1.28
1.28
1.28
1.28
1.28
1.27972
1.28061
1.28001
1.28
1.28
1.28
1.28
1.28
1.28
1.28
1.27959
1.28076
1.28002
1.28
1.28
1.28
1.28
1.28
1.28
1.28
1.27945
1.28094
1.28003
1.28
1.28
1.28
1.28
1.28
1.28
1.28
1.27932
1.28116
1.28004
1.28
1.28
1.28
1.28
1.28
1.28
1.28
1.27919
1.28143
1.28005
1.28
1.28
1.28
1.28
1.28
1.28
1.28
1.27906
1.28176
1.28007
1.28
1.28
1.28
1.28
1.28
1.27999
1.27995
1.28086
1.28021
1.28
1.28
1.28
1.28
1.28
1.28
1.28
1.28
1.28074
1.28027
1.28
1.28
1.28
1.28
1.28
1.28
1.28
1.28
1.28066
1.28034
1.28001
1.28
1.28
1.28
1.28
1.28
1.28
1.28
1.28059
1.28043
1.28001
1.28
1.28
1.28
1.28
1.28
1.28
1.28
1.28054
1.28053
1.28001
1.28
1.28
1.28
1.28
1.28
1.28
1.28
1.2805
1.28065
1.28001
1.28
1.28
1.28
1.28
1.28
1.28
1.28
1.28047
1.28079
1.28002
1.28
1.28
1.28
1.28
1.28
1.28
1.28
1.28045
1.28096
1.28002
1.28
1.28
1.28
1.28
1.28
1.28
1.28
1.28046
1.28116
1.28003
1.28
1.28
1.28
1.28
1.28
1.28
1.28
1.28047
1.28139
1.28004
1.28
1.28
1.28
1.28
1.28
1.27999
1.27996
1.28106
1.28015
1.28
1.28
1.28
1.28
1.28
1.28
1.28
1.28
1.28132
1.2802
1.28
1.28
1.28
1.28
1.28
1.28
1.28
1.28
1.28117
1.28026
1.28
1.28
1.28
1.28
1.28
1.28
1.28
1.28
1.28111
1.28033
1.28
1.28
1.28
1.28
1.28
1.28
1.28
1.28
1.28107
1.28041
1.28001
1.28
1.28
1.28
1.28
1.28
1.28
1.28
1.28106
1.28049
1.28001
1.28
1.28
1.28
1.28
1.28
1.28
1.28
1.28106
1.2806
1.28001
1.28
1.28
1.28
1.28
1.28
1.28
1.28
1.28108
1.28071
1.28001
1.28
1.28
1.28
1.28
1.28
1.28
1.28
1.28111
1.28085
1.28001
1.28
1.28
1.28
1.28
1.28
1.28
1.28
1.28116
1.281
1.28002
1.28
1.28
1.28
1.28
1.28
1.27999
1.27996
1.28086
1.28009
1.28
1.28
1.28
1.28
1.28
1.28
1.28
1.28
1.2809
1.28013
1.28
1.28
1.28
1.28
1.28
1.28
1.28
1.28
1.28127
1.28017
1.28
1.28
1.28
1.28
1.28
1.28
1.28
1.28
1.28156
1.28022
1.28
1.28
1.28
1.28
1.28
1.28
1.28
1.28
1.28149
1.28028
1.28
1.28
1.28
1.28
1.28
1.28
1.28
1.28
1.28144
1.28034
1.28
1.28
1.28
1.28
1.28
1.28
1.28
1.28
1.28142
1.28041
1.28
1.28
1.28
1.28
1.28
1.28
1.28
1.28
1.28143
1.28049
1.28
1.28
1.28
1.28
1.28
1.28
1.28
1.28
1.28145
1.28058
1.28001
1.28
1.28
1.28
1.28
1.28
1.28
1.28
1.28148
1.28067
1.28001
1.28
1.28
1.28
1.28
1.28
1.27999
1.27999
1.28087
1.28003
1.28
1.28
1.28
1.28
1.28
1.28
1.28
1.28
1.28095
1.28006
1.28
1.28
1.28
1.28
1.28
1.28
1.28
1.28
1.28096
1.28009
1.28
1.28
1.28
1.28
1.28
1.28
1.28
1.28
1.28098
1.28012
1.28
1.28
1.28
1.28
1.28
1.28
1.28
1.28
1.28129
1.28017
1.28
1.28
1.28
1.28
1.28
1.28
1.28
1.28
1.28158
1.28021
1.28
1.28
1.28
1.28
1.28
1.28
1.28
1.28
1.28181
1.28026
1.28
1.28
1.28
1.28
1.28
1.28
1.28
1.28
1.28171
1.28031
1.28
1.28
1.28
1.28
1.28
1.28
1.28
1.28
1.28168
1.28037
1.28
1.28
1.28
1.28
1.28
1.28
1.28
1.28
1.28168
1.28043
1.28
1.28
1.28
1.28
1.28
1.28
1.27999
1.28019
1.28051
1.27998
1.28
1.28
1.28
1.28
1.28
1.28
1.28
1.28
1.28059
1.28
1.28
1.28
1.28
1.28
1.28
1.28
1.28
1.28
1.28075
1.28002
1.28
1.28
1.28
1.28
1.28
1.28
1.28
1.28
1.28081
1.28005
1.28
1.28
1.28
1.28
1.28
1.28
1.28
1.28
1.28087
1.28007
1.28
1.28
1.28
1.28
1.28
1.28
1.28
1.28
1.28093
1.2801
1.28
1.28
1.28
1.28
1.28
1.28
1.28
1.28
1.281
1.28014
1.28
1.28
1.28
1.28
1.28
1.28
1.28
1.28
1.28136
1.28017
1.28
1.28
1.28
1.28
1.28
1.28
1.28
1.28
1.28164
1.28021
1.28
1.28
1.28
1.28
1.28
1.28
1.28
1.28
1.2819
1.28025
1.28
1.28
1.28
1.28
1.28
1.28002
1.28014
1.28046
1.28245
1.28001
1.28
1.28
1.28
1.28
1.28
1.28
1.28
1.28
1.2824
1.28001
1.28
1.28
1.28
1.28
1.28
1.28
1.28
1.28
1.28229
1.28001
1.28
1.28
1.28
1.28
1.28
1.28
1.28
1.28
1.28249
1.28001
1.28
1.28
1.28
1.28
1.28
1.28
1.28
1.28
1.28271
1.28001
1.28
1.28
1.28
1.28
1.28
1.28
1.28
1.28
1.28294
1.28001
1.28
1.28
1.28
1.28
1.28
1.28
1.28
1.28
1.28319
1.28002
1.28
1.28
1.28
1.28
1.28
1.28
1.28
1.28
1.28348
1.28002
1.28
1.28
1.28
1.28
1.28
1.28
1.28
1.28
1.28381
1.28002
1.28
1.28
1.28
1.28
1.28
1.28
1.28
1.28
1.28415
1.28002
1.28
1.28
1.28
1.28
1.28
1.28
1.28002
1.28009
1.28026
1.28001
1.28
1.28
1.28
1.28
1.28
1.28
1.28
1.28
1.28028
1.28001
1.28
1.28
1.28
1.28
1.28
1.28
1.28
1.28
1.28029
1.28
1.28
1.28
1.28
1.28
1.28
1.28
1.28
1.28
1.28038
1.28
1.28
1.28
1.28
1.28
1.28
1.28
1.28
1.28
1.28046
1.28
1.28
1.28
1.28
1.28
1.28
1.28
1.28
1.28
1.28053
1.28
1.28
1.28
1.28
1.28
1.28
1.28
1.28
1.28
1.28058
1.28
1.28
1.28
1.28
1.28
1.28
1.28
1.28
1.28
1.2806
1.28
1.28
1.28
1.28
1.28
1.28
1.28
1.28
1.28
1.28057
1.28
1.28
1.28
1.28
1.28
1.28
1.28
1.28
1.28
1.28047
1.28
1.28
1.28
1.28
1.28
1.28
1.28
1.28
1.28001
1.2791
1.28
1.28
1.28
1.28
1.28
1.28
1.28
1.28
1.28
1.27918
1.28
1.28
1.28
1.28
1.28
1.28
1.28
1.28
1.28
1.27927
1.28
1.28
1.28
1.28
1.28
1.28
1.28
1.28
1.28
1.27935
1.28
1.28
1.28
1.28
1.28
1.28
1.28
1.28
1.28
1.27943
1.28
1.28
1.28
1.28
1.28
1.28
1.28
1.28
1.28
1.27952
1.28
1.28
1.28
1.28
1.28
1.28
1.28
1.28
1.28
1.2796
1.28
1.28
1.28
1.28
1.28
1.28
1.28
1.28
1.28
1.27969
1.28
1.28
1.28
1.28
1.28
1.28
1.28
1.28
1.28
1.27979
1.28
1.28
1.28
1.28
1.28
1.28
1.28
1.28
1.28
1.27993
1.28
1.28
1.28
1.28
1.28
1.28
1.28
1.28
1.28
1.27883
1.27999
1.28
1.28
1.28
1.28
1.28
1.28
1.28
1.28
1.27894
1.27999
1.28
1.28
1.28
1.28
1.28
1.28
1.28
1.28
1.27905
1.28
1.28
1.28
1.28
1.28
1.28
1.28
1.28
1.28
1.27915
1.28
1.28
1.28
1.28
1.28
1.28
1.28
1.28
1.28
1.27926
1.28
1.28
1.28
1.28
1.28
1.28
1.28
1.28
1.28
1.27937
1.28
1.28
1.28
1.28
1.28
1.28
1.28
1.28
1.28
1.27948
1.28
1.28
1.28
1.28
1.28
1.28
1.28
1.28
1.28
1.27961
1.28
1.28
1.28
1.28
1.28
1.28
1.28
1.28
1.28
1.27974
1.28
1.28
1.28
1.28
1.28
1.28
1.28
1.28
1.28
1.2799
1.28
1.28
1.28
1.28
1.28
1.28
1.28
1.28
1.28
1.27888
1.27999
1.28
1.28
1.28
1.28
1.28
1.28
1.28
1.28
1.27899
1.27999
1.28
1.28
1.28
1.28
1.28
1.28
1.28
1.28
1.27909
1.28
1.28
1.28
1.28
1.28
1.28
1.28
1.28
1.28
1.2792
1.28
1.28
1.28
1.28
1.28
1.28
1.28
1.28
1.28
1.27931
1.28
1.28
1.28
1.28
1.28
1.28
1.28
1.28
1.28
1.27942
1.28
1.28
1.28
1.28
1.28
1.28
1.28
1.28
1.28
1.27954
1.28
1.28
1.28
1.28
1.28
1.28
1.28
1.28
1.28
1.27966
1.28
1.28
1.28
1.28
1.28
1.28
1.28
1.28
1.28
1.27979
1.28
1.28
1.28
1.28
1.28
1.28
1.28
1.28
1.28
1.27992
1.28
1.28
1.28
1.28
1.28
1.28
1.28
1.28
1.28
1.27898
1.27999
1.28
1.28
1.28
1.28
1.28
1.28
1.28
1.28
1.27907
1.28
1.28
1.28
1.28
1.28
1.28
1.28
1.28
1.28
1.27917
1.28
1.28
1.28
1.28
1.28
1.28
1.28
1.28
1.28
1.27928
1.28
1.28
1.28
1.28
1.28
1.28
1.28
1.28
1.28
1.27938
1.28
1.28
1.28
1.28
1.28
1.28
1.28
1.28
1.28
1.27949
1.28
1.28
1.28
1.28
1.28
1.28
1.28
1.28
1.28
1.2796
1.28
1.28
1.28
1.28
1.28
1.28
1.28
1.28
1.28
1.27971
1.28
1.28
1.28
1.28
1.28
1.28
1.28
1.28
1.28
1.27982
1.28
1.28
1.28
1.28
1.28
1.28
1.28
1.28
1.28
1.27994
1.28
1.28
1.28
1.28
1.28
1.28
1.28
1.28
1.28
1.27903
1.28
1.28
1.28
1.28
1.28
1.28
1.28
1.28
1.28
1.27913
1.28
1.28
1.28
1.28
1.28
1.28
1.28
1.28
1.28
1.27922
1.28
1.28
1.28
1.28
1.28
1.28
1.28
1.28
1.28
1.27932
1.28
1.28
1.28
1.28
1.28
1.28
1.28
1.28
1.28
1.27942
1.28
1.28
1.28
1.28
1.28
1.28
1.28
1.28
1.28
1.27952
1.28
1.28
1.28
1.28
1.28
1.28
1.28
1.28
1.28
1.27962
1.28
1.28
1.28
1.28
1.28
1.28
1.28
1.28
1.28
1.27973
1.28
1.28
1.28
1.28
1.28
1.28
1.28
1.28
1.28
1.27984
1.28
1.28
1.28
1.28
1.28
1.28
1.28
1.28
1.28
1.27995
1.28
1.28
1.28
1.28
1.28
1.28
1.28
1.28
1.28
1.27903
1.28
1.28
1.28
1.28
1.28
1.28
1.28
1.28
1.28
1.27912
1.28
1.28
1.28
1.28
1.28
1.28
1.28
1.28
1.28
1.27921
1.28
1.28
1.28
1.28
1.28
1.28
1.28
1.28
1.28
1.27931
1.28
1.28
1.28
1.28
1.28
1.28
1.28
1.28
1.28
1.27941
1.28
1.28
1.28
1.28
1.28
1.28
1.28
1.28
1.28
1.27951
1.28
1.28
1.28
1.28
1.28
1.28
1.28
1.28
1.28
1.27961
1.28
1.28
1.28
1.28
1.28
1.28
1.28
1.28
1.28
1.27972
1.28
1.28
1.28
1.28
1.28
1.28
1.28
1.28
1.28
1.27983
1.28
1.28
1.28
1.28
1.28
1.28
1.28
1.28
1.28
1.27994
1.28
1.28
1.28
1.28
1.28
1.28
1.28
1.28
1.28
1.27888
1.28002
1.28002
1.28002
1.28002
1.28002
1.28002
1.28002
1.28001
1.28002
1.27898
1.28001
1.28002
1.28002
1.28002
1.28001
1.28001
1.28001
1.28001
1.28002
1.27909
1.28001
1.28001
1.28001
1.28001
1.28001
1.28001
1.28001
1.28001
1.28002
1.2792
1.28
1.28001
1.28001
1.28001
1.28001
1.28001
1.28001
1.28001
1.28002
1.27931
1.28
1.28
1.28
1.28
1.28001
1.28001
1.28001
1.28001
1.28002
1.27943
1.28
1.28
1.28
1.28
1.28
1.28
1.28
1.28
1.28001
1.27955
1.27999
1.28
1.28
1.28
1.28
1.28
1.28
1.28
1.28001
1.27967
1.27999
1.27999
1.28
1.28
1.28
1.28
1.28
1.28
1.28001
1.27979
1.27999
1.27999
1.27999
1.27999
1.27999
1.27999
1.28
1.28
1.28
1.27992
1.27999
1.27999
1.27999
1.27999
1.27999
1.27999
1.27999
1.27999
1.27999
1.2784
1.27992
1.27994
1.27995
1.27996
1.27997
1.27997
1.27998
1.27998
1.28027
1.27856
1.27993
1.27994
1.27995
1.27995
1.27996
1.27996
1.27996
1.27997
1.28024
1.27872
1.27993
1.27994
1.27995
1.27995
1.27996
1.27996
1.27996
1.27997
1.28022
1.27888
1.27994
1.27995
1.27995
1.27996
1.27996
1.27996
1.27996
1.27997
1.2802
1.27904
1.27994
1.27995
1.27995
1.27996
1.27996
1.27996
1.27996
1.27997
1.28017
1.2792
1.27995
1.27995
1.27996
1.27996
1.27996
1.27996
1.27996
1.27997
1.28014
1.27936
1.27995
1.27995
1.27996
1.27996
1.27996
1.27996
1.27996
1.27996
1.28011
1.27953
1.27995
1.27995
1.27996
1.27996
1.27996
1.27996
1.27996
1.27996
1.28007
1.2797
1.27995
1.27995
1.27996
1.27996
1.27996
1.27996
1.27996
1.27996
1.28003
1.27986
1.27995
1.27994
1.27994
1.27993
1.27993
1.27992
1.27992
1.27992
1.27994
1.28027
1.27998
1.27998
1.27997
1.27997
1.27996
1.27995
1.27994
1.27992
1.2784
1.28024
1.27997
1.27996
1.27996
1.27996
1.27995
1.27995
1.27994
1.27993
1.27856
1.28022
1.27997
1.27996
1.27996
1.27996
1.27995
1.27995
1.27994
1.27993
1.27872
1.2802
1.27997
1.27996
1.27996
1.27996
1.27996
1.27995
1.27995
1.27994
1.27888
1.28017
1.27997
1.27996
1.27996
1.27996
1.27996
1.27995
1.27995
1.27994
1.27904
1.28014
1.27997
1.27996
1.27996
1.27996
1.27996
1.27996
1.27995
1.27995
1.2792
1.28011
1.27996
1.27996
1.27996
1.27996
1.27996
1.27996
1.27995
1.27995
1.27936
1.28007
1.27996
1.27996
1.27996
1.27996
1.27996
1.27996
1.27995
1.27995
1.27953
1.28003
1.27996
1.27996
1.27996
1.27996
1.27996
1.27996
1.27995
1.27995
1.2797
1.27994
1.27992
1.27992
1.27992
1.27993
1.27993
1.27994
1.27994
1.27995
1.27986
1.28002
1.28001
1.28002
1.28002
1.28002
1.28002
1.28002
1.28002
1.28002
1.27888
1.28002
1.28001
1.28001
1.28001
1.28001
1.28002
1.28002
1.28002
1.28001
1.27898
1.28002
1.28001
1.28001
1.28001
1.28001
1.28001
1.28001
1.28001
1.28001
1.27909
1.28002
1.28001
1.28001
1.28001
1.28001
1.28001
1.28001
1.28001
1.28
1.2792
1.28002
1.28001
1.28001
1.28001
1.28001
1.28
1.28
1.28
1.28
1.27931
1.28001
1.28
1.28
1.28
1.28
1.28
1.28
1.28
1.28
1.27943
1.28001
1.28
1.28
1.28
1.28
1.28
1.28
1.28
1.27999
1.27955
1.28001
1.28
1.28
1.28
1.28
1.28
1.28
1.27999
1.27999
1.27967
1.28
1.28
1.28
1.27999
1.27999
1.27999
1.27999
1.27999
1.27999
1.27979
1.27999
1.27999
1.27999
1.27999
1.27999
1.27999
1.27999
1.27999
1.27999
1.27992
1.28
1.28
1.28
1.28
1.28
1.28
1.28
1.28
1.28
1.27903
1.28
1.28
1.28
1.28
1.28
1.28
1.28
1.28
1.28
1.27912
1.28
1.28
1.28
1.28
1.28
1.28
1.28
1.28
1.28
1.27921
1.28
1.28
1.28
1.28
1.28
1.28
1.28
1.28
1.28
1.27931
1.28
1.28
1.28
1.28
1.28
1.28
1.28
1.28
1.28
1.27941
1.28
1.28
1.28
1.28
1.28
1.28
1.28
1.28
1.28
1.27951
1.28
1.28
1.28
1.28
1.28
1.28
1.28
1.28
1.28
1.27961
1.28
1.28
1.28
1.28
1.28
1.28
1.28
1.28
1.28
1.27972
1.28
1.28
1.28
1.28
1.28
1.28
1.28
1.28
1.28
1.27983
1.28
1.28
1.28
1.28
1.28
1.28
1.28
1.28
1.28
1.27994
1.28
1.28
1.28
1.28
1.28
1.28
1.28
1.28
1.28
1.27903
1.28
1.28
1.28
1.28
1.28
1.28
1.28
1.28
1.28
1.27913
1.28
1.28
1.28
1.28
1.28
1.28
1.28
1.28
1.28
1.27922
1.28
1.28
1.28
1.28
1.28
1.28
1.28
1.28
1.28
1.27932
1.28
1.28
1.28
1.28
1.28
1.28
1.28
1.28
1.28
1.27942
1.28
1.28
1.28
1.28
1.28
1.28
1.28
1.28
1.28
1.27952
1.28
1.28
1.28
1.28
1.28
1.28
1.28
1.28
1.28
1.27962
1.28
1.28
1.28
1.28
1.28
1.28
1.28
1.28
1.28
1.27973
1.28
1.28
1.28
1.28
1.28
1.28
1.28
1.28
1.28
1.27984
1.28
1.28
1.28
1.28
1.28
1.28
1.28
1.28
1.28
1.27995
1.28
1.28
1.28
1.28
1.28
1.28
1.28
1.28
1.27999
1.27898
1.28
1.28
1.28
1.28
1.28
1.28
1.28
1.28
1.28
1.27907
1.28
1.28
1.28
1.28
1.28
1.28
1.28
1.28
1.28
1.27917
1.28
1.28
1.28
1.28
1.28
1.28
1.28
1.28
1.28
1.27928
1.28
1.28
1.28
1.28
1.28
1.28
1.28
1.28
1.28
1.27938
1.28
1.28
1.28
1.28
1.28
1.28
1.28
1.28
1.28
1.27949
1.28
1.28
1.28
1.28
1.28
1.28
1.28
1.28
1.28
1.2796
1.28
1.28
1.28
1.28
1.28
1.28
1.28
1.28
1.28
1.27971
1.28
1.28
1.28
1.28
1.28
1.28
1.28
1.28
1.28
1.27982
1.28
1.28
1.28
1.28
1.28
1.28
1.28
1.28
1.28
1.27994
1.28
1.28
1.28
1.28
1.28
1.28
1.28
1.28
1.27999
1.27888
1.28
1.28
1.28
1.28
1.28
1.28
1.28
1.28
1.27999
1.27899
1.28
1.28
1.28
1.28
1.28
1.28
1.28
1.28
1.28
1.27909
1.28
1.28
1.28
1.28
1.28
1.28
1.28
1.28
1.28
1.2792
1.28
1.28
1.28
1.28
1.28
1.28
1.28
1.28
1.28
1.27931
1.28
1.28
1.28
1.28
1.28
1.28
1.28
1.28
1.28
1.27942
1.28
1.28
1.28
1.28
1.28
1.28
1.28
1.28
1.28
1.27954
1.28
1.28
1.28
1.28
1.28
1.28
1.28
1.28
1.28
1.27966
1.28
1.28
1.28
1.28
1.28
1.28
1.28
1.28
1.28
1.27979
1.28
1.28
1.28
1.28
1.28
1.28
1.28
1.28
1.28
1.27992
1.28
1.28
1.28
1.28
1.28
1.28
1.28
1.28
1.27999
1.27883
1.28
1.28
1.28
1.28
1.28
1.28
1.28
1.28
1.27999
1.27894
1.28
1.28
1.28
1.28
1.28
1.28
1.28
1.28
1.28
1.27905
1.28
1.28
1.28
1.28
1.28
1.28
1.28
1.28
1.28
1.27915
1.28
1.28
1.28
1.28
1.28
1.28
1.28
1.28
1.28
1.27926
1.28
1.28
1.28
1.28
1.28
1.28
1.28
1.28
1.28
1.27937
1.28
1.28
1.28
1.28
1.28
1.28
1.28
1.28
1.28
1.27948
1.28
1.28
1.28
1.28
1.28
1.28
1.28
1.28
1.28
1.27961
1.28
1.28
1.28
1.28
1.28
1.28
1.28
1.28
1.28
1.27974
1.28
1.28
1.28
1.28
1.28
1.28
1.28
1.28
1.28
1.2799
1.28
1.28
1.28
1.28
1.28
1.28
1.28
1.28
1.28
1.2791
1.28
1.28
1.28
1.28
1.28
1.28
1.28
1.28
1.28
1.27918
1.28
1.28
1.28
1.28
1.28
1.28
1.28
1.28
1.28
1.27927
1.28
1.28
1.28
1.28
1.28
1.28
1.28
1.28
1.28
1.27935
1.28
1.28
1.28
1.28
1.28
1.28
1.28
1.28
1.28
1.27943
1.28
1.28
1.28
1.28
1.28
1.28
1.28
1.28
1.28
1.27952
1.28
1.28
1.28
1.28
1.28
1.28
1.28
1.28
1.28
1.2796
1.28
1.28
1.28
1.28
1.28
1.28
1.28
1.28
1.28
1.27969
1.28
1.28
1.28
1.28
1.28
1.28
1.28
1.28
1.28
1.27979
1.28
1.28
1.28
1.28
1.28
1.28
1.28
1.28
1.28
1.27993
1.28
1.28
1.28
1.28
1.28
1.28
1.28
1.28
1.28001
1.28026
1.28
1.28
1.28
1.28
1.28
1.28
1.28
1.28
1.28001
1.28028
1.28
1.28
1.28
1.28
1.28
1.28
1.28
1.28
1.28
1.28029
1.28
1.28
1.28
1.28
1.28
1.28
1.28
1.28
1.28
1.28038
1.28
1.28
1.28
1.28
1.28
1.28
1.28
1.28
1.28
1.28046
1.28
1.28
1.28
1.28
1.28
1.28
1.28
1.28
1.28
1.28053
1.28
1.28
1.28
1.28
1.28
1.28
1.28
1.28
1.28
1.28058
1.28
1.28
1.28
1.28
1.28
1.28
1.28
1.28
1.28
1.2806
1.28
1.28
1.28
1.28
1.28
1.28
1.28
1.28
1.28
1.28057
1.28001
1.28
1.28
1.28
1.28
1.28
1.28
1.28
1.28
1.28047
1.28
1.28
1.28
1.28
1.28
1.28
1.28
1.28
1.28001
1.28245
1.28
1.28
1.28
1.28
1.28
1.28
1.28
1.28
1.28001
1.2824
1.28
1.28
1.28
1.28
1.28
1.28
1.28
1.28
1.28001
1.28229
1.28
1.28
1.28
1.28
1.28
1.28
1.28
1.28
1.28001
1.28249
1.28
1.28
1.28
1.28
1.28
1.28
1.28
1.28
1.28001
1.28271
1.28
1.28
1.28
1.28
1.28
1.28
1.28
1.28
1.28001
1.28294
1.28
1.28
1.28
1.28
1.28
1.28
1.28
1.28
1.28002
1.28319
1.28
1.28
1.28
1.28
1.28
1.28
1.28
1.28
1.28002
1.28348
1.28
1.28
1.28
1.28
1.28
1.28
1.28
1.28
1.28002
1.28381
1.28009
1.28002
1.28
1.28
1.28
1.28
1.28
1.28
1.28002
1.28415
1.28
1.28
1.28
1.28
1.28
1.28
1.28
1.28
1.27998
1.28051
1.28
1.28
1.28
1.28
1.28
1.28
1.28
1.28
1.28
1.28059
1.28
1.28
1.28
1.28
1.28
1.28
1.28
1.28
1.28002
1.28075
1.28
1.28
1.28
1.28
1.28
1.28
1.28
1.28
1.28005
1.28081
1.28
1.28
1.28
1.28
1.28
1.28
1.28
1.28
1.28007
1.28087
1.28
1.28
1.28
1.28
1.28
1.28
1.28
1.28
1.2801
1.28093
1.28
1.28
1.28
1.28
1.28
1.28
1.28
1.28
1.28014
1.281
1.28
1.28
1.28
1.28
1.28
1.28
1.28
1.28
1.28017
1.28136
1.28
1.28
1.28
1.28
1.28
1.28
1.28
1.28
1.28021
1.28164
1.28046
1.28014
1.28002
1.28
1.28
1.28
1.28
1.28
1.28025
1.2819
1.28
1.28
1.28
1.28
1.28
1.28
1.28
1.28
1.28003
1.28087
1.28
1.28
1.28
1.28
1.28
1.28
1.28
1.28
1.28006
1.28095
1.28
1.28
1.28
1.28
1.28
1.28
1.28
1.28
1.28009
1.28096
1.28
1.28
1.28
1.28
1.28
1.28
1.28
1.28
1.28012
1.28098
1.28
1.28
1.28
1.28
1.28
1.28
1.28
1.28
1.28017
1.28129
1.28
1.28
1.28
1.28
1.28
1.28
1.28
1.28
1.28021
1.28158
1.28
1.28
1.28
1.28
1.28
1.28
1.28
1.28
1.28026
1.28181
1.28
1.28
1.28
1.28
1.28
1.28
1.28
1.28
1.28031
1.28171
1.28
1.28
1.28
1.28
1.28
1.28
1.28
1.28
1.28037
1.28168
1.28019
1.27999
1.28
1.28
1.28
1.28
1.28
1.28
1.28043
1.28168
1.28
1.28
1.28
1.28
1.28
1.28
1.28
1.28
1.28009
1.28086
1.28
1.28
1.28
1.28
1.28
1.28
1.28
1.28
1.28013
1.2809
1.28
1.28
1.28
1.28
1.28
1.28
1.28
1.28
1.28017
1.28127
1.28
1.28
1.28
1.28
1.28
1.28
1.28
1.28
1.28022
1.28156
1.28
1.28
1.28
1.28
1.28
1.28
1.28
1.28
1.28028
1.28149
1.28
1.28
1.28
1.28
1.28
1.28
1.28
1.28
1.28034
1.28144
1.28
1.28
1.28
1.28
1.28
1.28
1.28
1.28
1.28041
1.28142
1.28
1.28
1.28
1.28
1.28
1.28
1.28
1.28
1.28049
1.28143
1.28
1.28
1.28
1.28
1.28
1.28
1.28
1.28001
1.28058
1.28145
1.27999
1.27999
1.28
1.28
1.28
1.28
1.28
1.28001
1.28067
1.28148
1.28
1.28
1.28
1.28
1.28
1.28
1.28
1.28
1.28015
1.28106
1.28
1.28
1.28
1.28
1.28
1.28
1.28
1.28
1.2802
1.28132
1.28
1.28
1.28
1.28
1.28
1.28
1.28
1.28
1.28026
1.28117
1.28
1.28
1.28
1.28
1.28
1.28
1.28
1.28
1.28033
1.28111
1.28
1.28
1.28
1.28
1.28
1.28
1.28
1.28001
1.28041
1.28107
1.28
1.28
1.28
1.28
1.28
1.28
1.28
1.28001
1.28049
1.28106
1.28
1.28
1.28
1.28
1.28
1.28
1.28
1.28001
1.2806
1.28106
1.28
1.28
1.28
1.28
1.28
1.28
1.28
1.28001
1.28071
1.28108
1.28
1.28
1.28
1.28
1.28
1.28
1.28
1.28001
1.28085
1.28111
1.27996
1.27999
1.28
1.28
1.28
1.28
1.28
1.28002
1.281
1.28116
1.28
1.28
1.28
1.28
1.28
1.28
1.28
1.28
1.28021
1.28086
1.28
1.28
1.28
1.28
1.28
1.28
1.28
1.28
1.28027
1.28074
1.28
1.28
1.28
1.28
1.28
1.28
1.28
1.28001
1.28034
1.28066
1.28
1.28
1.28
1.28
1.28
1.28
1.28
1.28001
1.28043
1.28059
1.28
1.28
1.28
1.28
1.28
1.28
1.28
1.28001
1.28053
1.28054
1.28
1.28
1.28
1.28
1.28
1.28
1.28
1.28001
1.28065
1.2805
1.28
1.28
1.28
1.28
1.28
1.28
1.28
1.28002
1.28079
1.28047
1.28
1.28
1.28
1.28
1.28
1.28
1.28
1.28002
1.28096
1.28045
1.28
1.28
1.28
1.28
1.28
1.28
1.28
1.28003
1.28116
1.28046
1.27996
1.27999
1.28
1.28
1.28
1.28
1.28
1.28004
1.28139
1.28047
1.28
1.28
1.28
1.28
1.28
1.28
1.28
1.28
1.28023
1.28028
1.28
1.28
1.28
1.28
1.28
1.28
1.28
1.28001
1.2803
1.28013
1.28
1.28
1.28
1.28
1.28
1.28
1.28
1.28001
1.28038
1.27999
1.28
1.28
1.28
1.28
1.28
1.28
1.28
1.28001
1.28048
1.27986
1.28
1.28
1.28
1.28
1.28
1.28
1.28
1.28001
1.28061
1.27972
1.28
1.28
1.28
1.28
1.28
1.28
1.28
1.28002
1.28076
1.27959
1.28
1.28
1.28
1.28
1.28
1.28
1.28
1.28003
1.28094
1.27945
1.28
1.28
1.28
1.28
1.28
1.28
1.28
1.28004
1.28116
1.27932
1.28
1.28
1.28
1.28
1.28
1.28
1.28
1.28005
1.28143
1.27919
1.27995
1.27999
1.28
1.28
1.28
1.28
1.28
1.28007
1.28176
1.27906
1.28
1.28
1.28
1.28
1.28
1.28
1.28
1.28
1.28021
1.2796
1.28
1.28
1.28
1.28
1.28
1.28
1.28
1.28001
1.28027
1.27936
1.28
1.28
1.28
1.28
1.28
1.28
1.28
1.28001
1.28035
1.27911
1.28
1.28
1.28
1.28
1.28
1.28
1.28
1.28001
1.28045
1.27884
1.28
1.28
1.28
1.28
1.28
1.28
1.28
1.28002
1.28057
1.27854
1.28
1.28
1.28
1.28
1.28
1.28
1.28
1.28002
1.28073
1.27822
1.28
1.28
1.28
1.28
1.28
1.28
1.28
1.28003
1.28092
1.27785
1.28
1.28
1.28
1.28
1.28
1.28
1.28
1.28005
1.28116
1.27745
1.28
1.28
1.28
1.28
1.28
1.28
1.28
1.28007
1.28147
1.277
1.27996
1.28
1.28
1.28
1.28
1.28
1.28
1.2801
1.28187
1.27649
1.28
1.28
1.28
1.28
1.28
1.28
1.28
1.28
1.28013
1.27886
1.28
1.28
1.28
1.28
1.28
1.28
1.28
1.28
1.28017
1.27849
1.28
1.28
1.28
1.28
1.28
1.28
1.28
1.28001
1.28022
1.27808
1.28
1.28
1.28
1.28
1.28
1.28
1.28
1.28001
1.28029
1.27761
1.28
1.28
1.28
1.28
1.28
1.28
1.28
1.28002
1.28037
1.27707
1.28
1.28
1.28
1.28
1.28
1.28
1.28
1.28002
1.28048
1.27644
1.28
1.28
1.28
1.28
1.28
1.28
1.28
1.28003
1.28061
1.2757
1.28
1.28
1.28
1.28
1.28
1.28
1.28
1.28005
1.28079
1.27484
1.28
1.28
1.28
1.28
1.28
1.28
1.28
1.28007
1.28102
1.27382
1.27997
1.28
1.28
1.28
1.28
1.28
1.28
1.28011
1.28132
1.27256
1.28
1.28
1.28
1.28
1.28
1.28
1.28
1.28
1.28003
1.2782
1.28
1.28
1.28
1.28
1.28
1.28
1.28
1.28
1.28003
1.27768
1.28
1.28
1.28
1.28
1.28
1.28
1.28
1.28
1.28004
1.2771
1.28
1.28
1.28
1.28
1.28
1.28
1.28
1.28
1.28004
1.27642
1.28
1.28
1.28
1.28
1.28
1.28
1.28
1.28001
1.28005
1.27561
1.28
1.28
1.28
1.28
1.28
1.28
1.28
1.28001
1.28006
1.27465
1.28
1.28
1.28
1.28
1.28
1.28
1.28
1.28001
1.28006
1.27349
1.28
1.28
1.28
1.28
1.28
1.28
1.28
1.28002
1.28006
1.27207
1.28
1.28
1.28
1.28
1.28
1.28
1.28
1.28003
1.28005
1.27033
1.28002
1.28
1.28
1.28
1.28
1.28
1.28
1.28004
1.28002
1.26812
1.28
1.28
1.28
1.28
1.28
1.28
1.28
1.28
1.27995
1.27779
1.28
1.28
1.28
1.28
1.28
1.28
1.28
1.28
1.27992
1.27718
1.28
1.28
1.28
1.28
1.28
1.28
1.28
1.28
1.27989
1.27649
1.28
1.28
1.28
1.28
1.28
1.28
1.28
1.28
1.27985
1.27567
1.28
1.28
1.28
1.28
1.28
1.28
1.28
1.27999
1.27979
1.27469
1.28
1.28
1.28
1.28
1.28
1.28
1.28
1.27999
1.27971
1.2735
1.28
1.28
1.28
1.28
1.28
1.28
1.28
1.27999
1.27959
1.27205
1.28
1.28
1.28
1.28
1.28
1.28
1.28
1.27998
1.27942
1.27026
1.28
1.28
1.28
1.28
1.28
1.28
1.28
1.27996
1.27917
1.26801
1.28026
1.28003
1.28
1.28
1.28
1.28
1.28
1.27993
1.27878
1.26512
1.28
1.28
1.28
1.28
1.28
1.28
1.28
1.28
1.27995
1.27778
1.28
1.28
1.28
1.28
1.28
1.28
1.28
1.28
1.27992
1.27718
1.28
1.28
1.28
1.28
1.28
1.28
1.28
1.28
1.27989
1.27649
1.28
1.28
1.28
1.28
1.28
1.28
1.28
1.28
1.27985
1.27567
1.28
1.28
1.28
1.28
1.28
1.28
1.28
1.27999
1.27979
1.27469
1.28
1.28
1.28
1.28
1.28
1.28
1.28
1.27999
1.27971
1.2735
1.28
1.28
1.28
1.28
1.28
1.28
1.28
1.27999
1.27959
1.27205
1.28
1.28
1.28
1.28
1.28
1.28
1.28
1.27998
1.27942
1.27026
1.28
1.28
1.28
1.28
1.28
1.28
1.28
1.27996
1.27917
1.26801
1.28026
1.28003
1.28
1.28
1.28
1.28
1.28
1.27993
1.27878
1.26512
1.28
1.28
1.28
1.28
1.28
1.28
1.28
1.28
1.28003
1.27819
1.28
1.28
1.28
1.28
1.28
1.28
1.28
1.28
1.28003
1.27767
1.28
1.28
1.28
1.28
1.28
1.28
1.28
1.28
1.28004
1.27709
1.28
1.28
1.28
1.28
1.28
1.28
1.28
1.28
1.28004
1.27641
1.28
1.28
1.28
1.28
1.28
1.28
1.28
1.28001
1.28005
1.2756
1.28
1.28
1.28
1.28
1.28
1.28
1.28
1.28001
1.28006
1.27464
1.28
1.28
1.28
1.28
1.28
1.28
1.28
1.28001
1.28006
1.27348
1.28
1.28
1.28
1.28
1.28
1.28
1.28
1.28002
1.28006
1.27207
1.28
1.28
1.28
1.28
1.28
1.28
1.28
1.28003
1.28005
1.27032
1.28002
1.28
1.28
1.28
1.28
1.28
1.28
1.28004
1.28002
1.26811
1.28
1.28
1.28
1.28
1.28
1.28
1.28
1.28
1.28013
1.27885
1.28
1.28
1.28
1.28
1.28
1.28
1.28
1.28001
1.28017
1.27848
1.28
1.28
1.28
1.28
1.28
1.28
1.28
1.28001
1.28022
1.27807
1.28
1.28
1.28
1.28
1.28
1.28
1.28
1.28001
1.28029
1.2776
1.28
1.28
1.28
1.28
1.28
1.28
1.28
1.28002
1.28037
1.27706
1.28
1.28
1.28
1.28
1.28
1.28
1.28
1.28002
1.28048
1.27643
1.28
1.28
1.28
1.28
1.28
1.28
1.28
1.28003
1.28061
1.2757
1.28
1.28
1.28
1.28
1.28
1.28
1.28
1.28005
1.28079
1.27483
1.28
1.28
1.28
1.28
1.28
1.28
1.28
1.28007
1.28102
1.27381
1.27997
1.28
1.28
1.28
1.28
1.28
1.28
1.28011
1.28132
1.27256
1.28
1.28
1.28
1.28
1.28
1.28
1.28
1.28
1.28021
1.2796
1.28
1.28
1.28
1.28
1.28
1.28
1.28
1.28001
1.28027
1.27935
1.28
1.28
1.28
1.28
1.28
1.28
1.28
1.28001
1.28035
1.27911
1.28
1.28
1.28
1.28
1.28
1.28
1.28
1.28001
1.28045
1.27884
1.28
1.28
1.28
1.28
1.28
1.28
1.28
1.28002
1.28057
1.27854
1.28
1.28
1.28
1.28
1.28
1.28
1.28
1.28002
1.28073
1.27821
1.28
1.28
1.28
1.28
1.28
1.28
1.28
1.28003
1.28092
1.27785
1.28
1.28
1.28
1.28
1.28
1.28
1.28
1.28005
1.28116
1.27744
1.28
1.28
1.28
1.28
1.28
1.28
1.28
1.28007
1.28147
1.277
1.27996
1.28
1.28
1.28
1.28
1.28
1.28
1.2801
1.28187
1.27649
1.28
1.28
1.28
1.28
1.28
1.28
1.28
1.28
1.28023
1.28027
1.28
1.28
1.28
1.28
1.28
1.28
1.28
1.28001
1.2803
1.28012
1.28
1.28
1.28
1.28
1.28
1.28
1.28
1.28001
1.28038
1.27999
1.28
1.28
1.28
1.28
1.28
1.28
1.28
1.28001
1.28049
1.27986
1.28
1.28
1.28
1.28
1.28
1.28
1.28
1.28001
1.28061
1.27972
1.28
1.28
1.28
1.28
1.28
1.28
1.28
1.28002
1.28076
1.27959
1.28
1.28
1.28
1.28
1.28
1.28
1.28
1.28003
1.28094
1.27945
1.28
1.28
1.28
1.28
1.28
1.28
1.28
1.28004
1.28116
1.27932
1.28
1.28
1.28
1.28
1.28
1.28
1.28
1.28005
1.28143
1.27919
1.27995
1.27999
1.28
1.28
1.28
1.28
1.28
1.28007
1.28176
1.27906
1.28
1.28
1.28
1.28
1.28
1.28
1.28
1.28
1.28021
1.28086
1.28
1.28
1.28
1.28
1.28
1.28
1.28
1.28
1.28027
1.28074
1.28
1.28
1.28
1.28
1.28
1.28
1.28
1.28001
1.28034
1.28066
1.28
1.28
1.28
1.28
1.28
1.28
1.28
1.28001
1.28043
1.28059
1.28
1.28
1.28
1.28
1.28
1.28
1.28
1.28001
1.28053
1.28054
1.28
1.28
1.28
1.28
1.28
1.28
1.28
1.28001
1.28065
1.2805
1.28
1.28
1.28
1.28
1.28
1.28
1.28
1.28002
1.28079
1.28047
1.28
1.28
1.28
1.28
1.28
1.28
1.28
1.28002
1.28096
1.28045
1.28
1.28
1.28
1.28
1.28
1.28
1.28
1.28003
1.28116
1.28046
1.27996
1.27999
1.28
1.28
1.28
1.28
1.28
1.28004
1.28139
1.28047
1.28
1.28
1.28
1.28
1.28
1.28
1.28
1.28
1.28015
1.28107
1.28
1.28
1.28
1.28
1.28
1.28
1.28
1.28
1.28021
1.28132
1.28
1.28
1.28
1.28
1.28
1.28
1.28
1.28
1.28026
1.28117
1.28
1.28
1.28
1.28
1.28
1.28
1.28
1.28
1.28033
1.28111
1.28
1.28
1.28
1.28
1.28
1.28
1.28
1.28001
1.28041
1.28107
1.28
1.28
1.28
1.28
1.28
1.28
1.28
1.28001
1.2805
1.28106
1.28
1.28
1.28
1.28
1.28
1.28
1.28
1.28001
1.2806
1.28106
1.28
1.28
1.28
1.28
1.28
1.28
1.28
1.28001
1.28071
1.28108
1.28
1.28
1.28
1.28
1.28
1.28
1.28
1.28001
1.28085
1.28111
1.27996
1.27999
1.28
1.28
1.28
1.28
1.28
1.28002
1.281
1.28116
1.28
1.28
1.28
1.28
1.28
1.28
1.28
1.28
1.28009
1.28087
1.28
1.28
1.28
1.28
1.28
1.28
1.28
1.28
1.28013
1.28091
1.28
1.28
1.28
1.28
1.28
1.28
1.28
1.28
1.28017
1.28128
1.28
1.28
1.28
1.28
1.28
1.28
1.28
1.28
1.28023
1.28157
1.28
1.28
1.28
1.28
1.28
1.28
1.28
1.28
1.28028
1.28149
1.28
1.28
1.28
1.28
1.28
1.28
1.28
1.28
1.28034
1.28144
1.28
1.28
1.28
1.28
1.28
1.28
1.28
1.28
1.28041
1.28142
1.28
1.28
1.28
1.28
1.28
1.28
1.28
1.28
1.28049
1.28143
1.28
1.28
1.28
1.28
1.28
1.28
1.28
1.28001
1.28058
1.28145
1.27999
1.27999
1.28
1.28
1.28
1.28
1.28
1.28001
1.28067
1.28148
1.28
1.28
1.28
1.28
1.28
1.28
1.28
1.28
1.28003
1.28087
1.28
1.28
1.28
1.28
1.28
1.28
1.28
1.28
1.28006
1.28095
1.28
1.28
1.28
1.28
1.28
1.28
1.28
1.28
1.28009
1.28096
1.28
1.28
1.28
1.28
1.28
1.28
1.28
1.28
1.28012
1.28098
1.28
1.28
1.28
1.28
1.28
1.28
1.28
1.28
1.28017
1.2813
1.28
1.28
1.28
1.28
1.28
1.28
1.28
1.28
1.28021
1.28158
1.28
1.28
1.28
1.28
1.28
1.28
1.28
1.28
1.28026
1.28181
1.28
1.28
1.28
1.28
1.28
1.28
1.28
1.28
1.28031
1.28172
1.28
1.28
1.28
1.28
1.28
1.28
1.28
1.28
1.28037
1.28168
1.28018
1.27999
1.28
1.28
1.28
1.28
1.28
1.28
1.28043
1.28168
1.28
1.28
1.28
1.28
1.28
1.28
1.28
1.28
1.27998
1.28052
1.28
1.28
1.28
1.28
1.28
1.28
1.28
1.28
1.28
1.28059
1.28
1.28
1.28
1.28
1.28
1.28
1.28
1.28
1.28002
1.28075
1.28
1.28
1.28
1.28
1.28
1.28
1.28
1.28
1.28005
1.28081
1.28
1.28
1.28
1.28
1.28
1.28
1.28
1.28
1.28008
1.28087
1.28
1.28
1.28
1.28
1.28
1.28
1.28
1.28
1.2801
1.28093
1.28
1.28
1.28
1.28
1.28
1.28
1.28
1.28
1.28014
1.28101
1.28
1.28
1.28
1.28
1.28
1.28
1.28
1.28
1.28017
1.28136
1.28
1.28
1.28
1.28
1.28
1.28
1.28
1.28
1.28021
1.28164
1.28045
1.28014
1.28002
1.28
1.28
1.28
1.28
1.28
1.28025
1.2819
1.28
1.28
1.28
1.28
1.28
1.28
1.28
1.28
1.28001
1.28246
1.28
1.28
1.28
1.28
1.28
1.28
1.28
1.28
1.28001
1.28241
1.28
1.28
1.28
1.28
1.28
1.28
1.28
1.28
1.28001
1.28229
1.28
1.28
1.28
1.28
1.28
1.28
1.28
1.28
1.28001
1.28249
1.28
1.28
1.28
1.28
1.28
1.28
1.28
1.28
1.28001
1.28271
1.28
1.28
1.28
1.28
1.28
1.28
1.28
1.28
1.28001
1.28294
1.28
1.28
1.28
1.28
1.28
1.28
1.28
1.28
1.28002
1.28319
1.28
1.28
1.28
1.28
1.28
1.28
1.28
1.28
1.28002
1.28348
1.28
1.28
1.28
1.28
1.28
1.28
1.28
1.28
1.28002
1.28381
1.28009
1.28002
1.28
1.28
1.28
1.28
1.28
1.28
1.28002
1.28415
1.28
1.28
1.28
1.28
1.28
1.28
1.28
1.28
1.28001
1.28026
1.28
1.28
1.28
1.28
1.28
1.28
1.28
1.28
1.28001
1.28028
1.28
1.28
1.28
1.28
1.28
1.28
1.28
1.28
1.28
1.28029
1.28
1.28
1.28
1.28
1.28
1.28
1.28
1.28
1.28
1.28038
1.28
1.28
1.28
1.28
1.28
1.28
1.28
1.28
1.28
1.28046
1.28
1.28
1.28
1.28
1.28
1.28
1.28
1.28
1.28
1.28053
1.28
1.28
1.28
1.28
1.28
1.28
1.28
1.28
1.28
1.28058
1.28
1.28
1.28
1.28
1.28
1.28
1.28
1.28
1.28
1.2806
1.28
1.28
1.28
1.28
1.28
1.28
1.28
1.28
1.28
1.28057
1.28001
1.28
1.28
1.28
1.28
1.28
1.28
1.28
1.28
1.28047
1.28
1.28
1.28
1.28
1.28
1.28
1.28
1.28
1.28
1.2791
1.28
1.28
1.28
1.28
1.28
1.28
1.28
1.28
1.28
1.27918
1.28
1.28
1.28
1.28
1.28
1.28
1.28
1.28
1.28
1.27927
1.28
1.28
1.28
1.28
1.28
1.28
1.28
1.28
1.28
1.27935
1.28
1.28
1.28
1.28
1.28
1.28
1.28
1.28
1.28
1.27943
1.28
1.28
1.28
1.28
1.28
1.28
1.28
1.28
1.28
1.27952
1.28
1.28
1.28
1.28
1.28
1.28
1.28
1.28
1.28
1.2796
1.28
1.28
1.28
1.28
1.28
1.28
1.28
1.28
1.28
1.27969
1.28
1.28
1.28
1.28
1.28
1.28
1.28
1.28
1.28
1.27979
1.28
1.28
1.28
1.28
1.28
1.28
1.28
1.28
1.28
1.27993
1.28
1.28
1.28
1.28
1.28
1.28
1.28
1.28
1.27999
1.27883
1.28
1.28
1.28
1.28
1.28
1.28
1.28
1.28
1.27999
1.27894
1.28
1.28
1.28
1.28
1.28
1.28
1.28
1.28
1.28
1.27905
1.28
1.28
1.28
1.28
1.28
1.28
1.28
1.28
1.28
1.27915
1.28
1.28
1.28
1.28
1.28
1.28
1.28
1.28
1.28
1.27926
1.28
1.28
1.28
1.28
1.28
1.28
1.28
1.28
1.28
1.27937
1.28
1.28
1.28
1.28
1.28
1.28
1.28
1.28
1.28
1.27948
1.28
1.28
1.28
1.28
1.28
1.28
1.28
1.28
1.28
1.27961
1.28
1.28
1.28
1.28
1.28
1.28
1.28
1.28
1.28
1.27974
1.28
1.28
1.28
1.28
1.28
1.28
1.28
1.28
1.28
1.2799
1.28
1.28
1.28
1.28
1.28
1.28
1.28
1.28
1.27999
1.27888
1.28
1.28
1.28
1.28
1.28
1.28
1.28
1.28
1.27999
1.27899
1.28
1.28
1.28
1.28
1.28
1.28
1.28
1.28
1.28
1.27909
1.28
1.28
1.28
1.28
1.28
1.28
1.28
1.28
1.28
1.2792
1.28
1.28
1.28
1.28
1.28
1.28
1.28
1.28
1.28
1.27931
1.28
1.28
1.28
1.28
1.28
1.28
1.28
1.28
1.28
1.27942
1.28
1.28
1.28
1.28
1.28
1.28
1.28
1.28
1.28
1.27954
1.28
1.28
1.28
1.28
1.28
1.28
1.28
1.28
1.28
1.27966
1.28
1.28
1.28
1.28
1.28
1.28
1.28
1.28
1.28
1.27979
1.28
1.28
1.28
1.28
1.28
1.28
1.28
1.28
1.28
1.27992
1.28
1.28
1.28
1.28
1.28
1.28
1.28
1.28
1.27999
1.27898
1.28
1.28
1.28
1.28
1.28
1.28
1.28
1.28
1.28
1.27907
1.28
1.28
1.28
1.28
1.28
1.28
1.28
1.28
1.28
1.27917
1.28
1.28
1.28
1.28
1.28
1.28
1.28
1.28
1.28
1.27928
1.28
1.28
1.28
1.28
1.28
1.28
1.28
1.28
1.28
1.27938
1.28
1.28
1.28
1.28
1.28
1.28
1.28
1.28
1.28
1.27949
1.28
1.28
1.28
1.28
1.28
1.28
1.28
1.28
1.28
1.2796
1.28
1.28
1.28
1.28
1.28
1.28
1.28
1.28
1.28
1.27971
1.28
1.28
1.28
1.28
1.28
1.28
1.28
1.28
1.28
1.27982
1.28
1.28
1.28
1.28
1.28
1.28
1.28
1.28
1.28
1.27994
1.28
1.28
1.28
1.28
1.28
1.28
1.28
1.28
1.28
1.27903
1.28
1.28
1.28
1.28
1.28
1.28
1.28
1.28
1.28
1.27913
1.28
1.28
1.28
1.28
1.28
1.28
1.28
1.28
1.28
1.27922
1.28
1.28
1.28
1.28
1.28
1.28
1.28
1.28
1.28
1.27932
1.28
1.28
1.28
1.28
1.28
1.28
1.28
1.28
1.28
1.27942
1.28
1.28
1.28
1.28
1.28
1.28
1.28
1.28
1.28
1.27952
1.28
1.28
1.28
1.28
1.28
1.28
1.28
1.28
1.28
1.27962
1.28
1.28
1.28
1.28
1.28
1.28
1.28
1.28
1.28
1.27973
1.28
1.28
1.28
1.28
1.28
1.28
1.28
1.28
1.28
1.27984
1.28
1.28
1.28
1.28
1.28
1.28
1.28
1.28
1.28
1.27995
1.28
1.28
1.28
1.28
1.28
1.28
1.28
1.28
1.28
1.27903
1.28
1.28
1.28
1.28
1.28
1.28
1.28
1.28
1.28
1.27912
1.28
1.28
1.28
1.28
1.28
1.28
1.28
1.28
1.28
1.27921
1.28
1.28
1.28
1.28
1.28
1.28
1.28
1.28
1.28
1.27931
1.28
1.28
1.28
1.28
1.28
1.28
1.28
1.28
1.28
1.27941
1.28
1.28
1.28
1.28
1.28
1.28
1.28
1.28
1.28
1.27951
1.28
1.28
1.28
1.28
1.28
1.28
1.28
1.28
1.28
1.27961
1.28
1.28
1.28
1.28
1.28
1.28
1.28
1.28
1.28
1.27972
1.28
1.28
1.28
1.28
1.28
1.28
1.28
1.28
1.28
1.27983
1.28
1.28
1.28
1.28
1.28
1.28
1.28
1.28
1.28
1.27994
1.28002
1.28001
1.28002
1.28002
1.28002
1.28002
1.28002
1.28002
1.28002
1.27888
1.28002
1.28001
1.28001
1.28001
1.28001
1.28002
1.28002
1.28002
1.28001
1.27898
1.28002
1.28001
1.28001
1.28001
1.28001
1.28001
1.28001
1.28001
1.28001
1.27909
1.28002
1.28001
1.28001
1.28001
1.28001
1.28001
1.28001
1.28001
1.28
1.2792
1.28002
1.28001
1.28001
1.28001
1.28001
1.28
1.28
1.28
1.28
1.27931
1.28001
1.28
1.28
1.28
1.28
1.28
1.28
1.28
1.28
1.27943
1.28001
1.28
1.28
1.28
1.28
1.28
1.28
1.28
1.27999
1.27955
1.28001
1.28
1.28
1.28
1.28
1.28
1.28
1.27999
1.27999
1.27967
1.28
1.28
1.28
1.27999
1.27999
1.27999
1.27999
1.27999
1.27999
1.27979
1.27999
1.27999
1.27999
1.27999
1.27999
1.27999
1.27999
1.27999
1.27999
1.27992
1.28027
1.27998
1.27998
1.27997
1.27997
1.27996
1.27995
1.27994
1.27992
1.2784
1.28024
1.27997
1.27996
1.27996
1.27996
1.27995
1.27995
1.27994
1.27993
1.27856
1.28022
1.27997
1.27996
1.27996
1.27996
1.27995
1.27995
1.27994
1.27993
1.27872
1.2802
1.27997
1.27996
1.27996
1.27996
1.27996
1.27995
1.27995
1.27994
1.27888
1.28017
1.27997
1.27996
1.27996
1.27996
1.27996
1.27995
1.27995
1.27994
1.27904
1.28014
1.27997
1.27996
1.27996
1.27996
1.27996
1.27996
1.27995
1.27995
1.2792
1.28011
1.27996
1.27996
1.27996
1.27996
1.27996
1.27996
1.27995
1.27995
1.27936
1.28007
1.27996
1.27996
1.27996
1.27996
1.27996
1.27996
1.27995
1.27995
1.27953
1.28003
1.27996
1.27996
1.27996
1.27996
1.27996
1.27996
1.27995
1.27995
1.2797
1.27994
1.27992
1.27992
1.27992
1.27993
1.27993
1.27994
1.27994
1.27995
1.27986
1.28
1.28
1.28
1.28
1.28
1.28
1.28
1.28
1.28
1.27893
1.28
1.28
1.28
1.28
1.28
1.28
1.28
1.28
1.28
1.27975
1.28
1.28
1.28
1.28
1.28
1.28
1.28
1.28
1.28
1.27989
1.28
1.28
1.28
1.28
1.28
1.28
1.28
1.28
1.28
1.27991
1.28
1.28
1.28
1.28
1.28
1.28
1.28
1.28
1.28
1.27992
1.28
1.28
1.28
1.28
1.28
1.28
1.28
1.28
1.28
1.27992
1.28
1.28
1.28
1.28
1.28
1.28
1.28
1.28
1.28
1.27991
1.28
1.28
1.28
1.28
1.28
1.28
1.28
1.28
1.28
1.27989
1.28
1.28
1.28
1.28
1.28
1.28
1.28
1.28
1.28
1.27975
1.28
1.28
1.28
1.28
1.28
1.28
1.28
1.28
1.28
1.27879
1.28
1.28
1.28
1.28
1.28
1.28
1.28
1.28
1.28
1.27975
1.28
1.28
1.28
1.28
1.28
1.28
1.28
1.28
1.28
1.28002
1.28
1.28
1.28
1.28
1.28
1.28
1.28
1.28
1.28
1.28005
1.28
1.28
1.28
1.28
1.28
1.28
1.28
1.28
1.28
1.28005
1.28
1.28
1.28
1.28
1.28
1.28
1.28
1.28
1.28
1.28005
1.28
1.28
1.28
1.28
1.28
1.28
1.28
1.28
1.28
1.28005
1.28
1.28
1.28
1.28
1.28
1.28
1.28
1.28
1.28
1.28005
1.28
1.28
1.28
1.28
1.28
1.28
1.28
1.28
1.28
1.28005
1.28
1.28
1.28
1.28
1.28
1.28
1.28
1.28
1.28
1.28002
1.28
1.28
1.28
1.28
1.28
1.28
1.28
1.28
1.28
1.27975
1.28
1.28
1.28
1.28
1.28
1.28
1.28
1.28
1.28
1.27989
1.28
1.28
1.28
1.28
1.28
1.28
1.28
1.28
1.28
1.28005
1.28
1.28
1.28
1.28
1.28
1.28
1.28
1.28
1.28
1.28006
1.28
1.28
1.28
1.28
1.28
1.28
1.28
1.28
1.28
1.28005
1.28
1.28
1.28
1.28
1.28
1.28
1.28
1.28
1.28
1.28005
1.28
1.28
1.28
1.28
1.28
1.28
1.28
1.28
1.28
1.28005
1.28
1.28
1.28
1.28
1.28
1.28
1.28
1.28
1.28
1.28005
1.28
1.28
1.28
1.28
1.28
1.28
1.28
1.28
1.28
1.28006
1.28
1.28
1.28
1.28
1.28
1.28
1.28
1.28
1.28
1.28005
1.28
1.28
1.28
1.28
1.28
1.28
1.28
1.28
1.28
1.27989
1.28
1.28
1.28
1.28
1.28
1.28
1.28
1.28
1.28
1.27991
1.28
1.28
1.28
1.28
1.28
1.28
1.28
1.28
1.28
1.28005
1.28
1.28
1.28
1.28
1.28
1.28
1.28
1.28
1.28
1.28005
1.28
1.28
1.28
1.28
1.28
1.28
1.28
1.28
1.28
1.28005
1.28
1.28
1.28
1.28
1.28
1.28
1.28
1.28
1.28
1.28005
1.28
1.28
1.28
1.28
1.28
1.28
1.28
1.28
1.28
1.28005
1.28
1.28
1.28
1.28
1.28
1.28
1.28
1.28
1.28
1.28005
1.28
1.28
1.28
1.28
1.28
1.28
1.28
1.28
1.28
1.28005
1.28
1.28
1.28
1.28
1.28
1.28
1.28
1.28
1.28
1.28005
1.28
1.28
1.28
1.28
1.28
1.28
1.28
1.28
1.28
1.27991
1.28
1.28
1.28
1.28
1.28
1.28
1.28
1.28
1.28
1.27992
1.28
1.28
1.28
1.28
1.28
1.28
1.28
1.28
1.28
1.28005
1.28
1.28
1.28
1.28
1.28
1.28
1.28
1.28
1.28
1.28005
1.28
1.28
1.28
1.28
1.28
1.28
1.28
1.28
1.28
1.28005
1.28
1.28
1.28
1.28
1.28
1.28
1.28
1.28
1.28
1.28005
1.28
1.28
1.28
1.28
1.28
1.28
1.28
1.28
1.28
1.28005
1.28
1.28
1.28
1.28
1.28
1.28
1.28
1.28
1.28
1.28005
1.28
1.28
1.28
1.28
1.28
1.28
1.28
1.28
1.28
1.28005
1.28
1.28
1.28
1.28
1.28
1.28
1.28
1.28
1.28
1.28005
1.28
1.28
1.28
1.28
1.28
1.28
1.28
1.28
1.28
1.27992
1.28
1.28
1.28
1.28
1.28
1.28
1.28
1.28
1.28
1.27992
1.28
1.28
1.28
1.28
1.28
1.28
1.28
1.28
1.28
1.28005
1.28
1.28
1.28
1.28
1.28
1.28
1.28
1.28
1.28
1.28005
1.28
1.28
1.28
1.28
1.28
1.28
1.28
1.28
1.28
1.28005
1.28
1.28
1.28
1.28
1.28
1.28
1.28
1.28
1.28
1.28005
1.28
1.28
1.28
1.28
1.28
1.28
1.28
1.28
1.28
1.28005
1.28
1.28
1.28
1.28
1.28
1.28
1.28
1.28
1.28
1.28005
1.28
1.28
1.28
1.28
1.28
1.28
1.28
1.28
1.28
1.28005
1.28
1.28
1.28
1.28
1.28
1.28
1.28
1.28
1.28
1.28005
1.28
1.28
1.28
1.28
1.28
1.28
1.28
1.28
1.28
1.27992
1.28
1.28
1.28
1.28
1.28
1.28
1.28
1.28
1.28
1.27991
1.28
1.28
1.28
1.28
1.28
1.28
1.28
1.28
1.28
1.28005
1.28
1.28
1.28
1.28
1.28
1.28
1.28
1.28
1.28
1.28005
1.28
1.28
1.28
1.28
1.28
1.28
1.28
1.28
1.28
1.28005
1.28
1.28
1.28
1.28
1.28
1.28
1.28
1.28
1.28
1.28005
1.28
1.28
1.28
1.28
1.28
1.28
1.28
1.28
1.28
1.28005
1.28
1.28
1.28
1.28
1.28
1.28
1.28
1.28
1.28
1.28005
1.28
1.28
1.28
1.28
1.28
1.28
1.28
1.28
1.28
1.28005
1.28
1.28
1.28
1.28
1.28
1.28
1.28
1.28
1.28
1.28005
1.28
1.28
1.28
1.28
1.28
1.28
1.28
1.28
1.28
1.27991
1.28
1.28
1.28
1.28
1.28
1.28
1.28
1.28
1.28
1.27989
1.28
1.28
1.28
1.28
1.28
1.28
1.28
1.28
1.28
1.28005
1.28
1.28
1.28
1.28
1.28
1.28
1.28
1.28
1.28
1.28006
1.28
1.28
1.28
1.28
1.28
1.28
1.28
1.28
1.28
1.28005
1.28
1.28
1.28
1.28
1.28
1.28
1.28
1.28
1.28
1.28005
1.28
1.28
1.28
1.28
1.28
1.28
1.28
1.28
1.28
1.28005
1.28
1.28
1.28
1.28
1.28
1.28
1.28
1.28
1.28
1.28005
1.28
1.28
1.28
1.28
1.28
1.28
1.28
1.28
1.28
1.28006
1.28
1.28
1.28
1.28
1.28
1.28
1.28
1.28
1.28
1.28005
1.28
1.28
1.28
1.28
1.28
1.28
1.28
1.28
1.28
1.27989
1.28
1.28
1.28
1.28
1.28
1.28
1.28
1.28
1.28
1.27975
1.28
1.28
1.28
1.28
1.28
1.28
1.28
1.28
1.28
1.28002
1.28
1.28
1.28
1.28
1.28
1.28
1.28
1.28
1.28
1.28005
1.28
1.28
1.28
1.28
1.28
1.28
1.28
1.28
1.28
1.28005
1.28
1.28
1.28
1.28
1.28
1.28
1.28
1.28
1.28
1.28005
1.28
1.28
1.28
1.28
1.28
1.28
1.28
1.28
1.28
1.28005
1.28
1.28
1.28
1.28
1.28
1.28
1.28
1.28
1.28
1.28005
1.28
1.28
1.28
1.28
1.28
1.28
1.28
1.28
1.28
1.28005
1.28
1.28
1.28
1.28
1.28
1.28
1.28
1.28
1.28
1.28002
1.28
1.28
1.28
1.28
1.28
1.28
1.28
1.28
1.28
1.27975
1.28
1.28
1.28
1.28
1.28
1.28
1.28
1.28
1.28
1.27879
1.28
1.28
1.28
1.28
1.28
1.28
1.28
1.28
1.28
1.27975
1.28
1.28
1.28
1.28
1.28
1.28
1.28
1.28
1.28
1.27989
1.28
1.28
1.28
1.28
1.28
1.28
1.28
1.28
1.28
1.27991
1.28
1.28
1.28
1.28
1.28
1.28
1.28
1.28
1.28
1.27992
1.28
1.28
1.28
1.28
1.28
1.28
1.28
1.28
1.28
1.27992
1.28
1.28
1.28
1.28
1.28
1.28
1.28
1.28
1.28
1.27991
1.28
1.28
1.28
1.28
1.28
1.28
1.28
1.28
1.28
1.27989
1.28
1.28
1.28
1.28
1.28
1.28
1.28
1.28
1.28
1.27975
1.28
1.28
1.28
1.28
1.28
1.28
1.28
1.28
1.28
1.27893
)
;

boundaryField
{
    walls
    {
        type            zeroGradient;
    }
    nozzleExt
    {
        type            zeroGradient;
    }
    nozzleInt
    {
        type            zeroGradient;
    }
    inlet
    {
        type            fixedValue;
        value           uniform 5;
    }
    outlet
    {
        type            zeroGradient;
    }
    defaultFaces
    {
        type            empty;
    }
}


// ************************************************************************* //
