/*--------------------------------*- C++ -*----------------------------------*\
| =========                 |                                                 |
| \\      /  F ield         | OpenFOAM: The Open Source CFD Toolbox           |
|  \\    /   O peration     | Version:  4.1                                   |
|   \\  /    A nd           | Web:      www.OpenFOAM.org                      |
|    \\/     M anipulation  |                                                 |
\*---------------------------------------------------------------------------*/
FoamFile
{
    version     2.0;
    format      ascii;
    class       vectorField;
    location    "constant/polyMesh";
    object      points;
}
// * * * * * * * * * * * * * * * * * * * * * * * * * * * * * * * * * * * * * //


1331
(
(0 0 0)
(0.0001 0 1e-05)
(0.0002 0 2e-05)
(0.0003 0 3e-05)
(0.0004 0 4e-05)
(0.0005 0 5e-05)
(0.0006 0 6e-05)
(0.0007 0 7e-05)
(0.0008 0 8e-05)
(0.0009 0 9e-05)
(0.001 0 0.0001)
(0 6.90099084e-05 6.90099084e-06)
(0.0001006900991 6.90099084e-05 1.621089176e-05)
(0.0002013801982 6.90099084e-05 2.552079267e-05)
(0.0003020702973 6.90099084e-05 3.483069359e-05)
(0.0004027603963 6.90099084e-05 4.41405945e-05)
(0.0005034504954 6.90099084e-05 5.345049542e-05)
(0.0006041405945 6.90099084e-05 6.276039634e-05)
(0.0007048306936 6.90099084e-05 7.207029725e-05)
(0.0008055207927 6.90099084e-05 8.138019817e-05)
(0.0009062108918 6.90099084e-05 9.069009908e-05)
(0.001006900991 6.90099084e-05 0.0001)
(0 0.000143544732 1.43544732e-05)
(0.0001014354473 0.000143544732 2.291902588e-05)
(0.0002028708946 0.000143544732 3.148357856e-05)
(0.000304306342 0.000143544732 4.004813124e-05)
(0.0004057417893 0.000143544732 4.861268392e-05)
(0.0005071772366 0.000143544732 5.71772366e-05)
(0.0006086126839 0.000143544732 6.574178928e-05)
(0.0007100481312 0.000143544732 7.430634196e-05)
(0.0008114835786 0.000143544732 8.287089464e-05)
(0.0009129190259 0.000143544732 9.143544732e-05)
(0.001014354473 0.000143544732 0.0001)
(0 0.0002240467942 2.240467942e-05)
(0.0001022404679 0.0002240467942 3.016421148e-05)
(0.0002044809359 0.0002240467942 3.792374354e-05)
(0.0003067214038 0.0002240467942 4.568327559e-05)
(0.0004089618718 0.0002240467942 5.344280765e-05)
(0.0005112023397 0.0002240467942 6.120233971e-05)
(0.0006134428077 0.0002240467942 6.896187177e-05)
(0.0007156832756 0.0002240467942 7.672140383e-05)
(0.0008179237435 0.0002240467942 8.448093588e-05)
(0.0009201642115 0.0002240467942 9.224046794e-05)
(0.001022404679 0.0002240467942 0.0001)
(0 0.0003109938304 3.109938304e-05)
(0.0001031099383 0.0003109938304 3.798944474e-05)
(0.0002062198766 0.0003109938304 4.487950644e-05)
(0.0003093298149 0.0003109938304 5.176956813e-05)
(0.0004124397532 0.0003109938304 5.865962983e-05)
(0.0005155496915 0.0003109938304 6.554969152e-05)
(0.0006186596298 0.0003109938304 7.243975322e-05)
(0.0007217695681 0.0003109938304 7.932981491e-05)
(0.0008248795064 0.0003109938304 8.621987661e-05)
(0.0009279894447 0.0003109938304 9.31099383e-05)
(0.001031099383 0.0003109938304 0.0001)
(0 0.0004049018237 4.049018237e-05)
(0.0001040490182 0.0004049018237 4.644116413e-05)
(0.0002080980365 0.0004049018237 5.23921459e-05)
(0.0003121470547 0.0004049018237 5.834312766e-05)
(0.0004161960729 0.0004049018237 6.429410942e-05)
(0.0005202450912 0.0004049018237 7.024509119e-05)
(0.0006242941094 0.0004049018237 7.619607295e-05)
(0.0007283431277 0.0004049018237 8.214705471e-05)
(0.0008323921459 0.0004049018237 8.809803647e-05)
(0.0009364411641 0.0004049018237 9.404901824e-05)
(0.001040490182 0.0004049018237 0.0001)
(0 0.0005063280664 5.063280664e-05)
(0.0001050632807 0.0005063280664 5.556952598e-05)
(0.0002101265613 0.0005063280664 6.050624531e-05)
(0.000315189842 0.0005063280664 6.544296465e-05)
(0.0004202531227 0.0005063280664 7.037968398e-05)
(0.0005253164033 0.0005063280664 7.531640332e-05)
(0.000630379684 0.0005063280664 8.025312266e-05)
(0.0007354429646 0.0005063280664 8.518984199e-05)
(0.0008405062453 0.0005063280664 9.012656133e-05)
(0.000945569526 0.0005063280664 9.506328066e-05)
(0.001050632807 0.0005063280664 0.0001)
(0 0.0006158744676 6.158744676e-05)
(0.0001061587447 0.0006158744676 6.542870208e-05)
(0.0002123174894 0.0006158744676 6.926995741e-05)
(0.000318476234 0.0006158744676 7.311121273e-05)
(0.0004246349787 0.0006158744676 7.695246805e-05)
(0.0005307937234 0.0006158744676 8.079372338e-05)
(0.0006369524681 0.0006158744676 8.46349787e-05)
(0.0007431112127 0.0006158744676 8.847623403e-05)
(0.0008492699574 0.0006158744676 9.231748935e-05)
(0.0009554287021 0.0006158744676 9.615874468e-05)
(0.001061587447 0.0006158744676 0.0001)
(0 0.000734191125 7.34191125e-05)
(0.0001073419113 0.000734191125 7.607720125e-05)
(0.0002146838225 0.000734191125 7.873529e-05)
(0.0003220257338 0.000734191125 8.139337875e-05)
(0.000429367645 0.000734191125 8.40514675e-05)
(0.0005367095563 0.000734191125 8.670955625e-05)
(0.0006440514675 0.000734191125 8.9367645e-05)
(0.0007513933788 0.000734191125 9.202573375e-05)
(0.00085873529 0.000734191125 9.46838225e-05)
(0.0009660772013 0.000734191125 9.734191125e-05)
(0.001073419113 0.000734191125 0.0001)
(0 0.0008619801832 8.619801832e-05)
(0.0001086198018 0.0008619801832 8.757821649e-05)
(0.0002172396037 0.0008619801832 8.895841466e-05)
(0.0003258594055 0.0008619801832 9.033861282e-05)
(0.0004344792073 0.0008619801832 9.171881099e-05)
(0.0005430990092 0.0008619801832 9.309900916e-05)
(0.000651718811 0.0008619801832 9.447920733e-05)
(0.0007603386128 0.0008619801832 9.58594055e-05)
(0.0008689584147 0.0008619801832 9.723960366e-05)
(0.0009775782165 0.0008619801832 9.861980183e-05)
(0.001086198018 0.0008619801832 0.0001)
(0 0.001 0.0001)
(0.00011 0.001 0.0001)
(0.00022 0.001 0.0001)
(0.00033 0.001 0.0001)
(0.00044 0.001 0.0001)
(0.00055 0.001 0.0001)
(0.00066 0.001 0.0001)
(0.00077 0.001 0.0001)
(0.00088 0.001 0.0001)
(0.00099 0.001 0.0001)
(0.0011 0.001 0.0001)
(-5.433410761e-06 -5.433410761e-06 5.433410761e-05)
(9.655111081e-05 -4.890069685e-06 6.492694792e-05)
(0.0001985356324 -4.346728609e-06 7.551978823e-05)
(0.000300520154 -3.803387533e-06 8.611262854e-05)
(0.0004025046755 -3.260046457e-06 9.670546885e-05)
(0.0005044891971 -2.71670538e-06 0.0001072983092)
(0.0006064737187 -2.173364304e-06 0.0001178911495)
(0.0007084582402 -1.630023228e-06 0.0001284839898)
(0.0008104427618 -1.086682152e-06 0.0001390768301)
(0.0009124272834 -5.433410761e-07 0.0001496696704)
(0.001014411805 0 0.0001602625107)
(-5.058451582e-06 6.395145682e-05 6.123509845e-05)
(9.759170518e-05 6.449479789e-05 7.117191966e-05)
(0.0002002418619 6.503813897e-05 8.110874086e-05)
(0.0003028920187 6.558148004e-05 9.104556207e-05)
(0.0004055421754 6.612482112e-05 0.0001009823833)
(0.0005081923322 6.66681622e-05 0.0001109192045)
(0.000610842489 6.721150327e-05 0.0001208560257)
(0.0007134926457 6.775484435e-05 0.0001307928469)
(0.0008161428025 6.829818542e-05 0.0001407296681)
(0.0009187929592 6.88415265e-05 0.0001506664893)
(0.001021443116 6.938486758e-05 0.0001606033105)
(-4.653473269e-06 0.0001388912588 6.868858081e-05)
(9.871560925e-05 0.0001394345998 7.79168622e-05)
(0.0002020846918 0.0001399779409 8.714514358e-05)
(0.0003054537743 0.000140521282 9.637342497e-05)
(0.0004088228568 0.0001410646231 0.0001056017064)
(0.0005121919393 0.0001416079642 0.0001148299877)
(0.0006155610219 0.0001421513052 0.0001240582691)
(0.0007189301044 0.0001426946463 0.0001332865505)
(0.0008222991869 0.0001432379874 0.0001425148319)
(0.0009256682694 0.0001437813285 0.0001517431133)
(0.001029037352 0.0001443246695 0.0001609713947)
(-4.216072498e-06 0.0002198307217 7.673878703e-05)
(9.99294928e-05 0.0002203740628 8.520180308e-05)
(0.0002040750581 0.0002209174039 9.366481913e-05)
(0.0003082206234 0.0002214607449 0.0001021278352)
(0.0004123661887 0.000222004086 0.0001105908512)
(0.000516511754 0.0002225474271 0.0001190538673)
(0.0006206573193 0.0002230907682 0.0001275168833)
(0.0007248028846 0.0002236341092 0.0001359798994)
(0.0008289484499 0.0002241774503 0.0001444429154)
(0.0009330940152 0.0002247207914 0.0001529059315)
(0.00103723958 0.0002252641325 0.0001613689475)
(-3.743653536e-06 0.0003072501769 8.543349065e-05)
(0.0001012405595 0.000307793518 9.306997443e-05)
(0.0002062247726 0.0003083368591 0.0001007064582)
(0.0003112089857 0.0003088802001 0.000108342942)
(0.0004161931988 0.0003094235412 0.0001159794257)
(0.0005211774119 0.0003099668823 0.0001236159095)
(0.0006261616249 0.0003105102234 0.0001312523933)
(0.000731145838 0.0003110535644 0.0001388888771)
(0.0008361300511 0.0003115969055 0.0001465253608)
(0.0009411142642 0.0003121402466 0.0001541618446)
(0.001046098477 0.0003126835877 0.0001617983284)
(-3.233412835e-06 0.0004016684109 9.482428998e-05)
(0.0001026565899 0.000402211752 0.0001015680695)
(0.0002085465927 0.000402755093 0.0001083118491)
(0.0003144365955 0.0004032984341 0.0001150556286)
(0.0004203265983 0.0004038417752 0.0001217994081)
(0.0005262166011 0.0004043851163 0.0001285431877)
(0.0006321066039 0.0004049284573 0.0001352869672)
(0.0007379966066 0.0004054717984 0.0001420307467)
(0.0008438866094 0.0004060151395 0.0001487745263)
(0.0009497766122 0.0004065584806 0.0001555183058)
(0.001055666615 0.0004071018216 0.0001622620853)
(-2.682322396e-06 0.000503645744 0.0001049669142)
(0.0001041859874 0.0005041890851 0.0001107465199)
(0.0002110542972 0.0005047324261 0.0001165261255)
(0.0003179226069 0.0005052757672 0.0001223057311)
(0.0004247909167 0.0005058191083 0.0001280853368)
(0.0005316592265 0.0005063624494 0.0001338649424)
(0.0006385275363 0.0005069057905 0.000139644548)
(0.000745395846 0.0005074491315 0.0001454241537)
(0.0008522641558 0.0005079924726 0.0001512037593)
(0.0009591324656 0.0005085358137 0.0001569833649)
(0.001066000775 0.0005090791548 0.0001627629706)
(-2.087111801e-06 0.0006137873558 0.0001159215544)
(0.000105837828 0.0006143306969 0.0001206597946)
(0.0002137627677 0.0006148740379 0.0001253980348)
(0.0003216877075 0.000615417379 0.000130136275)
(0.0004296126473 0.0006159607201 0.0001348745152)
(0.000537537587 0.0006165040612 0.0001396127554)
(0.0006454625268 0.0006170474022 0.0001443509957)
(0.0007533874666 0.0006175907433 0.0001490892359)
(0.0008613124064 0.0006181340844 0.0001538274761)
(0.0009692373461 0.0006186774255 0.0001585657163)
(0.001077162286 0.0006192207665 0.0001633039565)
(-1.444248802e-06 0.0007327468762 0.0001277532201)
(0.0001076219145 0.0007332902173 0.0001313667235)
(0.0002166880778 0.0007338335584 0.0001349802268)
(0.0003257542411 0.0007343768995 0.0001385937302)
(0.0004348204043 0.0007349202405 0.0001422072335)
(0.0005438865676 0.0007354635816 0.0001458207369)
(0.0006529527309 0.0007360069227 0.0001494342403)
(0.0007620188942 0.0007365502638 0.0001530477436)
(0.0008710850575 0.0007370936048 0.000156661247)
(0.0009801512208 0.0007376369459 0.0001602747503)
(0.001089217384 0.000738180287 0.0001638882537)
(-7.499183578e-07 0.0008612302648 0.0001405321259)
(0.0001095488345 0.0008617736059 0.0001429308463)
(0.0002198475874 0.000862316947 0.0001453295666)
(0.0003301463402 0.0008628602881 0.000147728287)
(0.0004404450931 0.0008634036292 0.0001501270074)
(0.0005507438459 0.0008639469702 0.0001525257277)
(0.0006610425988 0.0008644903113 0.0001549244481)
(0.0007713413516 0.0008650336524 0.0001573231684)
(0.0008816401045 0.0008655769935 0.0001597218888)
(0.0009919388574 0.0008661203345 0.0001621206092)
(0.00110223761 0.0008666636756 0.0001645193295)
(0 0.001 0.0001543341076)
(0.0001116300232 0.001000543341 0.0001554207898)
(0.0002232600465 0.001001086682 0.0001565074719)
(0.0003348900697 0.001001630023 0.0001575941541)
(0.0004465200929 0.001002173364 0.0001586808362)
(0.0005581501161 0.001002716705 0.0001597675184)
(0.0006697801394 0.001003260046 0.0001608542005)
(0.0007814101626 0.001003803388 0.0001619408827)
(0.0008930401858 0.001004346729 0.0001630275648)
(0.001004670209 0.00100489007 0.000164114247)
(0.001116300232 0.001005433411 0.0001652009291)
(-1.157224648e-05 -1.157224648e-05 0.0001157224648)
(9.268069065e-05 -1.041502183e-05 0.0001269787841)
(0.0001969336278 -9.257797183e-06 0.0001382351035)
(0.0003011865649 -8.100572535e-06 0.0001494914228)
(0.000405439502 -6.943347887e-06 0.0001607477422)
(0.0005096924391 -5.786123239e-06 0.0001720040616)
(0.0006139453763 -4.628898591e-06 0.0001832603809)
(0.0007181983134 -3.471673943e-06 0.0001945167003)
(0.0008224512505 -2.314449296e-06 0.0002057730196)
(0.0009267041876 -1.157224648e-06 0.000217029339)
(0.001030957125 0 0.0002282856583)
(-1.077364681e-05 5.823626159e-05 0.0001226234556)
(9.41154745e-05 5.939348624e-05 0.0001332626973)
(0.0001990045958 6.055071088e-05 0.0001439019391)
(0.0003038937171 6.170793553e-05 0.0001545411808)
(0.0004087828384 6.286516018e-05 0.0001651804225)
(0.0005136719597 6.402238483e-05 0.0001758196642)
(0.000618561081 6.517960948e-05 0.0001864589059)
(0.0007234502023 6.633683412e-05 0.0001970981477)
(0.0008283393236 6.749405877e-05 0.0002077373894)
(0.000933228445 6.865128342e-05 0.0002183766311)
(0.001038117566 6.980850807e-05 0.0002290158728)
(-9.911111458e-06 0.0001336336206 0.000130076938)
(9.566512677e-05 0.0001347908452 0.000140049699)
(0.000201241365 0.0001359480699 0.00015002246)
(0.0003068176032 0.0001371052945 0.000159995221)
(0.0004123938415 0.0001382625192 0.000169967982)
(0.0005179700797 0.0001394197438 0.0001799407431)
(0.0006235463179 0.0001405769685 0.0001899135041)
(0.0007291225562 0.0001417341931 0.0001998862651)
(0.0008346987944 0.0001428914178 0.0002098590261)
(0.0009402750326 0.0001440486424 0.0002198317871)
(0.001045851271 0.0001452058671 0.0002298045481)
(-8.979521753e-06 0.0002150672725 0.0001381271442)
(9.73388438e-05 0.0002162244971 0.0001473800662)
(0.0002036572094 0.0002173817217 0.0001566329883)
(0.0003099755749 0.0002185389464 0.0001658859103)
(0.0004162939405 0.000219696171 0.0001751388323)
(0.000522612306 0.0002208533957 0.0001843917544)
(0.0006289306716 0.0002220106203 0.0001936446764)
(0.0007352490371 0.000223167845 0.0002028975984)
(0.0008415674027 0.0002243250696 0.0002121505205)
(0.0009478857682 0.0002254822943 0.0002214034425)
(0.001054204134 0.0002266395189 0.0002306563645)
(-7.973349219e-06 0.0003030204812 0.0001468218478)
(9.914655818e-05 0.0003041777059 0.0001552973008)
(0.0002062664656 0.0003053349305 0.0001637727537)
(0.000313386373 0.0003064921552 0.0001722482066)
(0.0004205062804 0.0003076493798 0.0001807236596)
(0.0005276261878 0.0003088066045 0.0001891991125)
(0.0006347460952 0.0003099638291 0.0001976745654)
(0.0007418660026 0.0003111210538 0.0002061500184)
(0.00084898591 0.0003122782784 0.0002146254713)
(0.0009561058174 0.0003134355031 0.0002231009242)
(0.001063225725 0.0003145927277 0.0002315763772)
(-6.886622775e-06 0.0003980152009 0.0001562126472)
(0.0001010989977 0.0003991724256 0.000163848387)
(0.0002090846182 0.0004003296502 0.0001714841269)
(0.0003170702386 0.0004014868749 0.0001791198667)
(0.0004250558591 0.0004026440995 0.0001867556066)
(0.0005330414796 0.0004038013242 0.0001943913465)
(0.0006410271001 0.0004049585488 0.0002020270863)
(0.0007490127205 0.0004061157735 0.0002096628262)
(0.000856998341 0.0004072729981 0.000217298566)
(0.0009649839615 0.0004084302228 0.0002249343059)
(0.001072969582 0.0004095874474 0.0002325700458)
(-5.712893295e-06 0.0005006151731 0.0001663552714)
(0.000103207749 0.0005017723977 0.000173084071)
(0.0002121283913 0.0005029296224 0.0001798128706)
(0.0003210490336 0.000504086847 0.0001865416702)
(0.000429969676 0.0005052440717 0.0001932704697)
(0.0005388903183 0.0005064012963 0.0001999992693)
(0.0006478109606 0.000507558521 0.0002067280689)
(0.0007567316029 0.0005087157456 0.0002134568685)
(0.0008656522452 0.0005098729703 0.000220185668)
(0.0009745728875 0.0005110301949 0.0002269144676)
(0.00108349353 0.0005121874196 0.0002336432672)
(-4.44519534e-06 0.0006114292722 0.0001773099115)
(0.0001054853264 0.0006125864969 0.0001830591614)
(0.0002154158482 0.0006137437215 0.0001888084113)
(0.0003253463699 0.0006149009462 0.0001945576612)
(0.0004352768917 0.0006160581708 0.0002003069111)
(0.0005452074134 0.0006172153955 0.000206056161)
(0.0006551379352 0.0006183726201 0.0002118054109)
(0.0007650684569 0.0006195298448 0.0002175546608)
(0.0008749989787 0.0006206870694 0.0002233039107)
(0.0009849295004 0.0006218442941 0.0002290531606)
(0.001094860022 0.0006230015187 0.0002348024105)
(-3.076005817e-06 0.0007311151192 0.0001891415773)
(0.0001079452461 0.0007322723439 0.000193832855)
(0.0002189664979 0.0007334295685 0.0001985241327)
(0.0003299877498 0.0007345867932 0.0002032154104)
(0.0004410090017 0.0007357440178 0.0002079066881)
(0.0005520302536 0.0007369012425 0.0002125979659)
(0.0006630515055 0.0007380584671 0.0002172892436)
(0.0007740727573 0.0007392156918 0.0002219805213)
(0.0008850940092 0.0007403729164 0.000226671799)
(0.0009961152611 0.0007415301411 0.0002313630767)
(0.001107136513 0.0007426873657 0.0002360543544)
(-1.597199339e-06 0.0008603829839 0.0002019204831)
(0.0001106021062 0.0008615402085 0.0002054690877)
(0.0002228014118 0.0008626974332 0.0002090176922)
(0.0003350007174 0.0008638546578 0.0002125662968)
(0.000447200023 0.0008650118825 0.0002161149014)
(0.0005593993285 0.0008661691071 0.0002196635059)
(0.0006715986341 0.0008673263318 0.0002232121105)
(0.0007837979397 0.0008684835564 0.000226760715)
(0.0008959972453 0.000869640781 0.0002303093196)
(0.001008196551 0.0008707980057 0.0002338579242)
(0.001120395856 0.0008719552303 0.0002374065287)
(0 0.001 0.0002157224648)
(0.0001134716739 0.001001157225 0.0002180369141)
(0.0002269433479 0.001002314449 0.0002203513634)
(0.0003404150218 0.001003471674 0.0002226658127)
(0.0004538866958 0.001004628899 0.000224980262)
(0.0005673583697 0.001005786123 0.0002272947113)
(0.0006808300437 0.001006943348 0.0002296091606)
(0.0007943017176 0.001008100573 0.0002319236099)
(0.0009077733915 0.001009257797 0.0002342380591)
(0.001021245065 0.001010415022 0.0002365525084)
(0.001134716739 0.001011572246 0.0002388669577)
(-1.850809315e-05 -1.850809315e-05 0.0001850809315)
(8.83412345e-05 -1.665728384e-05 0.0001970786517)
(0.0001951905621 -1.480647452e-05 0.0002090763718)
(0.0003020398898 -1.295566521e-05 0.0002210740919)
(0.0004088892175 -1.110485589e-05 0.0002330718121)
(0.0005157385451 -9.254046577e-06 0.0002450695322)
(0.0006225878728 -7.403237262e-06 0.0002570672523)
(0.0007294372004 -5.552427946e-06 0.0002690649725)
(0.0008362865281 -3.701618631e-06 0.0002810626926)
(0.0009431358557 -1.850809315e-06 0.0002930604127)
(0.001049985183 0 0.0003050581329)
(-1.723085134e-05 5.177905706e-05 0.0001919819224)
(9.021907646e-05 5.362986637e-05 0.0002034071293)
(0.0001976690043 5.548067569e-05 0.0002148323362)
(0.0003051189321 5.7331485e-05 0.0002262575432)
(0.0004125688599 5.918229432e-05 0.0002376827501)
(0.0005200187877 6.103310363e-05 0.000249107957)
(0.0006274687155 6.288391295e-05 0.0002605331639)
(0.0007349186433 6.473472226e-05 0.0002719583709)
(0.0008423685711 6.658553158e-05 0.0002833835778)
(0.0009498184989 6.84363409e-05 0.0002948087847)
(0.001057268427 7.028715021e-05 0.0003062339916)
(-1.585135388e-05 0.0001276933782 0.0001994354047)
(9.224725797e-05 0.0001295441875 0.0002102422632)
(0.0002003458698 0.0001313949968 0.0002210491217)
(0.0003084444817 0.0001332458061 0.0002318559801)
(0.0004165430935 0.0001350966154 0.0002426628386)
(0.0005246417054 0.0001369474247 0.0002534696971)
(0.0006327403172 0.0001387982341 0.0002642765555)
(0.0007408389291 0.0001406490434 0.000275083414)
(0.0008489375409 0.0001424998527 0.0002858902725)
(0.0009570361528 0.000144350662 0.0002966971309)
(0.001065134765 0.0001462014713 0.0003075039894)
(-1.436141422e-05 0.00020968538 0.000207485611)
(9.443781516e-05 0.0002115361893 0.0002176246161)
(0.0002032370445 0.0002133869986 0.0002277636213)
(0.0003120362739 0.0002152378079 0.0002379026265)
(0.0004208355033 0.0002170886173 0.0002480416317)
(0.0005296347326 0.0002189394266 0.0002581806369)
(0.000638433962 0.0002207902359 0.0002683196421)
(0.0007472331914 0.0002226410452 0.0002784586473)
(0.0008560324208 0.0002244918545 0.0002885976524)
(0.0009648316501 0.0002263426638 0.0002987366576)
(0.00107363088 0.0002281934731 0.0003088756628)
(-1.275219037e-05 0.0002982416401 0.0002161803146)
(9.680374778e-05 0.0003000924494 0.0002255979983)
(0.0002063596859 0.0003019432587 0.0002350156821)
(0.0003159156241 0.000303794068 0.0002444333658)
(0.0004254715622 0.0003056448773 0.0002538510496)
(0.0005350275004 0.0003074956867 0.0002632687333)
(0.0006445834385 0.000309346496 0.0002726864171)
(0.0007541393767 0.0003111973053 0.0002821041008)
(0.0008636953148 0.0003130481146 0.0002915217846)
(0.000973251253 0.0003148989239 0.0003009394683)
(0.001082807191 0.0003167497332 0.0003103571521)
(-1.101413248e-05 0.0003938876912 0.0002255711139)
(9.935909635e-05 0.0003957385005 0.0002342097274)
(0.0002097323252 0.0003975893099 0.0002428483409)
(0.000320105554 0.0003994401192 0.0002514869544)
(0.0004304787828 0.0004012909285 0.0002601255679)
(0.0005408520117 0.0004031417378 0.0002687641814)
(0.0006512252405 0.0004049925471 0.0002774027949)
(0.0007615984693 0.0004068433564 0.0002860414084)
(0.0008719716982 0.0004086941657 0.0002946800219)
(0.000982344927 0.0004105449751 0.0003033186354)
(0.001092718156 0.0004123957844 0.000311957249)
(-9.136926135e-06 0.0004971911403 0.0002357137382)
(0.0001021190255 0.0004990419496 0.0002435109093)
(0.0002133749771 0.0005008927589 0.0002513080804)
(0.0003246309287 0.0005027435682 0.0002591052515)
(0.0004358868802 0.0005045943775 0.0002669024226)
(0.0005471428318 0.0005064451868 0.0002746995937)
(0.0006583987834 0.0005082959961 0.0002824967648)
(0.000769654735 0.0005101468055 0.0002902939359)
(0.0008809106866 0.0005119976148 0.000298091107)
(0.0009921666382 0.0005138484241 0.0003058882781)
(0.00110342259 0.0005156992334 0.0003136854492)
(-7.109431137e-06 0.0006087650364 0.0002466683783)
(0.0001050999138 0.0006106158458 0.0002535567413)
(0.0002173092587 0.0006124666551 0.0002604451044)
(0.0003295186036 0.0006143174644 0.0002673334674)
(0.0004417279485 0.0006161682737 0.0002742218304)
(0.0005539372934 0.000618019083 0.0002811101935)
(0.0006661466383 0.0006198698923 0.0002879985565)
(0.0007783559832 0.0006217207016 0.0002948869196)
(0.0008905653282 0.000623571511 0.0003017752826)
(0.001002774673 0.0006254223203 0.0003086636456)
(0.001114984018 0.0006272731296 0.0003155520087)
(-4.919615419e-06 0.0007292715096 0.000258500044)
(0.0001083194512 0.0007311223189 0.0002644068401)
(0.0002215585179 0.0007329731283 0.0002703136361)
(0.0003347975845 0.0007348239376 0.0002762204322)
(0.0004480366512 0.0007366747469 0.0002821272282)
(0.0005612757178 0.0007385255562 0.0002880340242)
(0.0006745147845 0.0007403763655 0.0002939408203)
(0.0007877538511 0.0007422271748 0.0002998476163)
(0.0009009929178 0.0007440779841 0.0003057544123)
(0.001014231984 0.0007459287935 0.0003116612084)
(0.001127471051 0.0007477796028 0.0003175680044)
(-2.554483626e-06 0.0008594256996 0.0002712789499)
(0.000111796744 0.0008612765089 0.0002761255949)
(0.0002261479716 0.0008631273182 0.0002809722399)
(0.0003404991993 0.0008649781275 0.000285818885)
(0.0004548504269 0.0008668289368 0.00029066553)
(0.0005692016546 0.0008686797462 0.0002955121751)
(0.0006835528822 0.0008705305555 0.0003003588201)
(0.0007979041098 0.0008723813648 0.0003052054651)
(0.0009122553375 0.0008742321741 0.0003100521102)
(0.001026606565 0.0008760829834 0.0003148987552)
(0.001140957793 0.0008779337927 0.0003197454003)
(0 0.001 0.0002850809315)
(0.0001155524279 0.001001850809 0.0002887825502)
(0.0002311048559 0.001003701619 0.0002924841688)
(0.0003466572838 0.001005552428 0.0002961857874)
(0.0004622097118 0.001007403237 0.0002998874061)
(0.0005777621397 0.001009254047 0.0003035890247)
(0.0006933145677 0.001011104856 0.0003072906433)
(0.0008088669956 0.001012955665 0.000310992262)
(0.0009244194236 0.001014806475 0.0003146938806)
(0.001039971852 0.001016657284 0.0003183954992)
(0.001155524279 0.001018508093 0.0003220971178)
(-2.634442749e-05 -2.634442749e-05 0.0002634442749)
(8.348105127e-05 -2.370998474e-05 0.0002762689633)
(0.00019330653 -2.107554199e-05 0.0002890936518)
(0.0003031320088 -1.844109924e-05 0.0003019183402)
(0.0004129574875 -1.580665649e-05 0.0003147430287)
(0.0005227829663 -1.317221374e-05 0.0003275677171)
(0.0006326084451 -1.0537771e-05 0.0003403924056)
(0.0007424339238 -7.903328247e-06 0.000353217094)
(0.0008522594026 -5.268885498e-06 0.0003660417825)
(0.0009620848813 -2.634442749e-06 0.0003788664709)
(0.00107191036 0 0.0003916911594)
(-2.452640096e-05 4.448350744e-05 0.0002703452657)
(8.585652945e-05 4.711795019e-05 0.0002826485289)
(0.0001962394599 4.975239293e-05 0.0002949517921)
(0.0003066223903 5.238683568e-05 0.0003072550553)
(0.0004170053207 5.502127843e-05 0.0003195583185)
(0.0005273882511 5.765572118e-05 0.0003318615816)
(0.0006377711815 6.029016393e-05 0.0003441648448)
(0.0007481541119 6.292460668e-05 0.000356468108)
(0.0008585370423 6.555904943e-05 0.0003687713712)
(0.0009689199728 6.819349218e-05 0.0003810746344)
(0.001079302903 7.082793493e-05 0.0003933778975)
(-2.25628237e-05 0.0001209819083 0.0002777987481)
(8.84221878e-05 0.0001236163511 0.0002895388408)
(0.0001994071993 0.0001262507938 0.0003012789336)
(0.0003103922108 0.0001288852366 0.0003130190263)
(0.0004213772223 0.0001315196793 0.0003247591191)
(0.0005323622338 0.0001341541221 0.0003364992118)
(0.0006433472453 0.0001367885648 0.0003482393045)
(0.0007543322568 0.0001394230076 0.0003599793973)
(0.0008653172683 0.0001420574503 0.00037171949)
(0.0009763022798 0.0001446918931 0.0003834595828)
(0.001087287291 0.0001473263358 0.0003951996755)
(-2.044204296e-05 0.0002036047512 0.0002858489543)
(9.119325208e-05 0.000206239194 0.0002969807893)
(0.0002028285471 0.0002088736367 0.0003081126244)
(0.0003144638422 0.0002115080795 0.0003192444594)
(0.0004260991372 0.0002141425222 0.0003303762944)
(0.0005377344322 0.000216776965 0.0003415081294)
(0.0006493697273 0.0002194114077 0.0003526399644)
(0.0007610050223 0.0002220458505 0.0003637717995)
(0.0008726403174 0.0002246802932 0.0003749036345)
(0.0009842756124 0.000227314736 0.0003860354695)
(0.001095910907 0.0002299491787 0.0003971673045)
(-1.815147307e-05 0.0002928423574 0.0002945436579)
(9.418616704e-05 0.0002954768001 0.0003050185383)
(0.0002065238072 0.0002981112429 0.0003154934186)
(0.0003188614473 0.0003007456856 0.000325968299)
(0.0004311990874 0.0003033801284 0.0003364431793)
(0.0005435367275 0.0003060145711 0.0003469180597)
(0.0006558743676 0.0003086490139 0.00035739294)
(0.0007682120077 0.0003112834566 0.0003678678204)
(0.0008805496478 0.0003139178994 0.0003783427007)
(0.0009928872879 0.0003165523421 0.0003888175811)
(0.001105224928 0.0003191867849 0.0003992924614)
(-1.567752075e-05 0.000389224303 0.0003039344573)
(9.741869399e-05 0.0003918587457 0.0003136997873)
(0.0002105149087 0.0003944931885 0.0003234651174)
(0.0003236111235 0.0003971276312 0.0003332304474)
(0.0004367073382 0.000399762074 0.0003429957775)
(0.000549803553 0.0004023965167 0.0003527611075)
(0.0006628997677 0.0004050309594 0.0003625264376)
(0.0007759959825 0.0004076654022 0.0003722917676)
(0.0008890921972 0.0004102998449 0.0003820570977)
(0.001002188412 0.0004129342877 0.0003918224278)
(0.001115284627 0.0004155687304 0.0004015877578)
(-1.300550446e-05 0.0004933225619 0.0003140770815)
(0.0001009100162 0.0004959570047 0.0003230760549)
(0.0002148255369 0.0004985914474 0.0003320750282)
(0.0003287410576 0.0005012258902 0.0003410740016)
(0.0004426565782 0.0005038603329 0.0003500729749)
(0.0005565720989 0.0005064947757 0.0003590719483)
(0.0006704876196 0.0005091292184 0.0003680709216)
(0.0007844031402 0.0005117636612 0.000377069895)
(0.0008983186609 0.0005143981039 0.0003860688683)
(0.001012234182 0.0005170325467 0.0003950678417)
(0.001126149702 0.0005196669894 0.000404066815)
(-1.011956724e-05 0.0006057549003 0.0003250317216)
(0.0001046808528 0.0006083893431 0.000333202984)
(0.0002194812728 0.0006110237858 0.0003413742463)
(0.0003342816928 0.0006136582286 0.0003495455086)
(0.0004490821128 0.0006162926713 0.000357716771)
(0.0005638825328 0.0006189271141 0.0003658880333)
(0.0006786829528 0.0006215615568 0.0003740592956)
(0.0007934833728 0.0006241959996 0.000382230558)
(0.0009082837929 0.0006268304423 0.0003904018203)
(0.001023084213 0.0006294648851 0.0003985730826)
(0.001137884633 0.0006320993278 0.0004067443449)
(-7.002582632e-06 0.0007271885424 0.0003368633874)
(0.0001087535815 0.0007298229852 0.0003441406724)
(0.0002245097457 0.0007324574279 0.0003514179574)
(0.0003402659099 0.0007350918707 0.0003586952423)
(0.000456022074 0.0007377263134 0.0003659725273)
(0.0005717782382 0.0007403607562 0.0003732498123)
(0.0006875344023 0.0007429951989 0.0003805270973)
(0.0008032905665 0.0007456296416 0.0003878043823)
(0.0009190467307 0.0007482640844 0.0003950816672)
(0.001034802895 0.0007508985271 0.0004023589522)
(0.001150559059 0.0007535329699 0.0004096362372)
(-3.636053056e-06 0.0008583441301 0.0003496422932)
(0.0001131523719 0.0008609785729 0.0003559540292)
(0.0002299407968 0.0008636130156 0.0003622657653)
(0.0003467292218 0.0008662474584 0.0003685775013)
(0.0004635176467 0.0008688819011 0.0003748892374)
(0.0005803060716 0.0008715163439 0.0003812009734)
(0.0006970944966 0.0008741507866 0.0003875127094)
(0.0008138829215 0.0008767852294 0.0003938244455)
(0.0009306713465 0.0008794196721 0.0004001361815)
(0.001047459771 0.0008820541149 0.0004064479175)
(0.001164248196 0.0008846885576 0.0004127596536)
(0 0.001 0.0003634442749)
(0.0001179033282 0.001002634443 0.0003687131604)
(0.0002358066565 0.001005268885 0.0003739820459)
(0.0003537099847 0.001007903328 0.0003792509314)
(0.000471613313 0.001010537771 0.0003845198169)
(0.0005895166412 0.001013172214 0.0003897887024)
(0.0007074199695 0.001015806656 0.0003950575879)
(0.0008253232977 0.001018441099 0.0004003264734)
(0.000943226626 0.001021075542 0.0004055953589)
(0.001061129954 0.001023709985 0.0004108642444)
(0.001179033282 0.001026344427 0.0004161331299)
(-3.519816066e-05 -3.519816066e-05 0.0003519816066)
(7.804426073e-05 -3.16783446e-05 0.0003657266988)
(0.0001912866821 -2.815852853e-05 0.000379471791)
(0.0003045291035 -2.463871247e-05 0.0003932168832)
(0.0004177715249 -2.11188964e-05 0.0004069619754)
(0.0005310139463 -1.759908033e-05 0.0004207070676)
(0.0006442563677 -1.407926427e-05 0.0004344521598)
(0.0007574987891 -1.05594482e-05 0.000448197252)
(0.0008707412105 -7.039632133e-06 0.0004619423442)
(0.0009839836319 -3.519816066e-06 0.0004756874364)
(0.001097226053 0 0.0004894325286)
(-3.276913882e-05 3.624076958e-05 0.0003588825975)
(8.097822993e-05 3.976058564e-05 0.0003721649465)
(0.0001947255987 4.328040171e-05 0.0003854472955)
(0.0003084729674 4.680021778e-05 0.0003987296445)
(0.0004222203362 5.032003384e-05 0.0004120119935)
(0.0005359677049 5.383984991e-05 0.0004252943425)
(0.0006497150737 5.735966598e-05 0.0004385766916)
(0.0007634624424 6.087948204e-05 0.0004518590406)
(0.0008772098112 6.439929811e-05 0.0004651413896)
(0.0009909571799 6.791911417e-05 0.0004784237386)
(0.001104704549 7.143893024e-05 0.0004917060876)
(-3.014565012e-05 0.0001133990819 0.0003663360798)
(8.414709193e-05 0.000116918898 0.0003791186386)
(0.000198439834 0.0001204387141 0.0003919011973)
(0.000312732576 0.0001239585301 0.000404683756)
(0.0004270253181 0.0001274783462 0.0004174663148)
(0.0005413180601 0.0001309981623 0.0004302488735)
(0.0006556108022 0.0001345179783 0.0004430314322)
(0.0007699035442 0.0001380377944 0.000455813991)
(0.0008841962863 0.0001415576105 0.0004685965497)
(0.0009984890283 0.0001450774265 0.0004813791084)
(0.00111278177 0.0001485972426 0.0004941616671)
(-2.731212561e-05 0.0001967346686 0.0003743862861)
(8.756965219e-05 0.0002002544847 0.0003866290414)
(0.00020245143 0.0002037743007 0.0003988717968)
(0.0003173332078 0.0002072941168 0.0004111145522)
(0.0004322149856 0.0002108139329 0.0004233573075)
(0.0005470967634 0.0002143337489 0.0004356000629)
(0.0006619785412 0.000217853565 0.0004478428183)
(0.000776860319 0.0002213733811 0.0004600855736)
(0.0008917420968 0.0002248931971 0.000472328329)
(0.001006623875 0.0002284130132 0.0004845710844)
(0.001121505652 0.0002319328293 0.0004968138397)
(-2.425174985e-05 0.0002867420806 0.0003830809897)
(9.126622174e-05 0.0002902618967 0.0003947407252)
(0.0002067841933 0.0002937817127 0.0004064004607)
(0.0003223021649 0.0002973015288 0.0004180601962)
(0.0004378201365 0.0003008213449 0.0004297199316)
(0.0005533381081 0.0003043411609 0.0004413796671)
(0.0006688560797 0.000307860977 0.0004530394026)
(0.0007843740513 0.0003113807931 0.0004646991381)
(0.0008998920229 0.0003149006091 0.0004763588736)
(0.001015409994 0.0003184204252 0.0004880186091)
(0.001130927966 0.0003219402413 0.0004996783446)
(-2.094636122e-05 0.0003839554625 0.000392471789)
(9.525873767e-05 0.0003874752786 0.0004035018282)
(0.0002114638366 0.0003909950946 0.0004145318674)
(0.0003276689355 0.0003945149107 0.0004255619066)
(0.0004438740344 0.0003980347268 0.0004365919458)
(0.0005600791333 0.0004015545428 0.000447621985)
(0.0006762842321 0.0004050743589 0.0004586520241)
(0.000792489331 0.000408594175 0.0004696820633)
(0.0009086944299 0.000412113991 0.0004807121025)
(0.001024899529 0.0004156338071 0.0004917421417)
(0.001141104628 0.0004191536232 0.0005027721809)
(-1.737634403e-05 0.0004889517224 0.0004026144133)
(9.95708934e-05 0.0004924715384 0.0004129643429)
(0.0002165181308 0.0004959913545 0.0004233142724)
(0.0003334653683 0.0004995111706 0.000433664202)
(0.0004504126057 0.0005030309866 0.0004440141316)
(0.0005673598431 0.0005065508027 0.0004543640611)
(0.0006843070805 0.0005100706188 0.0004647139907)
(0.000801254318 0.0005135904348 0.0004750639203)
(0.0009182015554 0.0005171102509 0.0004854138498)
(0.001035148793 0.000520630067 0.0004957637794)
(0.00115209603 0.000524149883 0.000506113709)
(-1.352051221e-05 0.0006023539554 0.0004135690534)
(0.0001042282792 0.0006058737714 0.000423184424)
(0.0002219770706 0.0006093935875 0.0004327997945)
(0.0003397258619 0.0006129134036 0.0004424151651)
(0.0004574746533 0.0006164332196 0.0004520305356)
(0.0005752234447 0.0006199530357 0.0004616459062)
(0.0006929722361 0.0006234728518 0.0004712612767)
(0.0008107210275 0.0006269926678 0.0004808766473)
(0.0009284698189 0.0006305124839 0.0004904920178)
(0.00104621861 0.0006340323 0.0005001073884)
(0.001163967402 0.000637552116 0.0005097227589)
(-9.355983487e-06 0.0007248351416 0.0004254007191)
(0.0001092585341 0.0007283549576 0.0004342227221)
(0.0002278730516 0.0007318747737 0.000443044725)
(0.0003464875691 0.0007353945898 0.0004518667279)
(0.0004651020867 0.0007389144058 0.0004606887309)
(0.0005837166042 0.0007424342219 0.0004695107338)
(0.0007023311217 0.000745954038 0.0004783327367)
(0.0008209456393 0.000749473854 0.0004871547397)
(0.0009395601568 0.0007529936701 0.0004959767426)
(0.001058174674 0.0007565134862 0.0005047987455)
(0.001176789192 0.0007600333022 0.0005136207484)
(-4.858043686e-06 0.0008571221395 0.000438179625)
(0.0001146915098 0.0008606419556 0.0004461447435)
(0.0002342410633 0.0008641617717 0.000454109862)
(0.0003537906168 0.0008676815877 0.0004620749805)
(0.0004733401703 0.0008712014038 0.000470040099)
(0.0005928897238 0.0008747212199 0.0004780052175)
(0.0007124392773 0.0008782410359 0.000485970336)
(0.0008319888308 0.000881760852 0.0004939354545)
(0.0009515383843 0.000885280668 0.000501900573)
(0.001071087938 0.0008888004841 0.0005098656915)
(0.001190637491 0.0008923203002 0.00051783081)
(0 0.001 0.0004519816066)
(0.0001205594482 0.001003519816 0.0004590212388)
(0.0002411188964 0.001007039632 0.0004660608709)
(0.0003616783446 0.001010559448 0.000473100503)
(0.0004822377928 0.001014079264 0.0004801401352)
(0.000602797241 0.00101759908 0.0004871797673)
(0.0007233566892 0.001021118896 0.0004942193994)
(0.0008439161374 0.001024638712 0.0005012590316)
(0.0009644755856 0.001028158529 0.0005082986637)
(0.001085035034 0.001031678345 0.0005153382958)
(0.001205594482 0.001035198161 0.000522377928)
(-4.520138255e-05 -4.520138255e-05 0.0004520138255)
(7.197093588e-05 -4.06812443e-05 0.0004667806242)
(0.0001891432543 -3.616110604e-05 0.0004815474229)
(0.0003063155727 -3.164096779e-05 0.0004963142216)
(0.0004234878912 -2.712082953e-05 0.0005110810203)
(0.0005406602096 -2.260069128e-05 0.000525847819)
(0.000657832528 -1.808055302e-05 0.0005406146177)
(0.0007750048465 -1.356041477e-05 0.0005553814165)
(0.0008921771649 -9.04027651e-06 0.0005701482152)
(0.001009349483 -4.520138255e-06 0.0005849150139)
(0.001126521802 0 0.0005996818126)
(-4.208203928e-05 2.692786911e-05 0.0004589148164)
(7.553112109e-05 3.144800737e-05 0.0004732864283)
(0.0001931442815 3.596814563e-05 0.0004876580402)
(0.0003107574418 4.048828388e-05 0.0005020296522)
(0.0004283706022 4.500842214e-05 0.0005164012641)
(0.0005459837626 4.952856039e-05 0.000530772876)
(0.000663596923 5.404869865e-05 0.000545144488)
(0.0007812100834 5.85688369e-05 0.0005595160999)
(0.0008988232437 6.308897516e-05 0.0005738877118)
(0.001016436404 6.760911341e-05 0.0005882593237)
(0.001134049564 7.212925167e-05 0.0006026309357)
(-3.871296221e-05 0.0001048317698 0.0004663682987)
(7.93763338e-05 0.0001093519081 0.0004803130853)
(0.0001974656298 0.0001138720463 0.0004942578719)
(0.0003155549258 0.0001183921846 0.0005082026586)
(0.0004336442218 0.0001229123229 0.0005221474452)
(0.0005517335178 0.0001274324611 0.0005360922318)
(0.0006698228139 0.0001319525994 0.0005500370184)
(0.0007879121099 0.0001364727376 0.000563981805)
(0.0009060014059 0.0001409928759 0.0005779265916)
(0.001024090702 0.0001455130141 0.0005918713782)
(0.001142179998 0.0001500331524 0.0006058161648)
(-3.50741577e-05 0.0001889726365 0.0004744185049)
(8.352939324e-05 0.0001934927748 0.0004879022947)
(0.0002021329442 0.000198012913 0.0005013860845)
(0.0003207364951 0.0002025330513 0.0005148698742)
(0.0004393400461 0.0002070531895 0.000528353664)
(0.000557943597 0.0002115733278 0.0005418374538)
(0.0006765471479 0.000216093466 0.0005553212435)
(0.0007951506989 0.0002206136043 0.0005688050333)
(0.0009137542498 0.0002251337426 0.0005822888231)
(0.001032357801 0.0002296538808 0.0005957726128)
(0.001150961352 0.0002341740191 0.0006092564026)
(-3.114403145e-05 0.000279849799 0.0004831132086)
(8.801494553e-05 0.0002843699373 0.0004960990942)
(0.0002071739225 0.0002888900755 0.0005090849798)
(0.0003263328995 0.0002934102138 0.0005220708655)
(0.0004454918765 0.000297930352 0.0005350567511)
(0.0005646508535 0.0003024504903 0.0005480426367)
(0.0006838098304 0.0003069706285 0.0005610285224)
(0.0008029688074 0.0003114907668 0.000574014408)
(0.0009221277844 0.000316010905 0.0005870002936)
(0.001041286761 0.0003205310433 0.0005999861793)
(0.001160445738 0.0003250511816 0.0006129720649)
(-2.689926032e-05 0.0003780025634 0.0004925040079)
(9.285960997e-05 0.0003825227016 0.0005049521273)
(0.0002126184803 0.0003870428399 0.0005174002467)
(0.0003323773505 0.0003915629782 0.0005298483662)
(0.0004521362208 0.0003960831164 0.0005422964856)
(0.0005718950911 0.0004006032547 0.000554744605)
(0.0006916539614 0.0004051233929 0.0005671927244)
(0.0008114128317 0.0004096435312 0.0005796408439)
(0.000931171702 0.0004141636694 0.0005920889633)
(0.001050930572 0.0004186838077 0.0006045370827)
(0.001170689443 0.0004232039459 0.0006169852021)
(-2.231465393e-05 0.0004840134125 0.0005026466322)
(9.809213697e-05 0.0004885335507 0.000514513932)
(0.0002184989279 0.000493053689 0.0005263812318)
(0.0003389057188 0.0004975738272 0.0005382485315)
(0.0004593125097 0.0005020939655 0.0005501158313)
(0.0005797193006 0.0005066141037 0.0005619831311)
(0.0007001260915 0.000511134242 0.0005738504309)
(0.0008205328824 0.0005156543803 0.0005857177307)
(0.0009409396733 0.0005201745185 0.0005975850305)
(0.001061346464 0.0005246946568 0.0006094523303)
(0.001181753255 0.000529214795 0.0006213196301)
(-1.736300514e-05 0.0005985114624 0.0005136012723)
(0.0001037435787 0.0006030316007 0.0005248412522)
(0.0002248501626 0.0006075517389 0.0005360812321)
(0.0003459567464 0.0006120718772 0.000547321212)
(0.0004670633303 0.0006165920155 0.0005585611919)
(0.0005881699142 0.0006211121537 0.0005698011718)
(0.000709276498 0.000625632292 0.0005810411517)
(0.0008303830819 0.0006301524302 0.0005922811316)
(0.0009514896657 0.0006346725685 0.0006035211115)
(0.00107259625 0.0006391927067 0.0006147610914)
(0.001193702833 0.000643712845 0.0006260010713)
(-1.201492864e-05 0.0007221761964 0.000525432938)
(0.0001098474734 0.0007266963347 0.000535995375)
(0.0002317098755 0.0007312164729 0.0005465578119)
(0.0003535722776 0.0007357366112 0.0005571202488)
(0.0004754346796 0.0007402567494 0.0005676826858)
(0.0005972970817 0.0007447768877 0.0005782451227)
(0.0007191594838 0.0007492970259 0.0005888075596)
(0.0008410218858 0.0007538171642 0.0005993699966)
(0.0009628842879 0.0007583373024 0.0006099324335)
(0.00108474669 0.0007628574407 0.0006204948704)
(0.001206609092 0.0007673775789 0.0006310573073)
(-6.238686539e-06 0.0008557414967 0.0005382118438)
(0.0001164400443 0.0008602616349 0.0005480424939)
(0.0002391187752 0.0008647817732 0.000557873144)
(0.0003617975061 0.0008693019114 0.000567703794)
(0.000484476237 0.0008738220497 0.0005775344441)
(0.0006071549679 0.0008783421879 0.0005873650941)
(0.0007298336987 0.0008828623262 0.0005971957442)
(0.0008525124296 0.0008873824645 0.0006070263942)
(0.0009751911605 0.0008919026027 0.0006168570443)
(0.001097869891 0.000896422741 0.0006266876943)
(0.001220548622 0.0009009428792 0.0006365183444)
(0 0.001 0.0005520138255)
(0.0001235604148 0.001004520138 0.000561054102)
(0.0002471208295 0.001009040277 0.0005700943785)
(0.0003706812443 0.001013560415 0.0005791346551)
(0.0004942416591 0.001018080553 0.0005881749316)
(0.0006178020738 0.001022600691 0.0005972152081)
(0.0007413624886 0.00102712083 0.0006062554846)
(0.0008649229034 0.001031640968 0.0006152957611)
(0.0009884833181 0.001036161106 0.0006243360376)
(0.001112043733 0.001040681244 0.0006333763141)
(0.001235604148 0.001045201383 0.0006424165906)
(-5.650333238e-05 -5.650333238e-05 0.0005650333238)
(6.519744802e-05 -5.085299914e-05 0.0005809306606)
(0.0001868982284 -4.52026659e-05 0.0005968279975)
(0.0003085990088 -3.955233267e-05 0.0006127253343)
(0.0004302997892 -3.390199943e-05 0.0006286226711)
(0.0005520005696 -2.825166619e-05 0.000644520008)
(0.00067370135 -2.260133295e-05 0.0006604173448)
(0.0007954021304 -1.695099971e-05 0.0006763146816)
(0.0009171029108 -1.130066648e-05 0.0006922120185)
(0.001038803691 -5.650333238e-06 0.0007081093553)
(0.001160504472 0 0.0007240066921)
(-5.260404259e-05 1.640586581e-05 0.0005719343146)
(6.945905497e-05 2.205619905e-05 0.0005875144357)
(0.0001915221525 2.770653229e-05 0.0006030945567)
(0.0003135852501 3.335686552e-05 0.0006186746777)
(0.0004356483476 3.900719876e-05 0.0006342547988)
(0.0005577114452 4.4657532e-05 0.0006498349198)
(0.0006797745427 5.030786524e-05 0.0006654150408)
(0.0008018376403 5.595819848e-05 0.0006809951619)
(0.0009239007378 6.160853171e-05 0.0006965752829)
(0.001045963835 6.725886495e-05 0.0007121554039)
(0.001168026933 7.290919819e-05 0.000727735525)
(-4.839257667e-05 9.515215537e-05 0.000579387797)
(7.406184505e-05 0.0001008024886 0.000594625306)
(0.0001965162668 0.0001064528218 0.000609862815)
(0.0003189706885 0.0001121031551 0.0006251003241)
(0.0004414251102 0.0001177534883 0.0006403378331)
(0.000563879532 0.0001234038216 0.0006555753421)
(0.0006863339537 0.0001290541548 0.0006708128511)
(0.0008087883754 0.000134704488 0.0006860503601)
(0.0009312427971 0.0001403548213 0.0007012878692)
(0.001053697219 0.0001460051545 0.0007165253782)
(0.001176151641 0.0001516554877 0.0007317628872)
(-4.38439419e-05 0.0001802028523 0.0005874380032)
(7.903313331e-05 0.0001858531855 0.0006023054708)
(0.0002019102085 0.0001915035188 0.0006171729384)
(0.0003247872837 0.000197153852 0.0006320404059)
(0.0004476643589 0.0002028041853 0.0006469078735)
(0.0005705414341 0.0002084545185 0.0006617753411)
(0.0006934185093 0.0002141048517 0.0006766428087)
(0.0008162955845 0.000219755185 0.0006915102763)
(0.0009391726598 0.0002254055182 0.0007063777438)
(0.001062049735 0.0002310558515 0.0007212452114)
(0.00118492681 0.0002367061847 0.000736112679)
(-3.893114461e-05 0.0002720626858 0.0005961327068)
(8.440242161e-05 0.0002777130191 0.0006106005076)
(0.0002077359878 0.0002833633523 0.0006250683083)
(0.000331069554 0.0002890136856 0.000639536109)
(0.0004544031203 0.0002946640188 0.0006540039097)
(0.0005777366865 0.000300314352 0.0006684717104)
(0.0007010702527 0.0003059646853 0.0006829395111)
(0.0008244038189 0.0003116150185 0.0006974073118)
(0.0009477373851 0.0003172653517 0.0007118751125)
(0.001071070951 0.000322915685 0.0007263429133)
(0.001194404518 0.0003285660182 0.000740810714)
(-3.362503005e-05 0.0003712767937 0.0006055235062)
(9.020157372e-05 0.0003769271269 0.0006195596428)
(0.0002140281775 0.0003825774601 0.0006335957794)
(0.0003378547813 0.0003882277934 0.000647631916)
(0.000461681385 0.0003938781266 0.0006616680527)
(0.0005855079888 0.0003995284598 0.0006757041893)
(0.0007093345926 0.0004051787931 0.0006897403259)
(0.0008331611964 0.0004108291263 0.0007037764625)
(0.0009569878001 0.0004164794596 0.0007178125992)
(0.001080814404 0.0004221297928 0.0007318487358)
(0.001204641008 0.000427780126 0.0007458848724)
(-2.789410935e-05 0.000478433957 0.0006156661304)
(9.646500444e-05 0.0004840842903 0.0006292360441)
(0.0002208241182 0.0004897346235 0.0006428059577)
(0.000345183232 0.0004953849568 0.0006563758713)
(0.0004695423458 0.00050103529 0.0006699457849)
(0.0005939014596 0.0005066856232 0.0006835156985)
(0.0007182605734 0.0005123359565 0.0006970856122)
(0.0008426196872 0.0005179862897 0.0007106555258)
(0.000966978801 0.0005236366229 0.0007242254394)
(0.001091337915 0.0005292869562 0.000737795353)
(0.001215697029 0.0005349372894 0.0007513652666)
(-2.170437263e-05 0.0005941700949 0.0006266207706)
(0.0001032298838 0.0005998204282 0.0006396871355)
(0.0002281641402 0.0006054707614 0.0006527535004)
(0.0003530983966 0.0006111210947 0.0006658198653)
(0.0004780326531 0.0006167714279 0.0006788862303)
(0.0006029669095 0.0006224217611 0.0006919525952)
(0.0007279011659 0.0006280720944 0.0007050189601)
(0.0008528354223 0.0006337224276 0.000718085325)
(0.0009777696788 0.0006393727608 0.00073115169)
(0.001102703935 0.0006450230941 0.0007442180549)
(0.001227638192 0.0006506734273 0.0007572844198)
(-1.501908721e-05 0.0007191720378 0.0006384524363)
(0.0001105363576 0.0007248223711 0.0006509749386)
(0.0002360918024 0.0007304727043 0.0006634974408)
(0.0003616472473 0.0007361230375 0.0006760199431)
(0.0004872026921 0.0007417733708 0.0006885424453)
(0.0006127581369 0.000747423704 0.0007010649476)
(0.0007383135817 0.0007530740373 0.0007135874498)
(0.0008638690266 0.0007587243705 0.0007261099521)
(0.0009894244714 0.0007643747037 0.0007386324543)
(0.001114979916 0.000770025037 0.0007511549566)
(0.001240535361 0.0007756753702 0.0007636774588)
(-7.798579583e-06 0.0008541816036 0.0006512313421)
(0.0001184277858 0.0008598319369 0.0006631664402)
(0.0002446541512 0.0008654822701 0.0006751015383)
(0.0003708805166 0.0008711326033 0.0006870366364)
(0.000497106882 0.0008767829366 0.0006989717344)
(0.0006233332474 0.0008824332698 0.0007109068325)
(0.0007495596129 0.000888083603 0.0007228419306)
(0.0008757859783 0.0008937339363 0.0007347770287)
(0.001002012344 0.0008993842695 0.0007467121267)
(0.001128238709 0.0009050346028 0.0007586472248)
(0.001254465074 0.000910684936 0.0007705823229)
(0 0.001 0.0006650333238)
(0.0001269509997 0.001005650333 0.0006763339903)
(0.0002539019994 0.001011300666 0.0006876346568)
(0.0003808529991 0.001016951 0.0006989353232)
(0.0005078039989 0.001022601333 0.0007102359897)
(0.0006347549986 0.001028251666 0.0007215366562)
(0.0007617059983 0.001033901999 0.0007328373227)
(0.000888656998 0.001039552333 0.0007441379891)
(0.001015607998 0.001045202666 0.0007554386556)
(0.001142558997 0.001050852999 0.0007667393221)
(0.001269509997 0.001056503332 0.0007780399886)
(-6.927262525e-05 -6.927262525e-05 0.0006927262525)
(5.765708915e-05 -6.234536272e-05 0.0007098696501)
(0.0001845868035 -5.54181002e-05 0.0007270130478)
(0.0003115165179 -4.849083767e-05 0.0007441564454)
(0.0004384462323 -4.156357515e-05 0.0007612998431)
(0.0005653759467 -3.463631262e-05 0.0007784432407)
(0.0006923056611 -2.77090501e-05 0.0007955866384)
(0.0008192353755 -2.078178757e-05 0.000812730036)
(0.0009461650899 -1.385452505e-05 0.0008298734337)
(0.001073094804 -6.927262525e-06 0.0008470168313)
(0.001200024519 0 0.000864160229)
(-6.449212773e-05 4.517780673e-06 0.0006996272433)
(6.270341789e-05 1.14450432e-05 0.0007165436762)
(0.0001898989635 1.837230572e-05 0.000733460109)
(0.0003170945091 2.529956825e-05 0.0007503765419)
(0.0004442900547 3.222683077e-05 0.0007672929747)
(0.0005714856003 3.91540933e-05 0.0007842094076)
(0.0006986811459 4.608135582e-05 0.0008011258404)
(0.0008258766916 5.300861835e-05 0.0008180422733)
(0.0009530722372 5.993588087e-05 0.0008349587061)
(0.001080267783 6.68631434e-05 0.000851875139)
(0.001207463328 7.379040592e-05 0.0008687915718)
(-5.932890482e-05 8.421582722e-05 0.0007070807257)
(6.815375439e-05 9.114308975e-05 0.000723752023)
(0.0001956364136 9.807035227e-05 0.0007404233203)
(0.0003231190728 0.0001049976148 0.0007570946176)
(0.000450601732 0.0001119248773 0.0007737659149)
(0.0005780843912 0.0001188521398 0.0007904372122)
(0.0007055670504 0.0001257794024 0.0008071085096)
(0.0008330497096 0.0001327066649 0.0008237798069)
(0.0009605323688 0.0001396339274 0.0008404511042)
(0.001088015028 0.0001465611899 0.0008571224015)
(0.001215497687 0.0001534884525 0.0008737936988)
(-5.375231563e-05 0.0001702944786 0.0007151309319)
(7.404044341e-05 0.0001772217411 0.0007315374682)
(0.0002018332024 0.0001841490036 0.0007479440045)
(0.0003296259615 0.0001910762661 0.0007643505408)
(0.0004574187205 0.0001980035287 0.000780757077)
(0.0005852114796 0.0002049307912 0.0007971636133)
(0.0007130042386 0.0002118580537 0.0008135701496)
(0.0008407969977 0.0002187853162 0.0008299766859)
(0.0009685897567 0.0002257125788 0.0008463832222)
(0.001096382516 0.0002326398413 0.0008627897585)
(0.001224175275 0.0002395671038 0.0008791962948)
(-4.772926618e-05 0.0002632645643 0.0007238256355)
(8.039841921e-05 0.0002701918268 0.0007399462141)
(0.0002085261046 0.0002771190893 0.0007560667926)
(0.00033665379 0.0002840463518 0.0007721873712)
(0.0004647814754 0.0002909736144 0.0007883079498)
(0.0005929091608 0.0002979008769 0.0008044285283)
(0.0007210368461 0.0003048281394 0.0008205491069)
(0.0008491645315 0.0003117554019 0.0008366696854)
(0.0009772922169 0.0003186826645 0.000852790264)
(0.001105419902 0.000325609927 0.0008689108426)
(0.001233547588 0.0003325371895 0.0008850314211)
(-4.122401295e-05 0.0003636778108 0.0007332164349)
(8.72654129e-05 0.0003706050733 0.000749028162)
(0.0002157548387 0.0003775323358 0.0007648398891)
(0.0003442442646 0.0003844595983 0.0007806516163)
(0.0004727336904 0.0003913868609 0.0007964633434)
(0.0006012231163 0.0003983141234 0.0008122750705)
(0.0007297125421 0.0004052413859 0.0008280867977)
(0.000858201968 0.0004121686484 0.0008438985248)
(0.0009866913938 0.000419095911 0.0008597102519)
(0.00111518082 0.0004260231735 0.0008755219791)
(0.001243670246 0.000432950436 0.0008913337062)
(-3.419795085e-05 0.0004721301155 0.0007433590591)
(9.468217631e-05 0.0004790573781 0.0007588372083)
(0.0002235623035 0.0004859846406 0.0007743153574)
(0.0003524424306 0.0004929119031 0.0007897935066)
(0.0004813225578 0.0004998391656 0.0008052716557)
(0.0006102026849 0.0005067664282 0.0008207498048)
(0.0007390828121 0.0005136936907 0.000836227954)
(0.0008679629393 0.0005206209532 0.0008517061031)
(0.0009968430664 0.0005275482157 0.0008671842523)
(0.001125723194 0.0005344754783 0.0008826624014)
(0.001254603321 0.0005414027408 0.0008981405506)
(-2.660938406e-05 0.0005892650835 0.0007543136992)
(0.0001026927239 0.000596192346 0.0007694315642)
(0.0002319948318 0.0006031196086 0.0007845494292)
(0.0003612969397 0.0006100468711 0.0007996672942)
(0.0004905990476 0.0006169741336 0.0008147851592)
(0.0006199011555 0.0006239013961 0.0008299030242)
(0.0007492032634 0.0006308286587 0.0008450208892)
(0.0008785053713 0.0006377559212 0.0008601387541)
(0.001007807479 0.0006446831837 0.0008752566191)
(0.001137109587 0.0006516104462 0.0008903744841)
(0.001266411695 0.0006585377088 0.0009054923491)
(-1.841327858e-05 0.0007157778465 0.000766145365)
(0.0001113445938 0.000722705109 0.0007808741016)
(0.0002411024661 0.0007296323715 0.0007956028381)
(0.0003708603384 0.000736559634 0.0008103315747)
(0.0005006182108 0.0007434868966 0.0008250603113)
(0.0006303760831 0.0007504141591 0.0008397890479)
(0.0007601339554 0.0007573414216 0.0008545177844)
(0.0008898918278 0.0007642686841 0.000869246521)
(0.0010196497 0.0007711959467 0.0008839752576)
(0.001149407572 0.0007781232092 0.0008987039942)
(0.001279165445 0.0007850504717 0.0009134327307)
(-9.560995046e-06 0.0008524191882 0.0007789242708)
(0.0001206891301 0.0008593464507 0.0007932327254)
(0.0002509392552 0.0008662737132 0.0008075411801)
(0.0003811893804 0.0008732009757 0.0008218496347)
(0.0005114395055 0.0008801282383 0.0008361580894)
(0.0006416896307 0.0008870555008 0.000850466544)
(0.0007719397558 0.0008939827633 0.0008647749987)
(0.0009021898809 0.0009009100258 0.0008790834533)
(0.001032440006 0.0009078372884 0.0008933919079)
(0.001162690131 0.0009147645509 0.0009077003626)
(0.001292940256 0.0009216918134 0.0009220088172)
(0 0.001 0.0007927262525)
(0.0001307817876 0.001006927263 0.0008065807775)
(0.0002615635751 0.001013854525 0.0008204353026)
(0.0003923453627 0.001020781788 0.0008342898276)
(0.0005231271503 0.00102770905 0.0008481443527)
(0.0006539089379 0.001034636313 0.0008619988777)
(0.0007846907254 0.001041563575 0.0008758534028)
(0.000915472513 0.001048490838 0.0008897079278)
(0.001046254301 0.0010554181 0.0009035624529)
(0.001177036088 0.001062345363 0.0009174169779)
(0.001307817876 0.001069272625 0.000931271503)
(-8.369976772e-05 -8.369976772e-05 0.0008369976772)
(4.92810676e-05 -7.532979095e-05 0.0008555077868)
(0.0001822619029 -6.695981417e-05 0.0008740178965)
(0.0003152427382 -5.85898374e-05 0.0008925280061)
(0.0004482235736 -5.021986063e-05 0.0009110381158)
(0.0005812044089 -4.184988386e-05 0.0009295482255)
(0.0007141852442 -3.347990709e-05 0.0009480583351)
(0.0008471660795 -2.510993032e-05 0.0009665684448)
(0.0009801469149 -1.673995354e-05 0.0009850785544)
(0.00111312775 -8.369976772e-06 0.001003588664)
(0.001246108585 0 0.001022098774)
(-7.792365441e-05 -8.913746017e-06 0.000843898668)
(5.520410956e-05 -5.437692448e-07 0.0008622866194)
(0.0001883318735 7.826207527e-06 0.0008806745707)
(0.0003214596375 1.61961843e-05 0.000899062522)
(0.0004545874015 2.456616107e-05 0.0009174504734)
(0.0005877151654 3.293613784e-05 0.0009358384247)
(0.0007208429294 4.130611461e-05 0.0009542263761)
(0.0008539706934 4.967609139e-05 0.0009726143274)
(0.0009870984574 5.804606816e-05 0.0009910022788)
(0.001120226221 6.641604493e-05 0.00100939023)
(0.001253353985 7.47860217e-05 0.001027778181)
(-7.168510699e-05 7.185962505e-05 0.0008513521504)
(6.16013487e-05 8.022960183e-05 0.0008696081634)
(0.0001948878044 8.85995786e-05 0.0008878641765)
(0.0003281742601 9.696955537e-05 0.0009061201896)
(0.0004614607158 0.0001053395321 0.0009243762027)
(0.0005947471715 0.0001137095089 0.0009426322157)
(0.0007280336272 0.0001220794857 0.0009608882288)
(0.0008613200829 0.0001304494625 0.0009791442419)
(0.0009946065385 0.0001388194392 0.000997400255)
(0.001127892994 0.000147189416 0.001015656268)
(0.00126117945 0.0001555593928 0.001033912281)
(-6.494710308e-05 0.0001590996911 0.0008594023566)
(6.851074914e-05 0.0001674696679 0.0008775158684)
(0.0002019686014 0.0001758396447 0.0008956293803)
(0.0003354264536 0.0001842096214 0.0009137428922)
(0.0004688843058 0.0001925795982 0.000931856404)
(0.0006023421581 0.000200949575 0.0009499699159)
(0.0007358000103 0.0002093195518 0.0009680834277)
(0.0008692578625 0.0002176895285 0.0009861969396)
(0.001002715715 0.0002260595053 0.001004310451)
(0.001136173567 0.0002344294821 0.001022423963)
(0.001269631419 0.0002427994588 0.001040537475)
(-5.766965635e-05 0.0002533241741 0.0008680970602)
(7.597331438e-05 0.0002616941509 0.0008860566622)
(0.0002096162851 0.0002700641276 0.0009040162643)
(0.0003432592558 0.0002784341044 0.0009219758663)
(0.0004769022266 0.0002868040812 0.0009399354683)
(0.0006105451973 0.000295174058 0.0009578950704)
(0.000744188168 0.0003035440347 0.0009758546724)
(0.0008778311388 0.0003119140115 0.0009938142744)
(0.001011474109 0.0003202839883 0.001011773876)
(0.00114511708 0.000328653965 0.001029733478)
(0.001278760051 0.0003370239418 0.00104769308)
(-4.980957912e-05 0.0003550922446 0.0008774878595)
(8.403333064e-05 0.0003634622214 0.0008952812298)
(0.0002178762404 0.0003718321981 0.0009130746)
(0.0003517191502 0.0003802021749 0.0009308679702)
(0.0004855620599 0.0003885721517 0.0009486613404)
(0.0006194049697 0.0003969421284 0.0009664547106)
(0.0007532478795 0.0004053121052 0.0009842480809)
(0.0008870907892 0.000413682082 0.001002041451)
(0.001020933699 0.0004220520588 0.001019834821)
(0.001154776609 0.0004304220355 0.001037628192)
(0.001288619519 0.0004387920123 0.001055421562)
(-4.132022617e-05 0.0004650078402 0.0008876304838)
(9.27386297e-05 0.000473377817 0.0009052443137)
(0.0002267974856 0.0004817477938 0.0009228581437)
(0.0003608563414 0.0004901177705 0.0009404719736)
(0.0004949151973 0.0004984877473 0.0009580858036)
(0.0006289740532 0.0005068577241 0.0009756996335)
(0.0007630329091 0.0005152277008 0.0009933134634)
(0.0008970917649 0.0005235976776 0.001010927293)
(0.001031150621 0.0005319676544 0.001028541123)
(0.001165209477 0.0005403376312 0.001046154953)
(0.001299268333 0.0005487076079 0.001063768783)
(-3.215121784e-05 0.0005837232497 0.0008985851239)
(0.0001021408727 0.0005920932265 0.0009160050396)
(0.0002364329633 0.0006004632033 0.0009334249553)
(0.0003707250539 0.0006088331801 0.000950844871)
(0.0005050171444 0.0006172031568 0.0009682647867)
(0.000639309235 0.0006255731336 0.0009856847024)
(0.0007736013256 0.0006339431104 0.001003104618)
(0.0009078934161 0.0006423130871 0.001020524534)
(0.001042185507 0.0006506830639 0.00103794445)
(0.001176477597 0.0006590530407 0.001055364365)
(0.001310769688 0.0006674230175 0.001072784281)
(-2.224814109e-05 0.0007119429839 0.0009104167897)
(0.0001122958569 0.0007203129607 0.0009276272664)
(0.0002468398548 0.0007286829375 0.0009448377432)
(0.0003813838528 0.0007370529143 0.0009620482199)
(0.0005159278508 0.000745422891 0.0009792586967)
(0.0006504718488 0.0007537928678 0.0009964691734)
(0.0007850158467 0.0007621628446 0.00101367965)
(0.0009195598447 0.0007705328213 0.001030890127)
(0.001054103843 0.0007789027981 0.001048100604)
(0.001188647841 0.0007872727749 0.00106531108)
(0.001323191839 0.0007956427517 0.001082521557)
(-1.155222661e-05 0.0008504279566 0.0009231956955)
(0.0001232638464 0.0008587979334 0.0009401799657)
(0.0002580799194 0.0008671679101 0.0009571642358)
(0.0003928959924 0.0008755378869 0.000974148506)
(0.0005277120655 0.0008839078637 0.0009911327762)
(0.0006625281385 0.0008922778405 0.001008117046)
(0.0007973442115 0.0009006478172 0.001025101316)
(0.0009321602845 0.000909017794 0.001042085587)
(0.001066976358 0.0009173877708 0.001059069857)
(0.001201792431 0.0009257577475 0.001076054127)
(0.001336608504 0.0009341277243 0.001093038397)
(0 0.001 0.0009369976772)
(0.0001351099303 0.001008369977 0.0009537376307)
(0.0002702198606 0.001016739954 0.0009704775843)
(0.0004053297909 0.00102510993 0.0009872175378)
(0.0005404397213 0.001033479907 0.001003957491)
(0.0006755496516 0.001041849884 0.001020697445)
(0.0008106595819 0.001050219861 0.001037437398)
(0.0009457695122 0.001058589837 0.001054177352)
(0.001080879443 0.001066959814 0.001070917306)
(0.001215989373 0.001075329791 0.001087657259)
(0.001351099303 0.001083699768 0.001104397213)
(-0.0001 -0.0001 0.001)
(4e-05 -9e-05 0.00102)
(0.00018 -8e-05 0.00104)
(0.00032 -7e-05 0.00106)
(0.00046 -6e-05 0.00108)
(0.0006 -5e-05 0.0011)
(0.00074 -4e-05 0.00112)
(0.00088 -3e-05 0.00114)
(0.00102 -2e-05 0.00116)
(0.00116 -1e-05 0.00118)
(0.0013 0 0.0012)
(-9.309900916e-05 -2.408910076e-05 0.001006900991)
(4.690099084e-05 -1.408910076e-05 0.001026900991)
(0.0001869009908 -4.089100763e-06 0.001046900991)
(0.0003269009908 5.910899237e-06 0.001066900991)
(0.0004669009908 1.591089924e-05 0.001086900991)
(0.0006069009908 2.591089924e-05 0.001106900991)
(0.0007469009908 3.591089924e-05 0.001126900991)
(0.0008869009908 4.591089924e-05 0.001146900991)
(0.001026900991 5.591089924e-05 0.001166900991)
(0.001166900991 6.591089924e-05 0.001186900991)
(0.001306900991 7.591089924e-05 0.001206900991)
(-8.56455268e-05 5.789920525e-05 0.001014354473)
(5.43544732e-05 6.789920525e-05 0.001034354473)
(0.0001943544732 7.789920525e-05 0.001054354473)
(0.0003343544732 8.789920525e-05 0.001074354473)
(0.0004743544732 9.789920525e-05 0.001094354473)
(0.0006143544732 0.0001078992052 0.001114354473)
(0.0007543544732 0.0001178992052 0.001134354473)
(0.0008943544732 0.0001278992052 0.001154354473)
(0.001034354473 0.0001378992052 0.001174354473)
(0.001174354473 0.0001478992052 0.001194354473)
(0.001314354473 0.0001578992052 0.001214354473)
(-7.759532058e-05 0.0001464514736 0.001022404679)
(6.240467942e-05 0.0001564514736 0.001042404679)
(0.0002024046794 0.0001664514736 0.001062404679)
(0.0003424046794 0.0001764514736 0.001082404679)
(0.0004824046794 0.0001864514736 0.001102404679)
(0.0006224046794 0.0001964514736 0.001122404679)
(0.0007624046794 0.0002064514736 0.001142404679)
(0.0009024046794 0.0002164514736 0.001162404679)
(0.001042404679 0.0002264514736 0.001182404679)
(0.001182404679 0.0002364514736 0.001202404679)
(0.001322404679 0.0002464514736 0.001222404679)
(-6.890061696e-05 0.0002420932135 0.001031099383)
(7.109938304e-05 0.0002520932135 0.001051099383)
(0.000211099383 0.0002620932135 0.001071099383)
(0.000351099383 0.0002720932135 0.001091099383)
(0.000491099383 0.0002820932135 0.001111099383)
(0.000631099383 0.0002920932135 0.001131099383)
(0.000771099383 0.0003020932135 0.001151099383)
(0.000911099383 0.0003120932135 0.001171099383)
(0.001051099383 0.0003220932135 0.001191099383)
(0.001191099383 0.0003320932135 0.001211099383)
(0.001331099383 0.0003420932135 0.001231099383)
(-5.950981763e-05 0.0003453920061 0.001040490182)
(8.049018237e-05 0.0003553920061 0.001060490182)
(0.0002204901824 0.0003653920061 0.001080490182)
(0.0003604901824 0.0003753920061 0.001100490182)
(0.0005004901824 0.0003853920061 0.001120490182)
(0.0006404901824 0.0003953920061 0.001140490182)
(0.0007804901824 0.0004053920061 0.001160490182)
(0.0009204901824 0.0004153920061 0.001180490182)
(0.001060490182 0.0004253920061 0.001200490182)
(0.001200490182 0.0004353920061 0.001220490182)
(0.001340490182 0.0004453920061 0.001240490182)
(-4.936719336e-05 0.000456960873 0.001050632807)
(9.063280664e-05 0.000466960873 0.001070632807)
(0.0002306328066 0.000476960873 0.001090632807)
(0.0003706328066 0.000486960873 0.001110632807)
(0.0005106328066 0.000496960873 0.001130632807)
(0.0006506328066 0.000506960873 0.001150632807)
(0.0007906328066 0.000516960873 0.001170632807)
(0.0009306328066 0.000526960873 0.001190632807)
(0.001070632807 0.000536960873 0.001210632807)
(0.001210632807 0.000546960873 0.001230632807)
(0.001350632807 0.000556960873 0.001250632807)
(-3.841255324e-05 0.0005774619143 0.001061587447)
(0.0001015874468 0.0005874619143 0.001081587447)
(0.0002415874468 0.0005974619143 0.001101587447)
(0.0003815874468 0.0006074619143 0.001121587447)
(0.0005215874468 0.0006174619143 0.001141587447)
(0.0006615874468 0.0006274619143 0.001161587447)
(0.0008015874468 0.0006374619143 0.001181587447)
(0.0009415874468 0.0006474619143 0.001201587447)
(0.001081587447 0.0006574619143 0.001221587447)
(0.001221587447 0.0006674619143 0.001241587447)
(0.001361587447 0.0006774619143 0.001261587447)
(-2.65808875e-05 0.0007076102375 0.001073419113)
(0.0001134191125 0.0007176102375 0.001093419113)
(0.0002534191125 0.0007276102375 0.001113419113)
(0.0003934191125 0.0007376102375 0.001133419113)
(0.0005334191125 0.0007476102375 0.001153419113)
(0.0006734191125 0.0007576102375 0.001173419113)
(0.0008134191125 0.0007676102375 0.001193419113)
(0.0009534191125 0.0007776102375 0.001213419113)
(0.001093419113 0.0007876102375 0.001233419113)
(0.001233419113 0.0007976102375 0.001253419113)
(0.001373419113 0.0008076102375 0.001273419113)
(-1.380198168e-05 0.0008481782015 0.001086198018)
(0.0001261980183 0.0008581782015 0.001106198018)
(0.0002661980183 0.0008681782015 0.001126198018)
(0.0004061980183 0.0008781782015 0.001146198018)
(0.0005461980183 0.0008881782015 0.001166198018)
(0.0006861980183 0.0008981782015 0.001186198018)
(0.0008261980183 0.0009081782015 0.001206198018)
(0.0009661980183 0.0009181782015 0.001226198018)
(0.001106198018 0.0009281782015 0.001246198018)
(0.001246198018 0.0009381782015 0.001266198018)
(0.001386198018 0.0009481782015 0.001286198018)
(0 0.001 0.0011)
(0.00014 0.00101 0.00112)
(0.00028 0.00102 0.00114)
(0.00042 0.00103 0.00116)
(0.00056 0.00104 0.00118)
(0.0007 0.00105 0.0012)
(0.00084 0.00106 0.00122)
(0.00098 0.00107 0.00124)
(0.00112 0.00108 0.00126)
(0.00126 0.00109 0.00128)
(0.0014 0.0011 0.0013)
)


// ************************************************************************* //
