/*--------------------------------*- C++ -*----------------------------------*\
| =========                 |                                                 |
| \\      /  F ield         | OpenFOAM: The Open Source CFD Toolbox           |
|  \\    /   O peration     | Version:  4.1                                   |
|   \\  /    A nd           | Web:      www.OpenFOAM.org                      |
|    \\/     M anipulation  |                                                 |
\*---------------------------------------------------------------------------*/
FoamFile
{
    version     2.0;
    format      ascii;
    class       volScalarField;
    location    "1";
    object      p;
}
// * * * * * * * * * * * * * * * * * * * * * * * * * * * * * * * * * * * * * //

dimensions      [1 -1 -2 0 0 0 0];

internalField   nonuniform List<scalar> 
18000
(
1.28
1.28
1.28
1.28
1.28
1.28
1.28
1.28
1.28
1.28
1.28
1.28
1.28
1.28
1.28
1.28
1.28
1.28
1.28
1.28
1.28
1.28
1.28
1.28
1.28
1.28
1.28
1.28
1.28
1.28
1.28
1.28
1.28
1.28
1.28
1.28
1.28
1.28
1.28
1.28
1.28
1.28
1.28
1.28
1.28
1.28
1.28
1.28
1.28
1.28
1.28
1.28
1.28
1.28
1.28
1.28
1.28
1.28
1.28
1.28
1.28
1.28
1.28
1.28
1.28
1.28
1.28
1.28
1.28
1.28
1.28
1.28
1.28
1.28
1.28
1.28
1.28
1.28
1.28
1.28
1.28
1.28
1.28
1.28
1.28
1.28
1.28
1.28
1.28
1.28
1.28001
1.28001
1.28001
1.28001
1.28001
1.28001
1.28001
1.28001
1.28001
1.28001
1.28
1.28
1.28
1.28
1.28
1.28
1.28
1.28
1.28
1.28
1.28
1.28
1.28
1.28
1.28
1.28
1.28
1.28
1.28
1.28
1.28
1.28
1.28
1.28
1.28
1.28
1.28
1.28
1.28
1.28
1.28
1.28
1.28
1.28
1.28
1.28
1.28
1.28
1.28
1.28
1.28
1.28
1.28
1.28
1.28
1.28
1.28
1.28
1.28
1.28
1.28
1.28
1.28
1.28
1.28
1.28
1.28
1.28
1.28
1.28
1.28
1.28
1.28
1.28
1.28
1.28
1.28
1.28
1.28
1.28
1.28
1.28
1.28
1.28
1.28
1.28
1.28
1.28
1.28
1.28
1.28
1.28
1.28
1.28
1.28
1.28
1.28
1.28
1.28
1.28
1.28
1.28
1.28
1.28
1.28
1.28
1.28
1.28
1.28
1.28
1.28
1.28
1.28
1.28
1.28
1.28
1.28
1.28
1.28
1.28
1.28
1.28
1.28
1.28
1.28
1.28
1.28
1.28
1.28
1.28
1.28
1.28
1.28
1.28
1.28
1.28
1.28
1.28
1.28
1.28
1.28
1.28
1.28
1.28
1.28
1.28
1.28
1.28
1.28
1.28
1.28
1.28
1.28
1.28
1.28
1.28
1.28
1.28
1.28
1.28
1.28
1.28
1.28
1.28
1.28
1.28
1.28
1.28
1.28
1.28
1.28
1.28
1.28
1.28
1.28
1.28
1.28
1.28
1.28
1.28
1.28
1.28
1.28
1.28
1.28
1.28
1.28
1.28
1.28
1.28
1.28
1.28
1.28
1.28
1.28
1.28
1.28
1.28
1.28
1.28
1.28
1.28
1.28
1.28
1.28
1.28
1.28
1.28
1.28
1.28
1.28
1.28
1.28
1.28
1.28
1.28
1.28
1.28
1.28
1.28
1.28
1.28
1.28
1.28
1.28
1.28
1.28
1.28
1.28
1.28
1.28
1.28
1.28
1.28
1.28
1.28
1.28
1.28
1.28
1.28
1.28
1.28
1.28
1.28
1.28
1.28
1.28
1.28
1.28
1.28
1.28
1.28
1.28
1.28
1.28
1.28
1.28
1.28
1.28
1.28
1.28
1.28
1.28
1.28
1.28
1.28
1.28
1.28
1.28
1.28
1.28
1.28
1.28
1.28
1.28
1.28
1.28
1.28
1.28
1.28
1.28
1.28
1.28
1.28
1.28
1.28
1.28
1.28
1.28
1.28
1.28
1.28
1.28
1.28
1.28
1.28
1.28
1.28
1.28
1.28
1.28
1.28
1.28
1.28
1.28
1.28
1.28
1.28
1.28
1.28
1.28
1.28
1.28
1.28
1.28
1.28
1.28
1.28
1.28
1.28
1.28
1.28
1.28
1.28
1.28
1.28
1.28
1.28
1.28
1.28
1.28
1.28
1.28
1.28
1.28
1.28
1.28
1.28
1.28
1.28
1.28
1.28
1.28
1.28
1.28
1.28
1.28
1.28
1.28
1.28
1.28
1.28
1.28
1.28
1.28
1.28
1.28
1.28
1.28
1.28
1.28
1.28
1.28
1.28
1.28
1.28
1.28
1.28
1.28
1.28
1.28
1.28
1.28
1.28
1.28
1.28
1.28
1.28
1.28
1.28
1.28
1.28
1.28
1.28
1.28
1.28
1.28
1.28
1.28
1.28
1.28
1.28
1.28
1.28
1.28
1.28
1.28
1.28
1.28
1.28
1.28
1.28
1.28
1.28
1.28
1.28
1.28
1.28
1.28
1.28
1.28
1.28
1.28
1.28
1.28
1.28
1.28
1.28
1.28
1.28
1.28
1.28
1.28
1.28
1.28
1.28
1.28
1.28
1.28
1.28
1.28
1.28
1.28
1.28
1.28
1.28
1.28
1.28
1.28
1.28
1.28
1.28
1.28
1.28
1.28
1.28
1.28
1.28
1.28
1.28
1.28
1.28
1.28
1.28
1.28
1.28
1.28
1.28
1.28
1.28
1.28
1.28
1.28
1.28
1.28
1.28
1.28
1.28
1.28
1.28
1.28
1.28
1.28
1.28
1.28
1.28
1.28
1.28
1.28
1.28
1.28
1.28
1.28
1.28
1.28
1.28
1.28
1.28
1.28
1.28
1.28
1.28
1.28
1.28
1.28
1.28
1.28
1.28
1.28
1.28
1.28
1.28
1.28
1.28
1.28
1.28
1.28
1.28
1.28
1.28
1.28
1.28
1.28
1.28
1.28
1.28
1.28
1.28
1.28
1.28
1.28
1.28
1.28
1.28
1.28
1.28
1.28
1.28
1.28
1.28
1.28
1.28
1.28
1.28
1.28
1.28
1.28
1.28
1.28
1.28
1.28
1.28
1.28
1.28
1.28
1.28
1.28
1.28
1.28
1.28
1.28
1.28
1.28
1.28
1.28
1.28
1.28
1.28
1.28
1.28
1.28
1.28
1.28
1.28
1.28
1.28
1.28
1.28
1.28
1.28
1.28
1.28
1.28
1.28
1.28
1.28
1.28
1.28
1.28
1.28
1.28
1.28
1.28
1.28
1.28
1.28
1.28
1.28
1.28
1.28
1.28
1.28
1.28
1.28
1.28
1.28
1.28
1.28
1.28
1.28
1.28
1.28
1.28
1.28
1.28
1.28
1.28
1.28
1.28
1.28
1.28
1.28
1.28
1.28
1.28
1.28
1.28
1.28
1.28
1.28
1.28
1.28
1.28
1.28
1.28
1.28
1.28
1.28
1.28
1.28
1.28
1.28
1.28
1.28
1.28
1.28
1.28
1.28
1.28
1.28
1.28
1.28
1.28
1.28
1.28
1.28
1.28
1.28
1.28
1.28
1.28
1.28
1.28
1.28
1.28
1.28
1.28
1.28
1.28
1.28
1.28
1.28
1.28
1.28
1.28
1.28
1.28
1.28
1.28
1.28
1.28
1.28
1.28
1.28
1.28
1.28
1.28
1.28
1.28
1.28
1.28
1.28
1.28
1.28
1.28
1.28
1.28
1.28
1.28
1.28
1.28
1.28
1.28
1.28
1.28
1.28
1.28
1.28
1.28
1.28
1.28
1.28
1.28
1.28
1.28
1.28
1.28
1.28
1.28
1.28
1.28
1.28
1.28
1.28
1.28
1.28
1.28
1.28
1.28
1.28
1.28
1.28
1.28
1.28
1.28
1.28
1.28
1.28
1.28
1.28
1.28
1.28
1.28
1.28
1.28
1.28
1.28
1.28
1.28
1.28
1.28
1.28
1.28
1.28
1.28
1.28
1.28
1.28
1.28
1.28
1.28
1.28
1.28
1.28
1.28
1.28
1.28
1.28
1.28
1.28
1.28
1.28
1.28
1.28
1.28
1.28
1.28
1.28
1.28
1.28
1.28
1.28
1.28
1.28
1.28
1.28
1.28
1.28
1.28
1.28
1.28
1.28
1.28
1.28
1.28
1.28
1.28
1.28
1.28
1.28
1.28
1.28
1.28
1.28
1.28
1.28
1.28
1.28
1.28
1.28
1.28
1.28
1.28
1.28
1.28
1.28
1.28
1.28
1.28
1.28
1.28
1.28
1.28
1.28
1.28
1.28
1.28
1.28
1.28
1.28
1.28
1.28
1.28
1.28
1.28
1.28
1.28
1.28
1.28
1.28
1.28
1.28
1.28
1.28
1.28
1.28
1.28
1.28
1.28
1.28
1.28
1.28
1.28
1.28
1.28
1.28
1.28
1.28
1.28
1.28
1.28
1.28
1.28
1.28
1.28
1.28
1.28
1.28
1.28
1.28
1.28
1.28
1.28
1.28
1.28
1.28
1.28
1.28
1.28
1.28
1.28
1.28
1.28
1.28
1.28
1.28
1.28
1.28
1.28
1.28
1.28
1.28
1.28
1.28
1.28
1.28
1.28
1.28
1.28
1.28
1.28
1.28
1.28
1.28
1.28
1.28
1.28
1.28
1.28
1.28
1.28
1.28
1.28
1.28
1.28
1.28
1.28
1.28
1.28
1.28
1.28
1.28
1.28
1.28
1.28
1.28
1.28
1.28
1.28
1.28
1.28
1.28
1.28
1.28
1.28
1.28
1.28
1.28
1.28
1.28
1.28
1.28
1.28
1.28
1.28
1.28
1.28
1.28
1.28
1.28
1.28
1.28
1.28
1.28
1.28
1.28
1.28
1.28
1.28
1.28
1.28
1.28
1.28
1.28
1.28
1.28
1.28
1.28
1.28
1.28
1.28
1.28
1.28
1.28
1.28
1.28
1.28
1.28
1.28
1.28
1.28
1.28
1.28
1.28
1.28
1.28
1.28
1.28
1.28
1.28
1.28
1.28
1.28
1.28
1.28
1.28
1.28
1.28
1.28
1.28
1.28
1.28
1.28
1.28
1.28
1.28
1.28
1.28
1.28
1.28
1.28
1.28
1.28
1.28
1.28
1.28
1.28
1.28
1.28
1.28
1.28
1.28
1.28
1.28
1.28
1.28
1.28
1.28
1.28
1.28
1.28
1.28
1.28
1.28
1.28
1.28
1.28
1.28
1.28
1.28
1.28
1.28
1.28
1.28
1.28
1.28
1.28
1.28
1.28
1.28
1.28
1.28
1.28
1.28
1.28
1.28
1.28
1.28
1.28
1.28
1.28
1.28
1.28
1.28
1.28
1.28
1.28
1.28
1.28
1.28
1.28
1.28
1.28
1.28
1.28
1.28
1.28
1.28
1.28
1.28
1.28
1.28
1.28
1.28
1.28
1.28
1.28
1.28
1.28
1.28
1.28
1.28
1.28
1.28
1.28
1.28
1.28
1.28
1.28
1.28
1.28
1.28
1.28
1.28
1.28
1.28
1.28
1.28
1.28
1.28
1.28
1.28
1.28
1.28
1.28
1.28
1.28
1.28
1.28
1.28
1.28
1.28
1.28
1.28
1.28
1.28
1.28
1.28
1.28
1.28
1.28
1.28
1.28
1.28
1.28
1.28
1.28
1.28
1.28
1.28
1.28
1.28
1.28
1.28
1.28
1.28
1.28
1.28
1.28
1.28
1.28
1.28
1.28
1.28
1.28
1.28
1.28
1.28
1.28
1.28
1.28
1.28
1.28
1.28
1.28
1.28
1.28
1.28
1.28
1.28
1.28
1.28
1.28
1.28
1.28
1.28
1.28
1.28
1.28
1.28
1.28
1.28
1.28
1.28
1.28
1.28
1.28
1.28
1.28
1.28
1.28
1.28
1.28
1.28
1.28
1.28
1.28
1.28
1.28
1.28
1.28
1.28
1.28
1.28
1.28
1.28
1.28
1.28
1.28
1.28
1.28
1.28
1.28
1.28
1.28
1.28
1.28
1.28
1.28
1.28
1.28
1.28
1.28
1.28
1.28
1.28
1.28
1.28
1.28
1.28
1.28
1.28
1.28
1.28
1.28
1.28
1.28
1.28
1.28
1.28
1.28
1.28
1.28
1.28
1.28
1.28
1.28
1.28
1.28
1.28
1.28
1.28
1.28
1.28
1.28
1.28
1.28
1.28
1.28
1.28
1.28
1.28
1.28
1.28
1.28
1.28
1.28
1.28
1.28
1.28
1.28
1.28
1.28
1.28
1.28
1.28
1.28
1.28
1.28
1.28
1.28
1.28
1.28
1.28
1.28
1.28
1.28
1.28
1.28
1.28
1.28
1.28
1.28
1.28
1.28
1.28
1.28
1.28
1.28
1.28
1.28
1.28
1.28
1.28
1.28
1.28
1.28
1.28
1.28
1.28
1.28
1.28
1.28
1.28
1.28
1.28
1.28
1.28
1.28
1.28
1.28
1.28
1.28
1.28
1.28
1.28
1.28
1.28
1.28
1.28
1.28
1.28
1.28
1.28
1.28
1.28
1.28
1.28
1.28
1.28
1.28
1.28
1.28
1.28
1.28
1.28
1.28
1.28
1.28
1.28
1.28
1.28
1.28
1.28
1.28
1.28
1.28
1.28
1.28
1.28
1.28
1.28
1.28
1.28
1.28
1.28
1.28
1.28
1.28
1.28
1.28
1.28
1.28
1.28
1.28
1.28
1.28
1.28
1.28
1.28
1.28
1.28
1.28
1.28
1.28
1.28
1.28
1.28
1.28
1.28
1.28
1.28
1.28
1.28
1.28
1.28
1.28
1.28
1.28
1.28
1.28
1.28
1.28
1.28
1.28
1.28
1.28
1.28
1.28
1.28
1.28
1.28
1.28
1.28
1.28
1.28
1.28
1.28
1.28
1.28
1.28
1.28
1.28
1.28
1.28
1.28
1.28
1.28
1.28
1.28
1.28
1.28
1.28
1.28
1.28
1.28
1.28
1.28
1.28
1.28
1.28
1.28
1.28
1.28
1.28
1.28
1.28
1.28
1.28
1.28
1.28
1.28
1.28
1.28
1.28
1.28
1.28
1.28
1.28
1.28
1.28
1.28
1.28
1.28
1.28
1.28
1.28
1.28
1.28
1.28
1.28
1.28
1.28
1.28
1.28
1.28
1.28
1.28
1.28
1.28
1.28
1.28
1.28
1.28
1.28
1.28
1.28
1.28
1.28
1.28
1.28
1.28
1.28
1.28
1.28
1.28
1.28
1.28
1.28
1.28
1.28
1.28
1.28
1.28
1.28
1.28
1.28
1.28
1.28
1.28
1.28
1.28
1.28
1.28
1.28
1.28
1.28
1.28
1.28
1.28
1.28
1.28
1.28
1.28
1.28
1.28
1.28
1.28
1.28
1.28
1.28
1.28
1.28
1.28
1.28
1.28
1.28
1.28
1.28
1.28
1.28
1.28
1.28
1.28
1.28
1.28
1.28
1.28
1.28
1.28
1.28
1.28
1.28
1.28
1.28
1.28
1.28
1.28
1.28
1.28
1.28
1.28
1.28
1.28
1.28
1.28
1.28
1.28
1.28
1.28
1.28
1.28
1.28
1.28
1.28
1.28
1.28
1.28
1.28
1.28
1.28
1.28
1.28
1.28
1.28
1.28
1.28
1.28
1.28
1.28
1.28
1.28
1.28
1.28
1.28
1.28
1.28
1.28
1.28
1.28
1.28
1.28
1.28
1.28
1.28
1.28
1.28
1.28
1.28
1.28
1.28001
1.28
1.28
1.28
1.28
1.28
1.28
1.28
1.28
1.28
1.28
1.28
1.28
1.28
1.28
1.28
1.28
1.28
1.28
1.28
1.28
1.28
1.28
1.28
1.28
1.28
1.28
1.28
1.28
1.28
1.28
1.28
1.28
1.28
1.28
1.28
1.28
1.28
1.28
1.28
1.28
1.28
1.28
1.28
1.28
1.28
1.28
1.28
1.28
1.28
1.28
1.28
1.28
1.28
1.28
1.28
1.28
1.28
1.28
1.28
1.28
1.28
1.28
1.28
1.28
1.28
1.28
1.28
1.28
1.28
1.28
1.28
1.28
1.28
1.28
1.28
1.28
1.28
1.28
1.28
1.28
1.28
1.28
1.28
1.28
1.28
1.28
1.28
1.28
1.28
1.28
1.28
1.28
1.28
1.28
1.28
1.28
1.28
1.28
1.28
1.28001
1.28
1.28
1.28
1.28
1.28
1.28
1.28
1.28
1.28
1.28
1.28
1.28
1.28
1.28
1.28
1.28
1.28
1.28
1.28
1.28
1.28
1.28
1.28
1.28
1.28
1.28
1.28
1.28
1.28
1.28
1.28
1.28
1.28
1.28
1.28
1.28
1.28
1.28
1.28
1.28
1.28
1.28
1.28
1.28
1.28
1.28
1.28
1.28
1.28
1.28
1.28
1.28
1.28
1.28
1.28
1.28
1.28
1.28
1.28
1.28
1.28
1.28
1.28
1.28
1.28
1.28
1.28
1.28
1.28
1.28
1.28
1.28
1.28
1.28
1.28
1.28
1.28
1.28
1.28
1.28
1.28
1.28
1.28
1.28
1.28
1.28
1.28
1.28
1.28
1.28
1.28
1.28
1.28
1.28
1.28
1.28
1.28
1.28
1.28
1.28001
1.28
1.28
1.28
1.28
1.28
1.28
1.28
1.28
1.28
1.28
1.28
1.28
1.28
1.28
1.28
1.28
1.28
1.28
1.28
1.28
1.28
1.28
1.28
1.28
1.28
1.28
1.28
1.28
1.28
1.28
1.28
1.28
1.28
1.28
1.28
1.28
1.28
1.28
1.28
1.28
1.28
1.28
1.28
1.28
1.28
1.28
1.28
1.28
1.28
1.28
1.28
1.28
1.28
1.28
1.28
1.28
1.28
1.28
1.28
1.28
1.28
1.28
1.28
1.28
1.28
1.28
1.28
1.28
1.28
1.28
1.28
1.28
1.28
1.28
1.28
1.28
1.28
1.28
1.28
1.28
1.28
1.28
1.28
1.28
1.28
1.28
1.28
1.28
1.28
1.28
1.28
1.28
1.28
1.28
1.28
1.28
1.28
1.28
1.28
1.28001
1.28
1.28
1.28
1.28
1.28
1.28
1.28
1.28
1.28
1.28
1.28
1.28
1.28
1.28
1.28
1.28
1.28
1.28
1.28
1.28
1.28
1.28
1.28
1.28
1.28
1.28
1.28
1.28
1.28
1.28
1.28
1.28
1.28
1.28
1.28
1.28
1.28
1.28
1.28
1.28
1.28
1.28
1.28
1.28
1.28
1.28
1.28
1.28
1.28
1.28
1.28
1.28
1.28
1.28
1.28
1.28
1.28
1.28
1.28
1.28
1.28
1.28
1.28
1.28
1.28
1.28
1.28
1.28
1.28
1.28
1.28
1.28
1.28
1.28
1.28
1.28
1.28
1.28
1.28
1.28
1.28
1.28
1.28
1.28
1.28
1.28
1.28
1.28
1.28
1.28
1.28
1.28
1.28
1.28
1.28
1.28
1.28
1.28
1.28
1.28001
1.28
1.28
1.28
1.28
1.28
1.28
1.28
1.28
1.28
1.28
1.28
1.28
1.28
1.28
1.28
1.28
1.28
1.28
1.28
1.28
1.28
1.28
1.28
1.28
1.28
1.28
1.28
1.28
1.28
1.28
1.28
1.28
1.28
1.28
1.28
1.28
1.28
1.28
1.28
1.28
1.28
1.28
1.28
1.28
1.28
1.28
1.28
1.28
1.28
1.28
1.28
1.28
1.28
1.28
1.28
1.28
1.28
1.28
1.28
1.28
1.28
1.28
1.28
1.28
1.28
1.28
1.28
1.28
1.28
1.28
1.28
1.28
1.28
1.28
1.28
1.28
1.28
1.28
1.28
1.28
1.28
1.28
1.28
1.28
1.28
1.28
1.28
1.28
1.28
1.28
1.28
1.28
1.28
1.28
1.28
1.28
1.28
1.28
1.28
1.28001
1.28
1.28
1.28
1.28
1.28
1.28
1.28
1.28
1.28
1.28
1.28
1.28
1.28
1.28
1.28
1.28
1.28
1.28
1.28
1.28
1.28
1.28
1.28
1.28
1.28
1.28
1.28
1.28
1.28
1.28
1.28
1.28
1.28
1.28
1.28
1.28
1.28
1.28
1.28
1.28
1.28
1.28
1.28
1.28
1.28
1.28
1.28
1.28
1.28
1.28
1.28
1.28
1.28
1.28
1.28
1.28
1.28
1.28
1.28
1.28
1.28
1.28
1.28
1.28
1.28
1.28
1.28
1.28
1.28
1.28
1.28
1.28
1.28
1.28
1.28
1.28
1.28
1.28
1.28
1.28
1.28
1.28
1.28
1.28
1.28
1.28
1.28
1.28
1.28
1.28
1.28
1.28
1.28
1.28
1.28
1.28
1.28
1.28
1.28
1.28001
1.28
1.28
1.28
1.28
1.28
1.28
1.28
1.28
1.28
1.28
1.28
1.28
1.28
1.28
1.28
1.28
1.28
1.28
1.28
1.28
1.28
1.28
1.28
1.28
1.28
1.28
1.28
1.28
1.28
1.28
1.28
1.28
1.28
1.28
1.28
1.28
1.28
1.28
1.28
1.28
1.28
1.28
1.28
1.28
1.28
1.28
1.28
1.28
1.28
1.28
1.28
1.28
1.28
1.28
1.28
1.28
1.28
1.28
1.28
1.28
1.28
1.28
1.28
1.28
1.28
1.28
1.28
1.28
1.28
1.28
1.28
1.28
1.28
1.28
1.28
1.28
1.28
1.28
1.28
1.28
1.28
1.28
1.28
1.28
1.28
1.28
1.28
1.28
1.28
1.28
1.28
1.28
1.28
1.28
1.28
1.28
1.28
1.28
1.28
1.28001
1.28
1.28
1.28
1.28
1.28
1.28
1.28
1.28
1.28
1.28
1.28
1.28
1.28
1.28
1.28
1.28
1.28
1.28
1.28
1.28
1.28
1.28
1.28
1.28
1.28
1.28
1.28
1.28
1.28
1.28
1.28
1.28
1.28
1.28
1.28
1.28
1.28
1.28
1.28
1.28
1.28
1.28
1.28
1.28
1.28
1.28
1.28
1.28
1.28
1.28
1.28
1.28
1.28
1.28
1.28
1.28
1.28
1.28
1.28
1.28
1.28
1.28
1.28
1.28
1.28
1.28
1.28
1.28
1.28
1.28
1.28
1.28
1.28
1.28
1.28
1.28
1.28
1.28
1.28
1.28
1.28
1.28
1.28
1.28
1.28
1.28
1.28
1.28
1.28
1.28
1.28
1.28
1.28
1.28
1.28
1.28
1.28
1.28
1.28
1.28
1.28
1.28
1.28
1.28
1.28
1.28
1.28
1.28
1.28
1.28
1.28
1.28
1.28
1.28
1.28
1.28
1.28
1.28
1.28
1.28
1.28
1.28
1.28
1.28
1.28
1.28
1.28
1.28
1.28
1.28
1.28
1.28
1.28
1.28
1.28
1.28
1.28
1.28
1.28
1.28
1.28
1.28
1.28
1.28
1.28
1.28
1.28
1.28
1.28
1.28
1.28
1.28
1.28
1.28
1.28
1.28
1.28
1.28
1.28
1.28
1.28
1.28
1.28
1.28
1.28
1.28
1.28
1.28
1.28
1.28
1.28
1.28
1.28
1.28
1.28
1.28
1.28
1.28
1.28
1.28
1.28
1.28
1.28
1.28
1.28
1.28
1.28
1.28
1.28
1.28
1.28
1.28
1.28
1.28
1.28
1.28
1.28
1.28
1.28
1.28
1.28
1.28
1.28
1.28
1.28
1.28
1.28
1.28
1.28
1.28
1.28
1.28
1.28
1.28
1.28
1.28
1.28
1.28
1.28
1.28
1.28
1.28
1.28
1.28
1.28
1.28
1.28
1.28
1.28
1.28
1.28
1.28
1.28
1.28
1.28
1.28
1.28
1.28
1.28
1.28
1.28
1.28
1.28
1.28
1.28
1.28
1.28
1.28
1.28
1.28
1.28
1.28
1.28
1.28
1.28
1.28
1.28
1.28
1.28
1.28
1.28
1.28
1.28
1.28
1.28
1.28
1.28
1.28
1.28
1.28
1.28
1.28
1.28
1.28
1.28
1.28
1.28
1.28
1.28
1.28
1.28
1.28
1.28
1.28
1.28
1.28
1.28
1.28
1.28
1.28
1.28
1.28
1.28
1.28
1.28
1.28
1.28
1.28
1.28
1.28
1.28
1.28
1.28
1.28
1.28
1.28
1.28
1.28
1.28
1.28
1.28
1.28
1.28
1.28
1.28
1.28
1.28
1.28
1.28
1.28
1.28
1.28
1.28
1.28
1.28
1.28
1.28
1.28
1.28
1.28
1.28
1.28
1.28
1.28
1.28
1.28
1.28
1.28
1.28
1.28
1.28
1.28
1.28
1.28
1.28
1.28
1.28
1.28
1.28
1.28
1.28
1.28
1.28
1.28
1.28
1.28
1.28
1.28
1.28
1.28
1.28
1.28
1.28
1.28
1.28
1.28
1.28
1.28
1.28
1.28
1.28
1.28
1.28
1.28
1.28
1.28
1.28
1.28
1.28
1.28
1.28
1.28
1.28
1.28
1.28
1.28
1.28
1.28
1.28
1.28
1.28
1.28
1.28
1.28
1.28
1.28
1.28
1.28
1.28
1.28
1.28
1.28
1.28
1.28
1.28
1.28
1.28
1.28
1.28
1.28
1.28
1.28
1.28
1.28
1.28
1.28
1.28
1.28
1.28
1.28
1.28
1.28
1.28
1.28
1.28
1.28
1.28
1.28
1.28
1.28
1.28
1.28
1.28
1.28
1.28
1.28
1.28
1.28
1.28
1.28
1.28
1.28
1.28
1.28
1.28
1.28
1.28
1.28
1.28
1.28
1.28
1.28
1.28
1.28
1.28
1.28
1.28
1.28
1.28
1.28
1.28
1.28
1.28
1.28
1.28
1.28
1.28
1.28
1.28
1.28
1.28
1.28
1.28
1.28
1.28
1.28
1.28
1.28
1.28
1.28
1.28
1.28
1.28
1.28
1.28
1.28
1.28
1.28
1.28
1.28
1.28
1.28
1.28
1.28
1.28
1.28
1.28
1.28
1.28
1.28
1.28
1.28
1.28
1.28
1.28
1.28
1.28
1.28
1.28
1.28
1.28
1.28
1.28
1.28
1.28
1.28
1.28
1.28
1.28
1.28
1.28
1.28
1.28
1.28
1.28
1.28
1.28
1.28
1.28
1.28
1.28
1.28
1.28
1.28
1.28
1.28
1.28
1.28
1.28
1.28
1.28
1.28
1.28
1.28
1.28
1.28
1.28
1.28
1.28
1.28
1.28
1.28
1.28
1.28
1.28
1.28
1.28
1.28
1.28
1.28
1.28
1.28
1.28
1.28
1.28
1.28
1.28
1.28
1.28
1.28
1.28
1.28
1.28
1.28
1.28
1.28
1.28
1.28
1.28
1.28
1.28
1.28
1.28
1.28
1.28
1.28
1.28
1.28
1.28
1.28
1.28
1.28
1.28
1.28
1.28
1.28
1.28
1.28
1.28
1.28
1.28
1.28
1.28
1.28
1.28
1.28
1.28
1.28
1.28
1.28
1.28
1.28
1.28
1.28
1.28
1.28
1.28
1.28
1.28
1.28
1.28
1.28
1.28
1.28
1.28
1.28
1.28
1.28
1.28
1.28
1.28
1.28
1.28
1.28
1.28
1.28
1.28
1.28
1.28
1.28
1.28
1.28
1.28
1.28
1.28
1.28
1.28
1.28
1.28
1.28
1.28
1.28
1.28
1.28
1.28
1.28
1.28
1.28
1.28
1.28
1.28
1.28
1.28
1.28
1.28
1.28
1.28
1.28
1.28
1.28
1.28
1.28
1.28
1.28
1.28
1.28
1.28
1.28
1.28
1.28
1.28
1.28
1.28
1.28
1.28
1.28
1.28
1.28
1.28
1.28
1.28
1.28
1.28
1.28
1.28
1.28
1.28
1.28
1.28
1.28
1.28
1.28
1.28
1.28
1.28
1.28
1.28
1.28
1.28
1.28
1.28
1.28
1.28
1.28
1.28
1.28
1.28
1.28
1.28
1.28
1.28
1.28
1.28
1.28
1.28
1.28
1.28
1.28
1.28
1.28
1.28
1.28
1.28
1.28
1.28
1.28
1.28
1.28
1.28
1.28
1.28
1.28
1.28
1.28
1.28
1.28
1.28
1.28
1.28
1.28
1.28
1.28
1.28
1.28
1.28
1.28
1.28
1.28
1.28
1.28
1.28
1.28
1.28
1.28
1.28
1.28
1.28
1.28
1.28
1.28
1.28
1.28
1.28
1.28
1.28
1.28
1.28
1.28
1.28
1.28
1.28
1.28
1.28
1.28
1.28
1.28
1.28
1.28
1.28
1.28
1.28
1.28
1.28
1.28
1.28
1.28
1.28
1.28
1.28
1.28
1.28
1.28
1.28
1.28
1.28
1.28
1.28
1.28
1.28
1.28
1.28
1.28
1.28
1.28
1.28
1.28
1.28
1.28
1.28
1.28
1.28
1.28
1.28
1.28
1.28
1.28
1.28
1.28
1.28
1.28
1.28
1.28
1.28
1.28
1.28
1.28
1.28
1.28
1.28
1.28
1.28
1.28
1.28
1.28
1.28
1.28
1.28
1.28
1.28
1.28
1.28
1.28
1.28
1.28
1.28
1.28
1.28
1.28
1.28
1.28
1.28
1.28
1.28
1.28
1.28
1.28
1.28
1.28
1.28
1.28
1.28
1.28
1.28
1.28
1.28
1.28
1.28
1.28
1.28
1.28
1.28
1.28
1.28
1.28
1.28
1.28
1.28
1.28
1.28
1.28
1.28
1.28
1.28
1.28
1.28
1.28
1.28
1.28
1.28
1.28
1.28
1.28
1.28
1.28
1.28
1.28
1.28
1.28
1.28
1.28
1.28
1.28
1.28
1.28
1.28
1.28
1.28
1.28
1.28
1.28
1.28
1.28
1.28
1.28
1.28
1.28
1.28
1.28
1.28
1.28
1.28
1.28
1.28
1.28
1.28
1.28
1.28
1.28
1.28
1.28
1.28
1.28
1.28
1.28
1.28
1.28
1.28
1.28
1.28
1.28
1.28
1.28
1.28
1.28
1.28
1.28
1.28
1.28
1.28
1.28
1.28
1.28
1.28
1.28
1.28
1.28
1.28
1.28
1.28
1.28
1.28
1.28
1.28
1.28
1.28
1.28
1.28
1.28
1.28
1.28
1.28
1.28
1.28
1.28
1.28
1.28
1.28
1.28
1.28
1.28
1.28
1.28
1.28
1.28
1.28
1.28
1.28
1.28
1.28
1.28
1.28
1.28
1.28
1.28
1.28
1.28
1.28
1.28
1.28
1.28
1.28
1.28
1.28
1.28
1.28
1.28
1.28
1.28
1.28
1.28
1.28
1.28
1.28
1.28
1.28
1.28
1.28
1.28
1.28
1.28
1.28
1.28
1.28
1.28
1.28
1.28
1.28
1.28
1.28
1.28
1.28
1.28
1.28
1.28
1.28
1.28
1.28
1.28
1.28
1.28
1.28
1.28
1.28
1.28
1.28
1.28
1.28
1.28
1.28
1.28
1.28
1.28
1.28
1.28
1.28
1.28
1.28
1.28
1.28
1.28
1.28
1.28
1.28
1.28
1.28
1.28
1.28
1.28
1.28
1.28
1.28
1.28
1.28
1.28
1.28
1.28
1.28
1.28
1.28
1.28
1.28
1.28
1.28
1.28
1.28
1.28
1.28
1.28
1.28
1.28
1.28
1.28
1.28
1.28
1.28
1.28
1.28
1.28
1.28
1.28
1.28
1.28
1.28
1.28
1.28
1.28
1.28
1.28
1.28
1.28
1.28
1.28
1.28
1.28
1.28
1.28
1.28
1.28
1.28
1.28
1.28
1.28
1.28
1.28
1.28
1.28
1.28
1.28
1.28
1.28
1.28
1.28
1.28
1.28
1.28
1.28
1.28
1.28
1.28
1.28
1.28
1.28
1.28
1.28
1.28
1.28
1.28
1.28
1.28
1.28
1.28
1.28
1.28
1.28
1.28
1.28
1.28
1.28
1.28
1.28
1.28
1.28
1.28
1.28
1.28
1.28
1.28
1.28
1.28
1.28
1.28
1.28
1.28
1.28
1.28
1.28
1.28
1.28
1.28
1.28
1.28
1.28
1.28
1.28
1.28
1.28
1.28
1.28
1.28
1.28
1.28
1.28
1.28
1.28
1.28
1.28
1.28
1.28
1.28
1.28
1.28
1.28
1.28
1.28
1.28
1.28
1.28
1.28
1.28
1.28
1.28
1.28
1.28
1.28
1.28
1.28
1.28
1.28
1.28
1.28
1.28
1.28
1.28
1.28
1.28
1.28
1.28
1.28
1.28
1.28
1.28
1.28
1.28
1.28
1.28
1.28
1.28
1.28
1.28
1.28
1.28
1.28
1.28
1.28
1.28
1.28
1.28
1.28
1.28
1.28
1.28
1.28
1.28
1.28
1.28
1.28
1.28
1.28
1.28
1.28
1.28
1.28
1.28
1.28
1.28
1.28
1.28
1.28
1.28
1.28
1.28
1.28
1.28
1.28
1.28
1.28
1.28
1.28
1.28
1.28
1.28
1.28
1.28
1.28
1.28
1.28
1.28
1.28
1.28
1.28
1.28
1.28
1.28
1.28
1.28
1.28
1.28
1.28
1.28
1.28
1.28
1.28
1.28
1.28
1.28
1.28
1.28
1.28
1.28
1.28
1.28
1.28
1.28
1.28
1.28
1.28
1.28
1.28
1.28
1.28
1.28
1.28
1.28
1.28
1.28
1.28
1.28
1.28
1.28
1.28
1.28
1.28
1.28
1.28
1.28
1.28
1.28
1.28
1.28
1.28
1.28
1.28
1.28
1.28
1.28
1.28
1.28
1.28
1.28
1.28
1.28
1.28
1.28
1.28
1.28
1.28
1.28
1.28
1.28
1.28
1.28
1.28
1.28
1.28
1.28
1.28
1.28
1.28
1.28
1.28
1.28
1.28
1.28
1.28
1.28
1.28
1.28
1.28
1.28
1.28
1.28
1.28
1.28
1.28
1.28
1.28
1.28
1.28
1.28
1.28
1.28
1.28
1.28
1.28
1.28
1.28
1.28
1.28
1.28
1.28
1.28
1.28
1.28
1.28
1.28
1.28
1.28
1.28
1.28
1.28
1.28
1.28
1.28
1.28
1.28
1.28
1.28
1.28
1.28
1.28
1.28
1.28
1.28
1.28
1.28
1.28
1.28
1.28
1.28
1.28
1.28
1.28
1.28
1.28
1.28
1.28
1.28
1.28
1.28
1.28
1.28
1.28
1.28
1.28
1.28
1.28
1.28
1.28
1.28
1.28
1.28
1.28
1.28
1.28
1.28
1.28
1.28
1.28
1.28
1.28
1.28
1.28
1.28
1.28
1.28
1.28
1.28
1.28
1.28
1.28
1.28
1.28
1.28
1.28
1.28
1.28
1.28
1.28
1.28
1.28
1.28
1.28
1.28
1.28
1.28
1.28
1.28
1.28
1.28
1.28
1.28
1.28
1.28
1.28
1.28
1.28
1.28
1.28
1.28
1.28
1.28
1.28
1.28
1.28
1.28
1.28
1.28
1.28
1.28
1.28
1.28
1.28
1.28
1.28
1.28
1.28
1.28
1.28
1.28
1.28
1.28
1.28
1.28
1.28
1.28
1.28
1.28
1.28
1.28
1.28
1.28
1.28
1.28
1.28
1.28
1.28
1.28
1.28
1.28
1.28
1.28
1.28
1.28
1.28
1.28
1.28
1.28
1.28
1.28
1.28
1.28
1.28
1.28
1.28
1.28
1.28
1.28
1.28
1.28
1.28
1.28
1.28
1.28
1.28
1.28
1.28
1.28
1.28
1.28
1.28
1.28
1.28
1.28
1.28
1.28
1.28
1.28
1.28
1.28
1.28
1.28
1.28
1.28
1.28
1.28
1.28
1.28
1.28
1.28
1.28001
1.28001
1.28001
1.28001
1.28001
1.28001
1.28001
1.28001
1.28001
1.28001
1.28
1.28
1.28
1.28
1.28
1.28
1.28
1.28
1.28
1.28
1.28
1.28
1.28
1.28
1.28
1.28
1.28
1.28
1.28
1.28
1.28
1.28
1.28
1.28
1.28
1.28
1.28
1.28
1.28
1.28
1.28
1.28
1.28
1.28
1.28
1.28
1.28
1.28
1.28
1.28
1.28
1.28
1.28
1.28
1.28
1.28
1.28
1.28
1.28
1.28
1.28
1.28
1.28
1.28
1.28
1.28
1.28
1.28
1.28
1.28
1.28
1.28
1.28
1.28
1.28
1.28
1.28
1.28
1.28
1.28
1.28
1.28
1.28
1.28
1.28
1.28
1.28
1.28
1.28
1.28
1.28
1.28
1.28
1.28
1.28
1.28
1.28
1.28
1.28
1.28
1.28001
1.28001
1.28001
1.28001
1.28001
1.28001
1.28001
1.28001
1.28001
1.28001
1.28
1.28
1.28
1.28
1.28
1.28
1.28
1.28
1.28
1.28
1.28
1.28
1.28
1.28
1.28
1.28
1.28
1.28
1.28
1.28
1.28
1.28
1.28
1.28
1.28
1.28
1.28
1.28
1.28
1.28
1.28
1.28
1.28
1.28
1.28
1.28
1.28
1.28
1.28
1.28
1.28
1.28
1.28
1.28
1.28
1.28
1.28
1.28
1.28
1.28
1.28
1.28
1.28
1.28
1.28
1.28
1.28
1.28
1.28
1.28
1.28
1.28
1.28
1.28
1.28
1.28
1.28
1.28
1.28
1.28
1.28
1.28
1.28
1.28
1.28
1.28
1.28
1.28
1.28
1.28
1.28
1.28
1.28
1.28
1.28
1.28
1.28
1.28
1.28
1.28
1.28
1.28
1.28
1.28
1.28
1.28
1.28
1.28
1.28
1.28
1.28
1.28
1.28
1.28
1.28
1.28
1.28
1.28
1.28
1.28
1.28
1.28
1.28
1.28
1.28
1.28
1.28
1.28
1.28
1.28
1.28
1.28
1.28
1.28
1.28
1.28
1.28
1.28
1.28
1.28
1.28
1.28
1.28
1.28
1.28
1.28
1.28
1.28
1.28
1.28
1.28
1.28
1.28
1.28
1.28
1.28
1.28
1.28
1.28
1.28
1.28
1.28
1.28
1.28
1.28
1.28
1.28
1.28
1.28
1.28
1.28
1.28
1.28
1.28
1.28
1.28
1.28
1.28
1.28
1.28
1.28
1.28
1.28
1.28
1.28
1.28
1.28
1.28
1.28
1.28
1.28
1.28
1.28
1.28
1.28
1.28
1.28
1.28
1.28
1.28
1.28
1.28
1.28
1.28
1.28
1.28
1.28
1.28
1.28
1.28
1.28
1.28
1.28
1.28
1.28
1.28
1.28
1.28
1.28
1.28
1.28
1.28
1.28
1.28
1.28
1.28
1.28
1.28
1.28
1.28
1.28
1.28
1.28
1.28
1.28
1.28
1.28
1.28
1.28
1.28
1.28
1.28
1.28
1.28
1.28
1.28
1.28
1.28
1.28
1.28
1.28
1.28
1.28
1.28
1.28
1.28
1.28
1.28
1.28
1.28
1.28
1.28
1.28
1.28
1.28
1.28
1.28
1.28
1.28
1.28
1.28
1.28
1.28
1.28
1.28
1.28
1.28
1.28
1.28
1.28
1.28
1.28
1.28
1.28
1.28
1.28
1.28
1.28
1.28
1.28
1.28
1.28
1.28
1.28
1.28
1.28
1.28
1.28
1.28
1.28
1.28
1.28
1.28
1.28
1.28
1.28
1.28
1.28
1.28
1.28
1.28
1.28
1.28
1.28
1.28
1.28
1.28
1.28
1.28
1.28
1.28
1.28
1.28
1.28
1.28
1.28
1.28
1.28
1.28
1.28
1.28
1.28
1.28
1.28
1.28
1.28
1.28
1.28
1.28
1.28
1.28
1.28
1.28
1.28
1.28
1.28
1.28
1.28
1.28
1.28
1.28
1.28
1.28
1.28
1.28
1.28
1.28
1.28
1.28
1.28
1.28
1.28
1.28
1.28
1.28
1.28
1.28
1.28
1.28
1.28
1.28
1.28
1.28
1.28
1.28
1.28
1.28
1.28
1.28
1.28
1.28
1.28
1.28
1.28
1.28
1.28
1.28
1.28
1.28
1.28
1.28
1.28
1.28
1.28
1.28
1.28
1.28
1.28
1.28
1.28
1.28
1.28
1.28
1.28
1.28
1.28
1.28
1.28
1.28
1.28
1.28
1.28
1.28
1.28
1.28
1.28
1.28
1.28
1.28
1.28
1.28
1.28
1.28
1.28
1.28
1.28
1.28
1.28
1.28
1.28
1.28
1.28
1.28
1.28
1.28
1.28
1.28
1.28
1.28
1.28
1.28
1.28
1.28
1.28
1.28
1.28
1.28
1.28
1.28
1.28
1.28
1.28
1.28
1.28
1.28
1.28
1.28
1.28
1.28
1.28
1.28
1.28
1.28
1.28
1.28
1.28
1.28
1.28
1.28
1.28
1.28
1.28
1.28
1.28
1.28
1.28
1.28
1.28
1.28
1.28
1.28
1.28
1.28
1.28
1.28
1.28
1.28
1.28
1.28
1.28
1.28
1.28
1.28
1.28
1.28
1.28
1.28
1.28
1.28
1.28
1.28
1.28
1.28
1.28
1.28
1.28
1.28
1.28
1.28
1.28
1.28
1.28
1.28
1.28
1.28
1.28
1.28
1.28
1.28
1.28
1.28
1.28
1.28
1.28
1.28
1.28
1.28
1.28
1.28
1.28
1.28
1.28
1.28
1.28
1.28
1.28
1.28
1.28
1.28
1.28
1.28
1.28
1.28
1.28
1.28
1.28
1.28
1.28
1.28
1.28
1.28
1.28
1.28
1.28
1.28
1.28
1.28
1.28
1.28
1.28
1.28
1.28
1.28
1.28
1.28
1.28
1.28
1.28
1.28
1.28
1.28
1.28
1.28
1.28
1.28
1.28
1.28
1.28
1.28
1.28
1.28
1.28
1.28
1.28
1.28
1.28
1.28
1.28
1.28
1.28
1.28
1.28
1.28
1.28
1.28
1.28
1.28
1.28
1.28
1.28
1.28
1.28
1.28
1.28
1.28
1.28
1.28
1.28
1.28
1.28
1.28
1.28
1.28
1.28
1.28
1.28
1.28
1.28
1.28
1.28
1.28
1.28
1.28
1.28
1.28
1.28
1.28
1.28
1.28
1.28
1.28
1.28
1.28
1.28
1.28
1.28
1.28
1.28
1.28
1.28
1.28
1.28
1.28
1.28
1.28
1.28
1.28
1.28
1.28
1.28
1.28
1.28
1.28
1.28
1.28
1.28
1.28
1.28
1.28
1.28
1.28
1.28
1.28
1.28
1.28
1.28
1.28
1.28
1.28
1.28
1.28
1.28
1.28
1.28
1.28
1.28
1.28
1.28
1.28
1.28
1.28
1.28
1.28
1.28
1.28
1.28
1.28
1.28
1.28
1.28
1.28
1.28
1.28
1.28
1.28
1.28
1.28
1.28
1.28
1.28
1.28
1.28
1.28
1.28
1.28
1.28
1.28
1.28
1.28
1.28
1.28
1.28
1.28
1.28
1.28
1.28
1.28
1.28
1.28
1.28
1.28
1.28
1.28
1.28
1.28
1.28
1.28
1.28
1.28
1.28
1.28
1.28
1.28
1.28
1.28
1.28
1.28
1.28
1.28
1.28
1.28
1.28
1.28
1.28
1.28
1.28
1.28
1.28
1.28
1.28
1.28
1.28
1.28
1.28
1.28
1.28
1.28
1.28
1.28
1.28
1.28
1.28
1.28
1.28
1.28
1.28
1.28
1.28
1.28
1.28
1.28
1.28
1.28
1.28
1.28
1.28
1.28
1.28
1.28
1.28
1.28
1.28
1.28
1.28
1.28
1.28
1.28
1.28
1.28
1.28
1.28
1.28
1.28
1.28
1.28
1.28
1.28
1.28
1.28
1.28
1.28
1.28
1.28
1.28
1.28
1.28
1.28
1.28
1.28
1.28
1.28
1.28
1.28
1.28
1.28
1.28
1.28
1.28
1.28
1.28
1.28
1.28
1.28
1.28
1.28
1.28
1.28
1.28
1.28
1.28
1.28
1.28
1.28
1.28
1.28
1.28
1.28
1.28
1.28
1.28
1.28
1.28
1.28
1.28
1.28
1.28
1.28
1.28
1.28
1.28
1.28
1.28
1.28
1.28
1.28
1.28
1.28
1.28
1.28
1.28
1.28
1.28
1.28
1.28
1.28
1.28
1.28
1.28
1.28
1.28
1.28
1.28
1.28
1.28
1.28
1.28
1.28
1.28
1.28
1.28
1.28
1.28
1.28
1.28
1.28
1.28
1.28
1.28
1.28
1.28
1.28
1.28
1.28
1.28
1.28
1.28
1.28
1.28
1.28
1.28
1.28
1.28
1.28
1.28
1.28
1.28
1.28
1.28
1.28
1.28
1.28
1.28
1.28
1.28
1.28
1.28
1.28
1.28
1.28
1.28
1.28
1.28
1.28
1.28
1.28
1.28
1.28
1.28
1.28
1.28
1.28
1.28
1.28
1.28
1.28
1.28
1.28
1.28
1.28
1.28
1.28
1.28
1.28
1.28
1.28
1.28
1.28
1.28
1.28
1.28
1.28
1.28
1.28
1.28
1.28
1.28
1.28
1.28
1.28
1.28
1.28
1.28
1.28
1.28
1.28
1.28
1.28
1.28
1.28
1.28
1.28
1.28
1.28
1.28
1.28
1.28
1.28
1.28
1.28
1.28
1.28
1.28
1.28
1.28
1.28
1.28
1.28
1.28
1.28
1.28
1.28
1.28
1.28
1.28
1.28
1.28
1.28
1.28
1.28
1.28
1.28
1.28
1.28
1.28
1.28
1.28
1.28
1.28
1.28
1.28
1.28
1.28
1.28
1.28
1.28
1.28
1.28
1.28
1.28
1.28
1.28
1.28
1.28
1.28
1.28
1.28
1.28
1.28
1.28
1.28
1.28
1.28
1.28
1.28
1.28
1.28
1.28
1.28
1.28
1.28
1.28
1.28
1.28
1.28
1.28
1.28
1.28
1.28
1.28
1.28
1.28
1.28
1.28
1.28
1.28
1.28
1.28
1.28
1.28
1.28
1.28
1.28
1.28
1.28
1.28
1.28
1.28
1.28
1.28
1.28
1.28
1.28
1.28
1.28
1.28
1.28
1.28
1.28
1.28
1.28
1.28
1.28
1.28
1.28
1.28
1.28
1.28
1.28
1.28
1.28
1.28
1.28
1.28
1.28
1.28
1.28
1.28
1.28
1.28
1.28
1.28
1.28
1.28
1.28
1.28
1.28
1.28
1.28
1.28
1.28
1.28
1.28
1.28
1.28
1.28
1.28
1.28
1.28
1.28
1.28
1.28
1.28
1.28
1.28
1.28
1.28
1.28
1.28
1.28
1.28
1.28
1.28
1.28
1.28
1.28
1.28
1.28
1.28
1.28
1.28
1.28
1.28
1.28
1.28
1.28
1.28
1.28
1.28
1.28
1.28
1.28
1.28
1.28
1.28
1.28
1.28
1.28
1.28
1.28
1.28
1.28
1.28
1.28
1.28
1.28
1.28
1.28
1.28
1.28
1.28
1.28
1.28
1.28
1.28
1.28
1.28
1.28
1.28
1.28
1.28
1.28
1.28
1.28
1.28
1.28
1.28
1.28
1.28
1.28
1.28
1.28
1.28
1.28
1.28
1.28
1.28
1.28
1.28
1.28
1.28
1.28
1.28
1.28
1.28
1.28
1.28
1.28
1.28
1.28
1.28
1.28
1.28
1.28
1.28
1.28
1.28
1.28
1.28
1.28
1.28
1.28
1.28
1.28
1.28
1.28
1.28
1.28
1.28
1.28
1.28
1.28
1.28
1.28
1.28
1.28
1.28
1.28
1.28
1.28
1.28
1.28
1.28
1.28
1.28
1.28
1.28
1.28
1.28
1.28
1.28
1.28
1.28
1.28
1.28
1.28
1.28
1.28
1.28
1.28
1.28
1.28
1.28
1.28
1.28
1.28
1.28
1.28
1.28
1.28
1.28
1.28
1.28
1.28
1.28
1.28
1.28
1.28
1.28
1.28
1.28
1.28
1.28
1.28
1.28
1.28
1.28
1.28
1.28
1.28
1.28
1.28
1.28
1.28
1.28
1.28
1.28
1.28
1.28
1.28
1.28
1.28
1.28
1.28
1.28
1.28
1.28
1.28
1.28
1.28
1.28
1.28
1.28
1.28
1.28
1.28
1.28
1.28
1.28
1.28
1.28
1.28
1.28
1.28
1.28
1.28
1.28
1.28
1.28
1.28
1.28
1.28
1.28
1.28
1.28
1.28
1.28
1.28
1.28
1.28
1.28
1.28
1.28
1.28
1.28
1.28
1.28
1.28
1.28
1.28
1.28
1.28
1.28
1.28
1.28
1.28
1.28
1.28
1.28
1.28
1.28
1.28
1.28
1.28
1.28
1.28
1.28
1.28
1.28
1.28
1.28
1.28
1.28
1.28
1.28
1.28
1.28
1.28
1.28
1.28
1.28
1.28
1.28
1.28
1.28
1.28
1.28
1.28
1.28
1.28
1.28
1.28
1.28
1.28
1.28
1.28
1.28
1.28
1.28
1.28
1.28
1.28
1.28
1.28
1.28
1.28
1.28
1.28
1.28
1.28
1.28
1.28
1.28
1.28
1.28
1.28
1.28
1.28
1.28
1.28
1.28
1.28
1.28
1.28
1.28
1.28
1.28
1.28
1.28
1.28
1.28
1.28
1.28
1.28
1.28
1.28
1.28
1.28
1.28
1.28
1.28
1.28
1.28
1.28
1.28
1.28
1.28
1.28
1.28
1.28
1.28
1.28
1.28
1.28
1.28
1.28
1.28
1.28
1.28
1.28
1.28
1.28
1.28
1.28
1.28
1.28
1.28
1.28
1.28
1.28
1.28
1.28
1.28
1.28
1.28
1.28
1.28
1.28
1.28
1.28
1.28
1.28
1.28
1.28
1.28
1.28
1.28
1.28
1.28
1.28
1.28
1.28
1.28
1.28
1.28
1.28
1.28
1.28
1.28
1.28
1.28
1.28
1.28
1.28
1.28
1.28
1.28
1.28
1.28
1.28
1.28
1.28
1.28
1.28
1.28
1.28
1.28
1.28
1.28
1.28
1.28
1.28
1.28
1.28
1.28
1.28
1.28
1.28
1.28
1.28
1.28
1.28
1.28
1.28
1.28
1.28
1.28
1.28
1.28
1.28
1.28
1.28
1.28
1.28
1.28
1.28
1.28
1.28
1.28
1.28
1.28
1.28
1.28
1.28
1.28
1.28
1.28
1.28
1.28
1.28
1.28
1.28
1.28
1.28
1.28
1.28
1.28
1.28
1.28
1.28
1.28
1.28
1.28
1.28
1.28
1.28
1.28
1.28
1.28
1.28
1.28
1.28
1.28
1.28
1.28
1.28
1.28
1.28
1.28
1.28
1.28
1.28
1.28
1.28
1.28
1.28
1.28
1.28
1.28
1.28
1.28
1.28
1.28
1.28
1.28
1.28
1.28
1.28
1.28
1.28
1.28001
1.28
1.28
1.28
1.28
1.28
1.28
1.28
1.28
1.28
1.28
1.28
1.28
1.28
1.28
1.28
1.28
1.28
1.28
1.28
1.28
1.28
1.28
1.28
1.28
1.28
1.28
1.28
1.28
1.28
1.28
1.28
1.28
1.28
1.28
1.28
1.28
1.28
1.28
1.28
1.28
1.28
1.28
1.28
1.28
1.28
1.28
1.28
1.28
1.28
1.28
1.28
1.28
1.28
1.28
1.28
1.28
1.28
1.28
1.28
1.28
1.28
1.28
1.28
1.28
1.28
1.28
1.28
1.28
1.28
1.28
1.28
1.28
1.28
1.28
1.28
1.28
1.28
1.28
1.28
1.28
1.28
1.28
1.28
1.28
1.28
1.28
1.28
1.28
1.28
1.28
1.28
1.28
1.28
1.28
1.28
1.28
1.28
1.28
1.28
1.28001
1.28
1.28
1.28
1.28
1.28
1.28
1.28
1.28
1.28
1.28
1.28
1.28
1.28
1.28
1.28
1.28
1.28
1.28
1.28
1.28
1.28
1.28
1.28
1.28
1.28
1.28
1.28
1.28
1.28
1.28
1.28
1.28
1.28
1.28
1.28
1.28
1.28
1.28
1.28
1.28
1.28
1.28
1.28
1.28
1.28
1.28
1.28
1.28
1.28
1.28
1.28
1.28
1.28
1.28
1.28
1.28
1.28
1.28
1.28
1.28
1.28
1.28
1.28
1.28
1.28
1.28
1.28
1.28
1.28
1.28
1.28
1.28
1.28
1.28
1.28
1.28
1.28
1.28
1.28
1.28
1.28
1.28
1.28
1.28
1.28
1.28
1.28
1.28
1.28
1.28
1.28
1.28
1.28
1.28
1.28
1.28
1.28
1.28
1.28
1.28001
1.28
1.28
1.28
1.28
1.28
1.28
1.28
1.28
1.28
1.28
1.28
1.28
1.28
1.28
1.28
1.28
1.28
1.28
1.28
1.28
1.28
1.28
1.28
1.28
1.28
1.28
1.28
1.28
1.28
1.28
1.28
1.28
1.28
1.28
1.28
1.28
1.28
1.28
1.28
1.28
1.28
1.28
1.28
1.28
1.28
1.28
1.28
1.28
1.28
1.28
1.28
1.28
1.28
1.28
1.28
1.28
1.28
1.28
1.28
1.28
1.28
1.28
1.28
1.28
1.28
1.28
1.28
1.28
1.28
1.28
1.28
1.28
1.28
1.28
1.28
1.28
1.28
1.28
1.28
1.28
1.28
1.28
1.28
1.28
1.28
1.28
1.28
1.28
1.28
1.28
1.28
1.28
1.28
1.28
1.28
1.28
1.28
1.28
1.28
1.28001
1.28
1.28
1.28
1.28
1.28
1.28
1.28
1.28
1.28
1.28
1.28
1.28
1.28
1.28
1.28
1.28
1.28
1.28
1.28
1.28
1.28
1.28
1.28
1.28
1.28
1.28
1.28
1.28
1.28
1.28
1.28
1.28
1.28
1.28
1.28
1.28
1.28
1.28
1.28
1.28
1.28
1.28
1.28
1.28
1.28
1.28
1.28
1.28
1.28
1.28
1.28
1.28
1.28
1.28
1.28
1.28
1.28
1.28
1.28
1.28
1.28
1.28
1.28
1.28
1.28
1.28
1.28
1.28
1.28
1.28
1.28
1.28
1.28
1.28
1.28
1.28
1.28
1.28
1.28
1.28
1.28
1.28
1.28
1.28
1.28
1.28
1.28
1.28
1.28
1.28
1.28
1.28
1.28
1.28
1.28
1.28
1.28
1.28
1.28
1.28001
1.28
1.28
1.28
1.28
1.28
1.28
1.28
1.28
1.28
1.28
1.28
1.28
1.28
1.28
1.28
1.28
1.28
1.28
1.28
1.28
1.28
1.28
1.28
1.28
1.28
1.28
1.28
1.28
1.28
1.28
1.28
1.28
1.28
1.28
1.28
1.28
1.28
1.28
1.28
1.28
1.28
1.28
1.28
1.28
1.28
1.28
1.28
1.28
1.28
1.28
1.28
1.28
1.28
1.28
1.28
1.28
1.28
1.28
1.28
1.28
1.28
1.28
1.28
1.28
1.28
1.28
1.28
1.28
1.28
1.28
1.28
1.28
1.28
1.28
1.28
1.28
1.28
1.28
1.28
1.28
1.28
1.28
1.28
1.28
1.28
1.28
1.28
1.28
1.28
1.28
1.28
1.28
1.28
1.28
1.28
1.28
1.28
1.28
1.28
1.28001
1.28
1.28
1.28
1.28
1.28
1.28
1.28
1.28
1.28
1.28
1.28
1.28
1.28
1.28
1.28
1.28
1.28
1.28
1.28
1.28
1.28
1.28
1.28
1.28
1.28
1.28
1.28
1.28
1.28
1.28
1.28
1.28
1.28
1.28
1.28
1.28
1.28
1.28
1.28
1.28
1.28
1.28
1.28
1.28
1.28
1.28
1.28
1.28
1.28
1.28
1.28
1.28
1.28
1.28
1.28
1.28
1.28
1.28
1.28
1.28
1.28
1.28
1.28
1.28
1.28
1.28
1.28
1.28
1.28
1.28
1.28
1.28
1.28
1.28
1.28
1.28
1.28
1.28
1.28
1.28
1.28
1.28
1.28
1.28
1.28
1.28
1.28
1.28
1.28
1.28
1.28
1.28
1.28
1.28
1.28
1.28
1.28
1.28
1.28
1.28001
1.28
1.28
1.28
1.28
1.28
1.28
1.28
1.28
1.28
1.28
1.28
1.28
1.28
1.28
1.28
1.28
1.28
1.28
1.28
1.28
1.28
1.28
1.28
1.28
1.28
1.28
1.28
1.28
1.28
1.28
1.28
1.28
1.28
1.28
1.28
1.28
1.28
1.28
1.28
1.28
1.28
1.28
1.28
1.28
1.28
1.28
1.28
1.28
1.28
1.28
1.28
1.28
1.28
1.28
1.28
1.28
1.28
1.28
1.28
1.28
1.28
1.28
1.28
1.28
1.28
1.28
1.28
1.28
1.28
1.28
1.28
1.28
1.28
1.28
1.28
1.28
1.28
1.28
1.28
1.28
1.28
1.28
1.28
1.28
1.28
1.28
1.28
1.28
1.28
1.28
1.28
1.28
1.28
1.28
1.28
1.28
1.28
1.28
1.28
1.28001
1.28
1.28
1.28
1.28
1.28
1.28
1.28
1.28
1.28
1.28
1.28
1.28
1.28
1.28
1.28
1.28
1.28
1.28
1.28
1.28
1.28
1.28
1.28
1.28
1.28
1.28
1.28
1.28
1.28
1.28
1.28
1.28
1.28
1.28
1.28
1.28
1.28
1.28
1.28
1.28
1.28
1.28
1.28
1.28
1.28
1.28
1.28
1.28
1.28
1.28
1.28
1.28
1.28
1.28
1.28
1.28
1.28
1.28
1.28
1.28
1.28
1.28
1.28
1.28
1.28
1.28
1.28
1.28
1.28
1.28
1.28
1.28
1.28
1.28
1.28
1.28
1.28
1.28
1.28
1.28
1.28
1.28
1.28
1.28
1.28
1.28
1.28
1.28
1.28
1.28
1.28
1.28
1.28
1.28
1.28
1.28
1.28
1.28
1.28
1.28
1.28
1.28
1.28
1.28
1.28
1.28
1.28
1.28
1.28
1.28
1.28
1.28
1.28
1.28
1.28
1.28
1.28
1.28
1.28
1.28
1.28
1.28
1.28
1.28
1.28
1.28
1.28
1.28
1.28
1.28
1.28
1.28
1.28
1.28
1.28
1.28
1.28
1.28
1.28
1.28
1.28
1.28
1.28
1.28
1.28
1.28
1.28
1.28
1.28
1.28
1.28
1.28
1.28
1.28
1.28
1.28
1.28
1.28
1.28
1.28
1.28
1.28
1.28
1.28
1.28
1.28
1.28
1.28
1.28
1.28
1.28
1.28
1.28
1.28
1.28
1.28
1.28
1.28
1.28
1.28
1.28
1.28
1.28
1.28
1.28
1.28
1.28
1.28
1.28
1.28
1.28
1.28
1.28
1.28
1.28
1.28
1.28
1.28
1.28
1.28
1.28
1.28
1.28
1.28
1.28
1.28
1.28
1.28
1.28
1.28
1.28
1.28
1.28
1.28
1.28
1.28
1.28
1.28
1.28
1.28
1.28
1.28
1.28
1.28
1.28
1.28
1.28
1.28
1.28
1.28
1.28
1.28
1.28
1.28
1.28
1.28
1.28
1.28
1.28
1.28
1.28
1.28
1.28
1.28
1.28
1.28
1.28
1.28
1.28
1.28
1.28
1.28
1.28
1.28
1.28
1.28
1.28
1.28
1.28
1.28
1.28
1.28
1.28
1.28
1.28
1.28
1.28
1.28
1.28
1.28
1.28
1.28
1.28
1.28
1.28
1.28
1.28
1.28
1.28
1.28
1.28
1.28
1.28
1.28
1.28
1.28
1.28
1.28
1.28
1.28
1.28
1.28
1.28
1.28
1.28
1.28
1.28
1.28
1.28
1.28
1.28
1.28
1.28
1.28
1.28
1.28
1.28
1.28
1.28
1.28
1.28
1.28
1.28
1.28
1.28
1.28
1.28
1.28
1.28
1.28
1.28
1.28
1.28
1.28
1.28
1.28
1.28
1.28
1.28
1.28
1.28
1.28
1.28
1.28
1.28
1.28
1.28
1.28
1.28
1.28
1.28
1.28
1.28
1.28
1.28
1.28
1.28
1.28
1.28
1.28
1.28
1.28
1.28
1.28
1.28
1.28
1.28
1.28
1.28
1.28
1.28
1.28
1.28
1.28
1.28
1.28
1.28
1.28
1.28
1.28
1.28
1.28
1.28
1.28
1.28
1.28
1.28
1.28
1.28
1.28
1.28
1.28
1.28
1.28
1.28
1.28
1.28
1.28
1.28
1.28
1.28
1.28
1.28
1.28
1.28
1.28
1.28
1.28
1.28
1.28
1.28
1.28
1.28
1.28
1.28
1.28
1.28
1.28
1.28
1.28
1.28
1.28
1.28
1.28
1.28
1.28
1.28
1.28
1.28
1.28
1.28
1.28
1.28
1.28
1.28
1.28
1.28
1.28
1.28
1.28
1.28
1.28
1.28
1.28
1.28
1.28
1.28
1.28
1.28
1.28
1.28
1.28
1.28
1.28
1.28
1.28
1.28
1.28
1.28
1.28
1.28
1.28
1.28
1.28
1.28
1.28
1.28
1.28
1.28
1.28
1.28
1.28
1.28
1.28
1.28
1.28
1.28
1.28
1.28
1.28
1.28
1.28
1.28
1.28
1.28
1.28
1.28
1.28
1.28
1.28
1.28
1.28
1.28
1.28
1.28
1.28
1.28
1.28
1.28
1.28
1.28
1.28
1.28
1.28
1.28
1.28
1.28
1.28
1.28
1.28
1.28
1.28
1.28
1.28
1.28
1.28
1.28
1.28
1.28
1.28
1.28
1.28
1.28
1.28
1.28
1.28
1.28
1.28
1.28
1.28
1.28
1.28
1.28
1.28
1.28
1.28
1.28
1.28
1.28
1.28
1.28
1.28
1.28
1.28
1.28
1.28
1.28
1.28
1.28
1.28
1.28
1.28
1.28
1.28
1.28
1.28
1.28
1.28
1.28
1.28
1.28
1.28
1.28
1.28
1.28
1.28
1.28
1.28
1.28
1.28
1.28
1.28
1.28
1.28
1.28
1.28
1.28
1.28
1.28
1.28
1.28
1.28
1.28
1.28
1.28
1.28
1.28
1.28
1.28
1.28
1.28
1.28
1.28
1.28
1.28
1.28
1.28
1.28
1.28
1.28
1.28
1.28
1.28
1.28
1.28
1.28
1.28
1.28
1.28
1.28
1.28
1.28
1.28
1.28
1.28
1.28
1.28
1.28
1.28
1.28
1.28
1.28
1.28
1.28
1.28
1.28
1.28
1.28
1.28
1.28
1.28
1.28
1.28
1.28
1.28
1.28
1.28
1.28
1.28
1.28
1.28
1.28
1.28
1.28
1.28
1.28
1.28
1.28
1.28
1.28
1.28
1.28
1.28
1.28
1.28
1.28
1.28
1.28
1.28
1.28
1.28
1.28
1.28
1.28
1.28
1.28
1.28
1.28
1.28
1.28
1.28
1.28
1.28
1.28
1.28
1.28
1.28
1.28
1.28
1.28
1.28
1.28
1.28
1.28
1.28
1.28
1.28
1.28
1.28
1.28
1.28
1.28
1.28
1.28
1.28
1.28
1.28
1.28
1.28
1.28
1.28
1.28
1.28
1.28
1.28
1.28
1.28
1.28
1.28
1.28
1.28
1.28
1.28
1.28
1.28
1.28
1.28
1.28
1.28
1.28
1.28
1.28
1.28
1.28
1.28
1.28
1.28
1.28
1.28
1.28
1.28
1.28
1.28
1.28
1.28
1.28
1.28
1.28
1.28
1.28
1.28
1.28
1.28
1.28
1.28
1.28
1.28
1.28
1.28
1.28
1.28
1.28
1.28
1.28
1.28
1.28
1.28
1.28
1.28
1.28
1.28
1.28
1.28
1.28
1.28
1.28
1.28
1.28
1.28
1.28
1.28
1.28
1.28
1.28
1.28
1.28
1.28
1.28
1.28
1.28
1.28
1.28
1.28
1.28
1.28
1.28
1.28
1.28
1.28
1.28
1.28
1.28
1.28
1.28
1.28
1.28
1.28
1.28
1.28
1.28
1.28
1.28
1.28
1.28
1.28
1.28
1.28
1.28
1.28
1.28
1.28
1.28
1.28
1.28
1.28
1.28
1.28
1.28
1.28
1.28
1.28
1.28
1.28
1.28
1.28
1.28
1.28
1.28
1.28
1.28
1.28
1.28
1.28
1.28
1.28
1.28
1.28
1.28
1.28
1.28
1.28
1.28
1.28
1.28
1.28
1.28
1.28
1.28
1.28
1.28
1.28
1.28
1.28
1.28
1.28
1.28
1.28
1.28
1.28
1.28
1.28
1.28
1.28
1.28
1.28
1.28
1.28
1.28
1.28
1.28
1.28
1.28
1.28
1.28
1.28
1.28
1.28
1.28
1.28
1.28
1.28
1.28
1.28
1.28
1.28
1.28
1.28
1.28
1.28
1.28
1.28
1.28
1.28
1.28
1.28
1.28
1.28
1.28
1.28
1.28
1.28
1.28
1.28
1.28
1.28
1.28
1.28
1.28
1.28
1.28
1.28
1.28
1.28
1.28
1.28
1.28
1.28
1.28
1.28
1.28
1.28
1.28
1.28
1.28
1.28
1.28
1.28
1.28
1.28
1.28
1.28
1.28
1.28
1.28
1.28
1.28
1.28
1.28
1.28
1.28
1.28
1.28
1.28
1.28
1.28
1.28
1.28
1.28
1.28
1.28
1.28
1.28
1.28
1.28
1.28
1.28
1.28
1.28
1.28
1.28
1.28
1.28
1.28
1.28
1.28
1.28
1.28
1.28
1.28
1.28
1.28
1.28
1.28
1.28
1.28
1.28
1.28
1.28
1.28
1.28
1.28
1.28
1.28
1.28
1.28
1.28
1.28
1.28
1.28
1.28
1.28
1.28
1.28
1.28
1.28
1.28
1.28
1.28
1.28
1.28
1.28
1.28
1.28
1.28
1.28
1.28
1.28
1.28
1.28
1.28
1.28
1.28
1.28
1.28
1.28
1.28
1.28
1.28
1.28
1.28
1.28
1.28
1.28
1.28
1.28
1.28
1.28
1.28
1.28
1.28
1.28
1.28
1.28
1.28
1.28
1.28
1.28
1.28
1.28
1.28
1.28
1.28
1.28
1.28
1.28
1.28
1.28
1.28
1.28
1.28
1.28
1.28
1.28
1.28
1.28
1.28
1.28
1.28
1.28
1.28
1.28
1.28
1.28
1.28
1.28
1.28
1.28
1.28
1.28
1.28
1.28
1.28
1.28
1.28
1.28
1.28
1.28
1.28
1.28
1.28
1.28
1.28
1.28
1.28
1.28
1.28
1.28
1.28
1.28
1.28
1.28
1.28
1.28
1.28
1.28
1.28
1.28
1.28
1.28
1.28
1.28
1.28
1.28
1.28
1.28
1.28
1.28
1.28
1.28
1.28
1.28
1.28
1.28
1.28
1.28
1.28
1.28
1.28
1.28
1.28
1.28
1.28
1.28
1.28
1.28
1.28
1.28
1.28
1.28
1.28
1.28
1.28
1.28
1.28
1.28
1.28
1.28
1.28
1.28
1.28
1.28
1.28
1.28
1.28
1.28
1.28
1.28
1.28
1.28
1.28
1.28
1.28
1.28
1.28
1.28
1.28
1.28
1.28
1.28
1.28
1.28
1.28
1.28
1.28
1.28
1.28
1.28
1.28
1.28
1.28
1.28
1.28
1.28
1.28
1.28
1.28
1.28
1.28
1.28
1.28
1.28
1.28
1.28
1.28
1.28
1.28
1.28
1.28
1.28
1.28
1.28
1.28
1.28
1.28
1.28
1.28
1.28
1.28
1.28
1.28
1.28
1.28
1.28
1.28
1.28
1.28
1.28
1.28
1.28
1.28
1.28
1.28
1.28
1.28
1.28
1.28
1.28
1.28
1.28
1.28
1.28
1.28
1.28
1.28
1.28
1.28
1.28
1.28
1.28
1.28
1.28
1.28
1.28
1.28
1.28
1.28
1.28
1.28
1.28
1.28
1.28
1.28
1.28
1.28
1.28
1.28
1.28
1.28
1.28
1.28
1.28
1.28
1.28
1.28
1.28
1.28
1.28
1.28
1.28
1.28
1.28
1.28
1.28
1.28
1.28
1.28
1.28
1.28
1.28
1.28
1.28
1.28
1.28
1.28
1.28
1.28
1.28
1.28
1.28
1.28
1.28
1.28
1.28
1.28
1.28
1.28
1.28
1.28
1.28
1.28
1.28
1.28
1.28
1.28
1.28
1.28
1.28
1.28
1.28
1.28
1.28
1.28
1.28
1.28
1.28
1.28
1.28
1.28
1.28
1.28
1.28
1.28
1.28
1.28
1.28
1.28
1.28
1.28
1.28
1.28
1.28
1.28
1.28
1.28
1.28
1.28
1.28
1.28
1.28
1.28
1.28
1.28
1.28
1.28
1.28
1.28
1.28
1.28
1.28
1.28
1.28
1.28
1.28
1.28
1.28
1.28
1.28
1.28
1.28
1.28
1.28
1.28
1.28
1.28
1.28
1.28
1.28
1.28
1.28
1.28
1.28
1.28
1.28
1.28
1.28
1.28
1.28
1.28
1.28
1.28
1.28
1.28
1.28
1.28
1.28
1.28
1.28
1.28
1.28
1.28
1.28
1.28
1.28
1.28
1.28
1.28
1.28
1.28
1.28
1.28
1.28
1.28
1.28
1.28
1.28
1.28
1.28
1.28
1.28
1.28
1.28
1.28
1.28
1.28
1.28
1.28
1.28
1.28
1.28
1.28
1.28
1.28
1.28
1.28
1.28
1.28
1.28
1.28
1.28
1.28
1.28
1.28
1.28
1.28
1.28
1.28
1.28
1.28
1.28
1.28
1.28
1.28
1.28
1.28
1.28
1.28
1.28
1.28
1.28
1.28
1.28
1.28
1.28
1.28
1.28
1.28
1.28
1.28
1.28
1.28
1.28
1.28
1.28
1.28
1.28
1.28
1.28
1.28
1.28
1.28
1.28
1.28
1.28
1.28
1.28
1.28
1.28
1.28
1.28
1.28
1.28
1.28
1.28
1.28
1.28
1.28
1.28
1.28
1.28
1.28
1.28
1.28
1.28
1.28
1.28
1.28
1.28
1.28
1.28
1.28
1.28
1.28
1.28
1.28
1.28
1.28
1.28
1.28
1.28
1.28
1.28
1.28
1.28
1.28
1.28
1.28
1.28
1.28
1.28
1.28
1.28
1.28
1.28
1.28
1.28
1.28
1.28
1.28
1.28
1.28
1.28
1.28
1.28
1.28
1.28
1.28
1.28
1.28
1.28
1.28
1.28
1.28
1.28
1.28
1.28
1.28
1.28
1.28
1.28
1.28
1.28
1.28
1.28
1.28
1.28
1.28
1.28
1.28
1.28
1.28
1.28
1.28
1.28
1.28
1.28
1.28
1.28
1.28
1.28
1.28
1.28
1.28
1.28
1.28
1.28
1.28
1.28
1.28
1.28
1.28
1.28
1.28
1.28
1.28
1.28
1.28
1.28
1.28
1.28
1.28
1.28
1.28
1.28
1.28
1.28
1.28
1.28
1.28
1.28
1.28
1.28
1.28
1.28
1.28
1.28
1.28
1.28
1.28
1.28
1.28
1.28001
1.28001
1.28001
1.28001
1.28001
1.28001
1.28001
1.28001
1.28001
1.28001
9.14753
1.28244
1.27998
1.28
1.28
1.28
1.28
1.28
1.28
1.28
9.17931
1.29443
1.28
1.28
1.28
1.28
1.28
1.28
1.28
1.28
9.19934
1.29834
1.28001
1.28
1.28
1.28
1.28
1.28
1.28
1.28
9.20752
1.29908
1.28001
1.28
1.28
1.28
1.28
1.28
1.28
1.28
9.21133
1.29933
1.28001
1.28
1.28
1.28
1.28
1.28
1.28
1.28
9.21281
1.29932
1.28001
1.28
1.28
1.28
1.28
1.28
1.28
1.28
9.21245
1.29913
1.28001
1.28
1.28
1.28
1.28
1.28
1.28
1.28
9.20924
1.29845
1.28001
1.28
1.28
1.28
1.28
1.28
1.28
1.28
9.19866
1.29476
1.28
1.28
1.28
1.28
1.28
1.28
1.28
1.28
9.17799
1.28347
1.27998
1.28
1.28
1.28
1.28
1.28
1.28
1.28
9.17762
1.29439
1.28
1.28
1.28
1.28
1.28
1.28
1.28
1.28
9.19836
1.30079
1.28001
1.28
1.28
1.28
1.28
1.28
1.28
1.28
9.20923
1.30222
1.28002
1.28
1.28
1.28
1.28
1.28
1.28
1.28
9.21388
1.30231
1.28002
1.28
1.28
1.28
1.28
1.28
1.28
1.28
9.21612
1.30234
1.28002
1.28
1.28
1.28
1.28
1.28
1.28
1.28
9.21681
1.30234
1.28002
1.28
1.28
1.28
1.28
1.28
1.28
1.28
9.21614
1.30233
1.28002
1.28
1.28
1.28
1.28
1.28
1.28
1.28
9.21362
1.30224
1.28002
1.28
1.28
1.28
1.28
1.28
1.28
1.28
9.20635
1.30083
1.28001
1.28
1.28
1.28
1.28
1.28
1.28
1.28
9.19119
1.2946
1.28
1.28
1.28
1.28
1.28
1.28
1.28
1.28
9.1961
1.2983
1.28001
1.28
1.28
1.28
1.28
1.28
1.28
1.28
9.20784
1.30221
1.28002
1.28
1.28
1.28
1.28
1.28
1.28
1.28
9.2137
1.3028
1.28002
1.28
1.28
1.28
1.28
1.28
1.28
1.28
9.21636
1.30275
1.28002
1.28
1.28
1.28
1.28
1.28
1.28
1.28
9.21761
1.30273
1.28002
1.28
1.28
1.28
1.28
1.28
1.28
1.28
9.21774
1.30273
1.28002
1.28
1.28
1.28
1.28
1.28
1.28
1.28
9.21681
1.30276
1.28002
1.28
1.28
1.28
1.28
1.28
1.28
1.28
9.21456
1.3028
1.28002
1.28
1.28
1.28
1.28
1.28
1.28
1.28
9.20936
1.30221
1.28002
1.28
1.28
1.28
1.28
1.28
1.28
1.28
9.19858
1.29829
1.28001
1.28
1.28
1.28
1.28
1.28
1.28
1.28
9.20288
1.29903
1.28001
1.28
1.28
1.28
1.28
1.28
1.28
1.28
9.21138
1.3023
1.28002
1.28
1.28
1.28
1.28
1.28
1.28
1.28
9.21542
1.30274
1.28002
1.28
1.28
1.28
1.28
1.28
1.28
1.28
9.21724
1.30271
1.28002
1.28
1.28
1.28
1.28
1.28
1.28
1.28
9.218
1.30269
1.28002
1.28
1.28
1.28
1.28
1.28
1.28
1.28
9.21782
1.30269
1.28002
1.28
1.28
1.28
1.28
1.28
1.28
1.28
9.21666
1.30271
1.28002
1.28
1.28
1.28
1.28
1.28
1.28
1.28
9.2144
1.30274
1.28002
1.28
1.28
1.28
1.28
1.28
1.28
1.28
9.20985
1.30229
1.28002
1.28
1.28
1.28
1.28
1.28
1.28
1.28
9.2007
1.29899
1.28001
1.28
1.28
1.28
1.28
1.28
1.28
1.28
9.2053
1.29926
1.28001
1.28
1.28
1.28
1.28
1.28
1.28
1.28
9.21275
1.30232
1.28002
1.28
1.28
1.28
1.28
1.28
1.28
1.28
9.21614
1.30272
1.28002
1.28
1.28
1.28
1.28
1.28
1.28
1.28
9.21763
1.30269
1.28002
1.28
1.28
1.28
1.28
1.28
1.28
1.28
9.21817
1.30267
1.28002
1.28
1.28
1.28
1.28
1.28
1.28
1.28
9.21782
1.30267
1.28002
1.28
1.28
1.28
1.28
1.28
1.28
1.28
9.21656
1.30267
1.28002
1.28
1.28
1.28
1.28
1.28
1.28
1.28
9.21427
1.30269
1.28002
1.28
1.28
1.28
1.28
1.28
1.28
1.28
9.20993
1.30229
1.28002
1.28
1.28
1.28
1.28
1.28
1.28
1.28
9.2013
1.29919
1.28001
1.28
1.28
1.28
1.28
1.28
1.28
1.28
9.2053
1.29926
1.28001
1.28
1.28
1.28
1.28
1.28
1.28
1.28
9.21275
1.30232
1.28002
1.28
1.28
1.28
1.28
1.28
1.28
1.28
9.21614
1.30272
1.28002
1.28
1.28
1.28
1.28
1.28
1.28
1.28
9.21763
1.30269
1.28002
1.28
1.28
1.28
1.28
1.28
1.28
1.28
9.21817
1.30267
1.28002
1.28
1.28
1.28
1.28
1.28
1.28
1.28
9.21782
1.30267
1.28002
1.28
1.28
1.28
1.28
1.28
1.28
1.28
9.21656
1.30267
1.28002
1.28
1.28
1.28
1.28
1.28
1.28
1.28
9.21427
1.30269
1.28002
1.28
1.28
1.28
1.28
1.28
1.28
1.28
9.20993
1.30229
1.28002
1.28
1.28
1.28
1.28
1.28
1.28
1.28
9.2013
1.29919
1.28001
1.28
1.28
1.28
1.28
1.28
1.28
1.28
9.20288
1.29903
1.28001
1.28
1.28
1.28
1.28
1.28
1.28
1.28
9.21138
1.3023
1.28002
1.28
1.28
1.28
1.28
1.28
1.28
1.28
9.21542
1.30274
1.28002
1.28
1.28
1.28
1.28
1.28
1.28
1.28
9.21724
1.30271
1.28002
1.28
1.28
1.28
1.28
1.28
1.28
1.28
9.218
1.30269
1.28002
1.28
1.28
1.28
1.28
1.28
1.28
1.28
9.21782
1.30269
1.28002
1.28
1.28
1.28
1.28
1.28
1.28
1.28
9.21666
1.30271
1.28002
1.28
1.28
1.28
1.28
1.28
1.28
1.28
9.2144
1.30274
1.28002
1.28
1.28
1.28
1.28
1.28
1.28
1.28
9.20985
1.30229
1.28002
1.28
1.28
1.28
1.28
1.28
1.28
1.28
9.2007
1.29899
1.28001
1.28
1.28
1.28
1.28
1.28
1.28
1.28
9.1961
1.2983
1.28001
1.28
1.28
1.28
1.28
1.28
1.28
1.28
9.20784
1.30221
1.28002
1.28
1.28
1.28
1.28
1.28
1.28
1.28
9.2137
1.3028
1.28002
1.28
1.28
1.28
1.28
1.28
1.28
1.28
9.21636
1.30275
1.28002
1.28
1.28
1.28
1.28
1.28
1.28
1.28
9.21761
1.30273
1.28002
1.28
1.28
1.28
1.28
1.28
1.28
1.28
9.21774
1.30273
1.28002
1.28
1.28
1.28
1.28
1.28
1.28
1.28
9.21681
1.30276
1.28002
1.28
1.28
1.28
1.28
1.28
1.28
1.28
9.21456
1.3028
1.28002
1.28
1.28
1.28
1.28
1.28
1.28
1.28
9.20936
1.30221
1.28002
1.28
1.28
1.28
1.28
1.28
1.28
1.28
9.19858
1.29829
1.28001
1.28
1.28
1.28
1.28
1.28
1.28
1.28
9.17763
1.29439
1.28
1.28
1.28
1.28
1.28
1.28
1.28
1.28
9.19836
1.30079
1.28001
1.28
1.28
1.28
1.28
1.28
1.28
1.28
9.20923
1.30222
1.28002
1.28
1.28
1.28
1.28
1.28
1.28
1.28
9.21388
1.30231
1.28002
1.28
1.28
1.28
1.28
1.28
1.28
1.28
9.21612
1.30234
1.28002
1.28
1.28
1.28
1.28
1.28
1.28
1.28
9.21681
1.30234
1.28002
1.28
1.28
1.28
1.28
1.28
1.28
1.28
9.21614
1.30233
1.28002
1.28
1.28
1.28
1.28
1.28
1.28
1.28
9.21362
1.30224
1.28002
1.28
1.28
1.28
1.28
1.28
1.28
1.28
9.20635
1.30083
1.28001
1.28
1.28
1.28
1.28
1.28
1.28
1.28
9.19119
1.2946
1.28
1.28
1.28
1.28
1.28
1.28
1.28
1.28
9.14752
1.28244
1.27998
1.28
1.28
1.28
1.28
1.28
1.28
1.28
9.17931
1.29443
1.28
1.28
1.28
1.28
1.28
1.28
1.28
1.28
9.19934
1.29834
1.28001
1.28
1.28
1.28
1.28
1.28
1.28
1.28
9.20752
1.29908
1.28001
1.28
1.28
1.28
1.28
1.28
1.28
1.28
9.21133
1.29933
1.28001
1.28
1.28
1.28
1.28
1.28
1.28
1.28
9.21281
1.29932
1.28001
1.28
1.28
1.28
1.28
1.28
1.28
1.28
9.21245
1.29913
1.28001
1.28
1.28
1.28
1.28
1.28
1.28
1.28
9.20924
1.29845
1.28001
1.28
1.28
1.28
1.28
1.28
1.28
1.28
9.19866
1.29476
1.28
1.28
1.28
1.28
1.28
1.28
1.28
1.28
9.17799
1.28347
1.27998
1.28
1.28
1.28
1.28
1.28
1.28
1.28
1.27824
1.27991
1.27993
1.27995
1.27996
1.27996
1.27997
1.27998
1.27999
1.2803
1.27842
1.27992
1.27994
1.27995
1.27995
1.27996
1.27996
1.27996
1.27997
1.28026
1.27859
1.27993
1.27994
1.27995
1.27995
1.27996
1.27996
1.27996
1.27997
1.28024
1.27876
1.27994
1.27995
1.27995
1.27996
1.27996
1.27996
1.27996
1.27997
1.28022
1.27894
1.27994
1.27995
1.27995
1.27996
1.27996
1.27996
1.27996
1.27997
1.28019
1.27912
1.27994
1.27995
1.27996
1.27996
1.27996
1.27996
1.27996
1.27997
1.28016
1.2793
1.27995
1.27995
1.27996
1.27996
1.27996
1.27996
1.27996
1.27996
1.28013
1.27948
1.27995
1.27996
1.27996
1.27996
1.27996
1.27996
1.27996
1.27996
1.28008
1.27967
1.27995
1.27996
1.27996
1.27996
1.27996
1.27996
1.27996
1.27996
1.28004
1.27985
1.27995
1.27994
1.27994
1.27993
1.27993
1.27992
1.27992
1.27991
1.27994
1.27875
1.28002
1.28003
1.28002
1.28002
1.28002
1.28002
1.28002
1.28002
1.28003
1.27887
1.28002
1.28002
1.28002
1.28002
1.28002
1.28002
1.28001
1.28001
1.28002
1.27899
1.28001
1.28001
1.28001
1.28001
1.28001
1.28001
1.28001
1.28001
1.28002
1.27911
1.28
1.28001
1.28001
1.28001
1.28001
1.28001
1.28001
1.28001
1.28002
1.27923
1.28
1.28
1.28001
1.28001
1.28001
1.28001
1.28001
1.28001
1.28002
1.27936
1.28
1.28
1.28
1.28
1.28
1.28
1.28
1.28
1.28002
1.27949
1.27999
1.28
1.28
1.28
1.28
1.28
1.28
1.28
1.28001
1.27963
1.27999
1.27999
1.27999
1.28
1.28
1.28
1.28
1.28
1.28001
1.27977
1.27999
1.27999
1.27999
1.27999
1.27999
1.27999
1.28
1.28
1.28
1.27991
1.27999
1.27999
1.27999
1.27999
1.27999
1.27999
1.27999
1.27999
1.27999
1.27892
1.28
1.28
1.28
1.28
1.28
1.28
1.28
1.28
1.28
1.27902
1.28
1.28
1.28
1.28
1.28
1.28
1.28
1.28
1.28
1.27912
1.28
1.28
1.28
1.28
1.28
1.28
1.28
1.28
1.28
1.27923
1.28
1.28
1.28
1.28
1.28
1.28
1.28
1.28
1.28
1.27934
1.28
1.28
1.28
1.28
1.28
1.28
1.28
1.28
1.28
1.27945
1.28
1.28
1.28
1.28
1.28
1.28
1.28
1.28
1.28
1.27957
1.28
1.28
1.28
1.28
1.28
1.28
1.28
1.28
1.28
1.27969
1.28
1.28
1.28
1.28
1.28
1.28
1.28
1.28
1.28
1.27981
1.28
1.28
1.28
1.28
1.28
1.28
1.28
1.28
1.28
1.27993
1.28
1.28
1.28
1.28
1.28
1.28
1.28
1.28
1.28
1.27892
1.27999
1.28
1.28
1.28
1.28
1.28
1.28
1.28
1.28
1.27903
1.27999
1.28
1.28
1.28
1.28
1.28
1.28
1.28
1.28
1.27913
1.28
1.28
1.28
1.28
1.28
1.28
1.28
1.28
1.28
1.27924
1.28
1.28
1.28
1.28
1.28
1.28
1.28
1.28
1.28
1.27935
1.28
1.28
1.28
1.28
1.28
1.28
1.28
1.28
1.28
1.27946
1.28
1.28
1.28
1.28
1.28
1.28
1.28
1.28
1.28
1.27958
1.28
1.28
1.28
1.28
1.28
1.28
1.28
1.28
1.28
1.2797
1.28
1.28
1.28
1.28
1.28
1.28
1.28
1.28
1.28
1.27982
1.28
1.28
1.28
1.28
1.28
1.28
1.28
1.28
1.28
1.27994
1.28
1.28
1.28
1.28
1.28
1.28
1.28
1.28
1.28
1.27886
1.27999
1.28
1.28
1.28
1.28
1.28
1.28
1.28
1.28
1.27896
1.27999
1.28
1.28
1.28
1.28
1.28
1.28
1.28
1.28
1.27908
1.27999
1.28
1.28
1.28
1.28
1.28
1.28
1.28
1.28
1.27919
1.28
1.28
1.28
1.28
1.28
1.28
1.28
1.28
1.28
1.27931
1.28
1.28
1.28
1.28
1.28
1.28
1.28
1.28
1.28
1.27943
1.28
1.28
1.28
1.28
1.28
1.28
1.28
1.28
1.28
1.27955
1.28
1.28
1.28
1.28
1.28
1.28
1.28
1.28
1.28
1.27967
1.28
1.28
1.28
1.28
1.28
1.28
1.28
1.28
1.28
1.2798
1.28
1.28
1.28
1.28
1.28
1.28
1.28
1.28
1.28
1.27993
1.28
1.28
1.28
1.28
1.28
1.28
1.28
1.28
1.28
1.27876
1.27999
1.28
1.28
1.28
1.28
1.28
1.28
1.28
1.28
1.27887
1.27999
1.28
1.28
1.28
1.28
1.28
1.28
1.28
1.28
1.27899
1.27999
1.28
1.28
1.28
1.28
1.28
1.28
1.28
1.28
1.27911
1.27999
1.28
1.28
1.28
1.28
1.28
1.28
1.28
1.28
1.27923
1.28
1.28
1.28
1.28
1.28
1.28
1.28
1.28
1.28
1.27936
1.28
1.28
1.28
1.28
1.28
1.28
1.28
1.28
1.28
1.27949
1.28
1.28
1.28
1.28
1.28
1.28
1.28
1.28
1.28
1.27962
1.28
1.28
1.28
1.28
1.28
1.28
1.28
1.28
1.28
1.27976
1.28
1.28
1.28
1.28
1.28
1.28
1.28
1.28
1.28
1.27991
1.28
1.28
1.28
1.28
1.28
1.28
1.28
1.28
1.28
1.27871
1.27999
1.28
1.28
1.28
1.28
1.28
1.28
1.28
1.28
1.27883
1.27999
1.28
1.28
1.28
1.28
1.28
1.28
1.28
1.28
1.27895
1.27999
1.28
1.28
1.28
1.28
1.28
1.28
1.28
1.28
1.27906
1.28
1.28
1.28
1.28
1.28
1.28
1.28
1.28
1.28
1.27918
1.28
1.28
1.28
1.28
1.28
1.28
1.28
1.28
1.28
1.2793
1.28
1.28
1.28
1.28
1.28
1.28
1.28
1.28
1.28
1.27943
1.28
1.28
1.28
1.28
1.28
1.28
1.28
1.28
1.28
1.27956
1.28
1.28
1.28
1.28
1.28
1.28
1.28
1.28
1.28
1.27971
1.28
1.28
1.28
1.28
1.28
1.28
1.28
1.28
1.28
1.27989
1.28
1.28
1.28
1.28
1.28
1.28
1.28
1.28
1.28
1.27903
1.28
1.28
1.28
1.28
1.28
1.28
1.28
1.28
1.28
1.27912
1.28
1.28
1.28
1.28
1.28
1.28
1.28
1.28
1.28
1.27921
1.28
1.28
1.28
1.28
1.28
1.28
1.28
1.28
1.28
1.2793
1.28
1.28
1.28
1.28
1.28
1.28
1.28
1.28
1.28
1.27939
1.28
1.28
1.28
1.28
1.28
1.28
1.28
1.28
1.28
1.27948
1.28
1.28
1.28
1.28
1.28
1.28
1.28
1.28
1.28
1.27958
1.28
1.28
1.28
1.28
1.28
1.28
1.28
1.28
1.28
1.27967
1.28
1.28
1.28
1.28
1.28
1.28
1.28
1.28
1.28
1.27978
1.28
1.28
1.28
1.28
1.28
1.28
1.28
1.28
1.28
1.27994
1.28
1.28
1.28
1.28
1.28
1.28
1.28
1.28
1.28
1.28031
1.28001
1.28
1.28
1.28
1.28
1.28
1.28
1.28
1.28
1.28034
1.28001
1.28
1.28
1.28
1.28
1.28
1.28
1.28
1.28
1.28035
1.28001
1.28
1.28
1.28
1.28
1.28
1.28
1.28
1.28
1.28045
1.28001
1.28
1.28
1.28
1.28
1.28
1.28
1.28
1.28
1.28054
1.28001
1.28
1.28
1.28
1.28
1.28
1.28
1.28
1.28
1.28061
1.28001
1.28
1.28
1.28
1.28
1.28
1.28
1.28
1.28
1.28067
1.28001
1.28
1.28
1.28
1.28
1.28
1.28
1.28
1.28
1.2807
1.28001
1.28
1.28
1.28
1.28
1.28
1.28
1.28
1.28
1.28066
1.28
1.28
1.28
1.28
1.28
1.28
1.28
1.28
1.28
1.28056
1.28
1.28
1.28
1.28
1.28
1.28
1.28
1.28
1.28001
1.28267
1.28001
1.28
1.28
1.28
1.28
1.28
1.28
1.28
1.28
1.28262
1.28001
1.28
1.28
1.28
1.28
1.28
1.28
1.28
1.28
1.28249
1.28001
1.28
1.28
1.28
1.28
1.28
1.28
1.28
1.28
1.28272
1.28001
1.28
1.28
1.28
1.28
1.28
1.28
1.28
1.28
1.28296
1.28002
1.28
1.28
1.28
1.28
1.28
1.28
1.28
1.28
1.28321
1.28002
1.28
1.28
1.28
1.28
1.28
1.28
1.28
1.28
1.28349
1.28002
1.28
1.28
1.28
1.28
1.28
1.28
1.28
1.28
1.28381
1.28002
1.28
1.28
1.28
1.28
1.28
1.28
1.28
1.28
1.28419
1.28002
1.28
1.28
1.28
1.28
1.28
1.28
1.28
1.28
1.28456
1.28003
1.28
1.28
1.28
1.28
1.28
1.28
1.28002
1.2801
1.28057
1.27997
1.28
1.28
1.28
1.28
1.28
1.28
1.28
1.28
1.28065
1.28
1.28
1.28
1.28
1.28
1.28
1.28
1.28
1.28
1.28084
1.28003
1.28
1.28
1.28
1.28
1.28
1.28
1.28
1.28
1.2809
1.28005
1.28
1.28
1.28
1.28
1.28
1.28
1.28
1.28
1.28097
1.28008
1.28
1.28
1.28
1.28
1.28
1.28
1.28
1.28
1.28104
1.28012
1.28
1.28
1.28
1.28
1.28
1.28
1.28
1.28
1.28112
1.28015
1.28
1.28
1.28
1.28
1.28
1.28
1.28
1.28
1.28151
1.28019
1.28
1.28
1.28
1.28
1.28
1.28
1.28
1.28
1.28183
1.28024
1.28
1.28
1.28
1.28
1.28
1.28
1.28
1.28
1.28211
1.28028
1.28
1.28
1.28
1.28
1.28
1.28002
1.28014
1.28046
1.28097
1.28003
1.28
1.28
1.28
1.28
1.28
1.28
1.28
1.28
1.28105
1.28006
1.28
1.28
1.28
1.28
1.28
1.28
1.28
1.28
1.28107
1.2801
1.28
1.28
1.28
1.28
1.28
1.28
1.28
1.28
1.28109
1.28014
1.28
1.28
1.28
1.28
1.28
1.28
1.28
1.28
1.28143
1.28018
1.28
1.28
1.28
1.28
1.28
1.28
1.28
1.28
1.28175
1.28023
1.28
1.28
1.28
1.28
1.28
1.28
1.28
1.28
1.28201
1.28029
1.28
1.28
1.28
1.28
1.28
1.28
1.28
1.28
1.2819
1.28035
1.28
1.28
1.28
1.28
1.28
1.28
1.28
1.28
1.28187
1.28041
1.28
1.28
1.28
1.28
1.28
1.28
1.28
1.28
1.28187
1.28048
1.28
1.28
1.28
1.28
1.28
1.28
1.28
1.2802
1.28096
1.2801
1.28
1.28
1.28
1.28
1.28
1.28
1.28
1.28
1.281
1.28014
1.28
1.28
1.28
1.28
1.28
1.28
1.28
1.28
1.28141
1.28019
1.28
1.28
1.28
1.28
1.28
1.28
1.28
1.28
1.28173
1.28025
1.28
1.28
1.28
1.28
1.28
1.28
1.28
1.28
1.28165
1.28031
1.28
1.28
1.28
1.28
1.28
1.28
1.28
1.28
1.28159
1.28038
1.28
1.28
1.28
1.28
1.28
1.28
1.28
1.28
1.28158
1.28046
1.28
1.28
1.28
1.28
1.28
1.28
1.28
1.28
1.28159
1.28055
1.28001
1.28
1.28
1.28
1.28
1.28
1.28
1.28
1.28161
1.28064
1.28001
1.28
1.28
1.28
1.28
1.28
1.28
1.28
1.28165
1.28075
1.28001
1.28
1.28
1.28
1.28
1.28
1.27999
1.27999
1.28118
1.28017
1.28
1.28
1.28
1.28
1.28
1.28
1.28
1.28
1.28147
1.28023
1.28
1.28
1.28
1.28
1.28
1.28
1.28
1.28
1.2813
1.28029
1.28
1.28
1.28
1.28
1.28
1.28
1.28
1.28
1.28123
1.28037
1.28
1.28
1.28
1.28
1.28
1.28
1.28
1.28
1.28119
1.28045
1.28001
1.28
1.28
1.28
1.28
1.28
1.28
1.28
1.28118
1.28055
1.28001
1.28
1.28
1.28
1.28
1.28
1.28
1.28
1.28118
1.28066
1.28001
1.28
1.28
1.28
1.28
1.28
1.28
1.28
1.2812
1.28079
1.28001
1.28
1.28
1.28
1.28
1.28
1.28
1.28
1.28124
1.28094
1.28002
1.28
1.28
1.28
1.28
1.28
1.28
1.28
1.28129
1.28111
1.28002
1.28
1.28
1.28
1.28
1.28
1.27999
1.27996
1.28096
1.28023
1.28
1.28
1.28
1.28
1.28
1.28
1.28
1.28
1.28082
1.2803
1.28
1.28
1.28
1.28
1.28
1.28
1.28
1.28
1.28073
1.28038
1.28001
1.28
1.28
1.28
1.28
1.28
1.28
1.28
1.28066
1.28047
1.28001
1.28
1.28
1.28
1.28
1.28
1.28
1.28
1.2806
1.28059
1.28001
1.28
1.28
1.28
1.28
1.28
1.28
1.28
1.28055
1.28072
1.28002
1.28
1.28
1.28
1.28
1.28
1.28
1.28
1.28052
1.28088
1.28002
1.28
1.28
1.28
1.28
1.28
1.28
1.28
1.28051
1.28106
1.28003
1.28
1.28
1.28
1.28
1.28
1.28
1.28
1.28051
1.28128
1.28004
1.28
1.28
1.28
1.28
1.28
1.28
1.28
1.28052
1.28154
1.28005
1.28
1.28
1.28
1.28
1.28
1.27999
1.27995
1.28031
1.28025
1.28001
1.28
1.28
1.28
1.28
1.28
1.28
1.28
1.28014
1.28033
1.28001
1.28
1.28
1.28
1.28
1.28
1.28
1.28
1.27999
1.28042
1.28001
1.28
1.28
1.28
1.28
1.28
1.28
1.28
1.27985
1.28054
1.28001
1.28
1.28
1.28
1.28
1.28
1.28
1.28
1.2797
1.28067
1.28002
1.28
1.28
1.28
1.28
1.28
1.28
1.28
1.27955
1.28084
1.28002
1.28
1.28
1.28
1.28
1.28
1.28
1.28
1.2794
1.28104
1.28003
1.28
1.28
1.28
1.28
1.28
1.28
1.28
1.27925
1.28128
1.28004
1.28
1.28
1.28
1.28
1.28
1.28
1.28
1.27911
1.28158
1.28006
1.28
1.28
1.28
1.28
1.28
1.28
1.28
1.27897
1.28194
1.28008
1.28
1.28
1.28
1.28
1.28
1.27999
1.27995
1.27956
1.28023
1.28001
1.28
1.28
1.28
1.28
1.28
1.28
1.28
1.27929
1.2803
1.28001
1.28
1.28
1.28
1.28
1.28
1.28
1.28
1.27902
1.28039
1.28001
1.28
1.28
1.28
1.28
1.28
1.28
1.28
1.27872
1.28049
1.28002
1.28
1.28
1.28
1.28
1.28
1.28
1.28
1.27839
1.28063
1.28002
1.28
1.28
1.28
1.28
1.28
1.28
1.28
1.27803
1.2808
1.28003
1.28
1.28
1.28
1.28
1.28
1.28
1.28
1.27762
1.28101
1.28004
1.28
1.28
1.28
1.28
1.28
1.28
1.28
1.27718
1.28127
1.28006
1.28
1.28
1.28
1.28
1.28
1.28
1.28
1.27669
1.28161
1.28008
1.28
1.28
1.28
1.28
1.28
1.28
1.28
1.27612
1.28204
1.28012
1.28
1.28
1.28
1.28
1.28
1.27999
1.27995
1.27874
1.28014
1.28
1.28
1.28
1.28
1.28
1.28
1.28
1.28
1.27832
1.28019
1.28001
1.28
1.28
1.28
1.28
1.28
1.28
1.28
1.27787
1.28024
1.28001
1.28
1.28
1.28
1.28
1.28
1.28
1.28
1.27735
1.28031
1.28001
1.28
1.28
1.28
1.28
1.28
1.28
1.28
1.27676
1.2804
1.28002
1.28
1.28
1.28
1.28
1.28
1.28
1.28
1.27606
1.28051
1.28003
1.28
1.28
1.28
1.28
1.28
1.28
1.28
1.27525
1.28065
1.28004
1.28
1.28
1.28
1.28
1.28
1.28
1.28
1.2743
1.28084
1.28006
1.28
1.28
1.28
1.28
1.28
1.28
1.28
1.27317
1.28108
1.28009
1.28
1.28
1.28
1.28
1.28
1.28
1.28
1.2718
1.28139
1.28013
1.28001
1.28
1.28
1.28
1.28
1.28
1.27997
1.278
1.28002
1.28
1.28
1.28
1.28
1.28
1.28
1.28
1.28
1.27743
1.28003
1.28
1.28
1.28
1.28
1.28
1.28
1.28
1.28
1.27679
1.28003
1.28
1.28
1.28
1.28
1.28
1.28
1.28
1.28
1.27604
1.28003
1.28
1.28
1.28
1.28
1.28
1.28
1.28
1.28
1.27515
1.28004
1.28001
1.28
1.28
1.28
1.28
1.28
1.28
1.28
1.27409
1.28004
1.28001
1.28
1.28
1.28
1.28
1.28
1.28
1.28
1.27281
1.28003
1.28001
1.28
1.28
1.28
1.28
1.28
1.28
1.28
1.27126
1.28001
1.28002
1.28
1.28
1.28
1.28
1.28
1.28
1.28
1.26934
1.27998
1.28003
1.28
1.28
1.28
1.28
1.28
1.28
1.28
1.26692
1.27991
1.28004
1.28
1.28
1.28
1.28
1.28
1.28
1.28002
1.27755
1.27993
1.28
1.28
1.28
1.28
1.28
1.28
1.28
1.28
1.27688
1.2799
1.28
1.28
1.28
1.28
1.28
1.28
1.28
1.28
1.27612
1.27987
1.28
1.28
1.28
1.28
1.28
1.28
1.28
1.28
1.27521
1.27981
1.27999
1.28
1.28
1.28
1.28
1.28
1.28
1.28
1.27413
1.27974
1.27999
1.28
1.28
1.28
1.28
1.28
1.28
1.28
1.27282
1.27964
1.27999
1.28
1.28
1.28
1.28
1.28
1.28
1.28
1.27123
1.2795
1.27998
1.28
1.28
1.28
1.28
1.28
1.28
1.28
1.26926
1.27929
1.27997
1.28
1.28
1.28
1.28
1.28
1.28
1.28
1.2668
1.27898
1.27994
1.28
1.28
1.28
1.28
1.28
1.28
1.28
1.26364
1.27851
1.2799
1.27999
1.28
1.28
1.28
1.28
1.28003
1.28027
1.27755
1.27993
1.28
1.28
1.28
1.28
1.28
1.28
1.28
1.28
1.27688
1.2799
1.28
1.28
1.28
1.28
1.28
1.28
1.28
1.28
1.27612
1.27987
1.28
1.28
1.28
1.28
1.28
1.28
1.28
1.28
1.27521
1.27981
1.27999
1.28
1.28
1.28
1.28
1.28
1.28
1.28
1.27413
1.27974
1.27999
1.28
1.28
1.28
1.28
1.28
1.28
1.28
1.27282
1.27964
1.27999
1.28
1.28
1.28
1.28
1.28
1.28
1.28
1.27123
1.2795
1.27998
1.28
1.28
1.28
1.28
1.28
1.28
1.28
1.26926
1.27929
1.27997
1.28
1.28
1.28
1.28
1.28
1.28
1.28
1.2668
1.27898
1.27994
1.28
1.28
1.28
1.28
1.28
1.28
1.28
1.26364
1.27851
1.2799
1.27999
1.28
1.28
1.28
1.28
1.28003
1.28027
1.278
1.28002
1.28
1.28
1.28
1.28
1.28
1.28
1.28
1.28
1.27743
1.28003
1.28
1.28
1.28
1.28
1.28
1.28
1.28
1.28
1.27679
1.28003
1.28
1.28
1.28
1.28
1.28
1.28
1.28
1.28
1.27604
1.28003
1.28
1.28
1.28
1.28
1.28
1.28
1.28
1.28
1.27515
1.28004
1.28001
1.28
1.28
1.28
1.28
1.28
1.28
1.28
1.27409
1.28004
1.28001
1.28
1.28
1.28
1.28
1.28
1.28
1.28
1.27281
1.28003
1.28001
1.28
1.28
1.28
1.28
1.28
1.28
1.28
1.27126
1.28001
1.28002
1.28
1.28
1.28
1.28
1.28
1.28
1.28
1.26934
1.27998
1.28003
1.28
1.28
1.28
1.28
1.28
1.28
1.28
1.26692
1.27991
1.28004
1.28
1.28
1.28
1.28
1.28
1.28
1.28002
1.27874
1.28014
1.28
1.28
1.28
1.28
1.28
1.28
1.28
1.28
1.27832
1.28019
1.28001
1.28
1.28
1.28
1.28
1.28
1.28
1.28
1.27787
1.28024
1.28001
1.28
1.28
1.28
1.28
1.28
1.28
1.28
1.27735
1.28031
1.28001
1.28
1.28
1.28
1.28
1.28
1.28
1.28
1.27676
1.2804
1.28002
1.28
1.28
1.28
1.28
1.28
1.28
1.28
1.27606
1.28051
1.28003
1.28
1.28
1.28
1.28
1.28
1.28
1.28
1.27525
1.28065
1.28004
1.28
1.28
1.28
1.28
1.28
1.28
1.28
1.2743
1.28084
1.28006
1.28
1.28
1.28
1.28
1.28
1.28
1.28
1.27317
1.28108
1.28009
1.28
1.28
1.28
1.28
1.28
1.28
1.28
1.2718
1.28139
1.28013
1.28001
1.28
1.28
1.28
1.28
1.28
1.27997
1.27956
1.28023
1.28001
1.28
1.28
1.28
1.28
1.28
1.28
1.28
1.27929
1.2803
1.28001
1.28
1.28
1.28
1.28
1.28
1.28
1.28
1.27902
1.28039
1.28001
1.28
1.28
1.28
1.28
1.28
1.28
1.28
1.27872
1.28049
1.28002
1.28
1.28
1.28
1.28
1.28
1.28
1.28
1.27839
1.28063
1.28002
1.28
1.28
1.28
1.28
1.28
1.28
1.28
1.27803
1.2808
1.28003
1.28
1.28
1.28
1.28
1.28
1.28
1.28
1.27762
1.28101
1.28004
1.28
1.28
1.28
1.28
1.28
1.28
1.28
1.27718
1.28127
1.28006
1.28
1.28
1.28
1.28
1.28
1.28
1.28
1.27669
1.28161
1.28008
1.28
1.28
1.28
1.28
1.28
1.28
1.28
1.27612
1.28204
1.28012
1.28
1.28
1.28
1.28
1.28
1.27999
1.27995
1.28031
1.28025
1.28001
1.28
1.28
1.28
1.28
1.28
1.28
1.28
1.28014
1.28033
1.28001
1.28
1.28
1.28
1.28
1.28
1.28
1.28
1.27999
1.28042
1.28001
1.28
1.28
1.28
1.28
1.28
1.28
1.28
1.27985
1.28054
1.28001
1.28
1.28
1.28
1.28
1.28
1.28
1.28
1.2797
1.28067
1.28002
1.28
1.28
1.28
1.28
1.28
1.28
1.28
1.27955
1.28084
1.28002
1.28
1.28
1.28
1.28
1.28
1.28
1.28
1.2794
1.28104
1.28003
1.28
1.28
1.28
1.28
1.28
1.28
1.28
1.27925
1.28128
1.28004
1.28
1.28
1.28
1.28
1.28
1.28
1.28
1.27911
1.28158
1.28006
1.28
1.28
1.28
1.28
1.28
1.28
1.28
1.27897
1.28194
1.28008
1.28
1.28
1.28
1.28
1.28
1.27999
1.27995
1.28096
1.28023
1.28
1.28
1.28
1.28
1.28
1.28
1.28
1.28
1.28082
1.2803
1.28
1.28
1.28
1.28
1.28
1.28
1.28
1.28
1.28073
1.28038
1.28001
1.28
1.28
1.28
1.28
1.28
1.28
1.28
1.28066
1.28047
1.28001
1.28
1.28
1.28
1.28
1.28
1.28
1.28
1.2806
1.28059
1.28001
1.28
1.28
1.28
1.28
1.28
1.28
1.28
1.28055
1.28072
1.28002
1.28
1.28
1.28
1.28
1.28
1.28
1.28
1.28052
1.28088
1.28002
1.28
1.28
1.28
1.28
1.28
1.28
1.28
1.28051
1.28106
1.28003
1.28
1.28
1.28
1.28
1.28
1.28
1.28
1.28051
1.28128
1.28004
1.28
1.28
1.28
1.28
1.28
1.28
1.28
1.28052
1.28154
1.28005
1.28
1.28
1.28
1.28
1.28
1.27999
1.27995
1.28118
1.28017
1.28
1.28
1.28
1.28
1.28
1.28
1.28
1.28
1.28147
1.28023
1.28
1.28
1.28
1.28
1.28
1.28
1.28
1.28
1.2813
1.28029
1.28
1.28
1.28
1.28
1.28
1.28
1.28
1.28
1.28123
1.28037
1.28
1.28
1.28
1.28
1.28
1.28
1.28
1.28
1.28119
1.28045
1.28001
1.28
1.28
1.28
1.28
1.28
1.28
1.28
1.28118
1.28055
1.28001
1.28
1.28
1.28
1.28
1.28
1.28
1.28
1.28118
1.28066
1.28001
1.28
1.28
1.28
1.28
1.28
1.28
1.28
1.2812
1.28079
1.28001
1.28
1.28
1.28
1.28
1.28
1.28
1.28
1.28124
1.28094
1.28002
1.28
1.28
1.28
1.28
1.28
1.28
1.28
1.28129
1.28111
1.28002
1.28
1.28
1.28
1.28
1.28
1.27999
1.27996
1.28096
1.2801
1.28
1.28
1.28
1.28
1.28
1.28
1.28
1.28
1.281
1.28014
1.28
1.28
1.28
1.28
1.28
1.28
1.28
1.28
1.28141
1.28019
1.28
1.28
1.28
1.28
1.28
1.28
1.28
1.28
1.28173
1.28025
1.28
1.28
1.28
1.28
1.28
1.28
1.28
1.28
1.28165
1.28031
1.28
1.28
1.28
1.28
1.28
1.28
1.28
1.28
1.28159
1.28038
1.28
1.28
1.28
1.28
1.28
1.28
1.28
1.28
1.28158
1.28046
1.28
1.28
1.28
1.28
1.28
1.28
1.28
1.28
1.28159
1.28055
1.28001
1.28
1.28
1.28
1.28
1.28
1.28
1.28
1.28161
1.28064
1.28001
1.28
1.28
1.28
1.28
1.28
1.28
1.28
1.28165
1.28075
1.28001
1.28
1.28
1.28
1.28
1.28
1.27999
1.27999
1.28097
1.28003
1.28
1.28
1.28
1.28
1.28
1.28
1.28
1.28
1.28105
1.28006
1.28
1.28
1.28
1.28
1.28
1.28
1.28
1.28
1.28107
1.2801
1.28
1.28
1.28
1.28
1.28
1.28
1.28
1.28
1.28109
1.28014
1.28
1.28
1.28
1.28
1.28
1.28
1.28
1.28
1.28143
1.28018
1.28
1.28
1.28
1.28
1.28
1.28
1.28
1.28
1.28175
1.28023
1.28
1.28
1.28
1.28
1.28
1.28
1.28
1.28
1.28201
1.28029
1.28
1.28
1.28
1.28
1.28
1.28
1.28
1.28
1.2819
1.28035
1.28
1.28
1.28
1.28
1.28
1.28
1.28
1.28
1.28187
1.28041
1.28
1.28
1.28
1.28
1.28
1.28
1.28
1.28
1.28187
1.28048
1.28
1.28
1.28
1.28
1.28
1.28
1.28
1.2802
1.28057
1.27997
1.28
1.28
1.28
1.28
1.28
1.28
1.28
1.28
1.28065
1.28
1.28
1.28
1.28
1.28
1.28
1.28
1.28
1.28
1.28084
1.28003
1.28
1.28
1.28
1.28
1.28
1.28
1.28
1.28
1.2809
1.28005
1.28
1.28
1.28
1.28
1.28
1.28
1.28
1.28
1.28097
1.28008
1.28
1.28
1.28
1.28
1.28
1.28
1.28
1.28
1.28104
1.28012
1.28
1.28
1.28
1.28
1.28
1.28
1.28
1.28
1.28112
1.28015
1.28
1.28
1.28
1.28
1.28
1.28
1.28
1.28
1.28151
1.28019
1.28
1.28
1.28
1.28
1.28
1.28
1.28
1.28
1.28183
1.28024
1.28
1.28
1.28
1.28
1.28
1.28
1.28
1.28
1.28211
1.28028
1.28
1.28
1.28
1.28
1.28
1.28002
1.28015
1.28046
1.28267
1.28001
1.28
1.28
1.28
1.28
1.28
1.28
1.28
1.28
1.28262
1.28001
1.28
1.28
1.28
1.28
1.28
1.28
1.28
1.28
1.28249
1.28001
1.28
1.28
1.28
1.28
1.28
1.28
1.28
1.28
1.28272
1.28001
1.28
1.28
1.28
1.28
1.28
1.28
1.28
1.28
1.28296
1.28002
1.28
1.28
1.28
1.28
1.28
1.28
1.28
1.28
1.28321
1.28002
1.28
1.28
1.28
1.28
1.28
1.28
1.28
1.28
1.28349
1.28002
1.28
1.28
1.28
1.28
1.28
1.28
1.28
1.28
1.28381
1.28002
1.28
1.28
1.28
1.28
1.28
1.28
1.28
1.28
1.28419
1.28002
1.28
1.28
1.28
1.28
1.28
1.28
1.28
1.28
1.28456
1.28003
1.28
1.28
1.28
1.28
1.28
1.28
1.28002
1.2801
1.28031
1.28001
1.28
1.28
1.28
1.28
1.28
1.28
1.28
1.28
1.28034
1.28001
1.28
1.28
1.28
1.28
1.28
1.28
1.28
1.28
1.28035
1.28001
1.28
1.28
1.28
1.28
1.28
1.28
1.28
1.28
1.28045
1.28001
1.28
1.28
1.28
1.28
1.28
1.28
1.28
1.28
1.28054
1.28001
1.28
1.28
1.28
1.28
1.28
1.28
1.28
1.28
1.28061
1.28001
1.28
1.28
1.28
1.28
1.28
1.28
1.28
1.28
1.28067
1.28001
1.28
1.28
1.28
1.28
1.28
1.28
1.28
1.28
1.2807
1.28001
1.28
1.28
1.28
1.28
1.28
1.28
1.28
1.28
1.28066
1.28
1.28
1.28
1.28
1.28
1.28
1.28
1.28
1.28
1.28056
1.28
1.28
1.28
1.28
1.28
1.28
1.28
1.28
1.28001
1.27903
1.28
1.28
1.28
1.28
1.28
1.28
1.28
1.28
1.28
1.27912
1.28
1.28
1.28
1.28
1.28
1.28
1.28
1.28
1.28
1.27921
1.28
1.28
1.28
1.28
1.28
1.28
1.28
1.28
1.28
1.2793
1.28
1.28
1.28
1.28
1.28
1.28
1.28
1.28
1.28
1.27939
1.28
1.28
1.28
1.28
1.28
1.28
1.28
1.28
1.28
1.27948
1.28
1.28
1.28
1.28
1.28
1.28
1.28
1.28
1.28
1.27958
1.28
1.28
1.28
1.28
1.28
1.28
1.28
1.28
1.28
1.27967
1.28
1.28
1.28
1.28
1.28
1.28
1.28
1.28
1.28
1.27978
1.28
1.28
1.28
1.28
1.28
1.28
1.28
1.28
1.28
1.27994
1.28
1.28
1.28
1.28
1.28
1.28
1.28
1.28
1.28
1.27871
1.27999
1.28
1.28
1.28
1.28
1.28
1.28
1.28
1.28
1.27883
1.27999
1.28
1.28
1.28
1.28
1.28
1.28
1.28
1.28
1.27895
1.27999
1.28
1.28
1.28
1.28
1.28
1.28
1.28
1.28
1.27906
1.28
1.28
1.28
1.28
1.28
1.28
1.28
1.28
1.28
1.27918
1.28
1.28
1.28
1.28
1.28
1.28
1.28
1.28
1.28
1.2793
1.28
1.28
1.28
1.28
1.28
1.28
1.28
1.28
1.28
1.27943
1.28
1.28
1.28
1.28
1.28
1.28
1.28
1.28
1.28
1.27956
1.28
1.28
1.28
1.28
1.28
1.28
1.28
1.28
1.28
1.27971
1.28
1.28
1.28
1.28
1.28
1.28
1.28
1.28
1.28
1.27989
1.28
1.28
1.28
1.28
1.28
1.28
1.28
1.28
1.28
1.27876
1.27999
1.28
1.28
1.28
1.28
1.28
1.28
1.28
1.28
1.27887
1.27999
1.28
1.28
1.28
1.28
1.28
1.28
1.28
1.28
1.27899
1.27999
1.28
1.28
1.28
1.28
1.28
1.28
1.28
1.28
1.27911
1.27999
1.28
1.28
1.28
1.28
1.28
1.28
1.28
1.28
1.27923
1.28
1.28
1.28
1.28
1.28
1.28
1.28
1.28
1.28
1.27936
1.28
1.28
1.28
1.28
1.28
1.28
1.28
1.28
1.28
1.27949
1.28
1.28
1.28
1.28
1.28
1.28
1.28
1.28
1.28
1.27962
1.28
1.28
1.28
1.28
1.28
1.28
1.28
1.28
1.28
1.27976
1.28
1.28
1.28
1.28
1.28
1.28
1.28
1.28
1.28
1.27991
1.28
1.28
1.28
1.28
1.28
1.28
1.28
1.28
1.28
1.27886
1.27999
1.28
1.28
1.28
1.28
1.28
1.28
1.28
1.28
1.27896
1.27999
1.28
1.28
1.28
1.28
1.28
1.28
1.28
1.28
1.27908
1.27999
1.28
1.28
1.28
1.28
1.28
1.28
1.28
1.28
1.27919
1.28
1.28
1.28
1.28
1.28
1.28
1.28
1.28
1.28
1.27931
1.28
1.28
1.28
1.28
1.28
1.28
1.28
1.28
1.28
1.27943
1.28
1.28
1.28
1.28
1.28
1.28
1.28
1.28
1.28
1.27955
1.28
1.28
1.28
1.28
1.28
1.28
1.28
1.28
1.28
1.27967
1.28
1.28
1.28
1.28
1.28
1.28
1.28
1.28
1.28
1.2798
1.28
1.28
1.28
1.28
1.28
1.28
1.28
1.28
1.28
1.27993
1.28
1.28
1.28
1.28
1.28
1.28
1.28
1.28
1.28
1.27892
1.27999
1.28
1.28
1.28
1.28
1.28
1.28
1.28
1.28
1.27903
1.27999
1.28
1.28
1.28
1.28
1.28
1.28
1.28
1.28
1.27913
1.28
1.28
1.28
1.28
1.28
1.28
1.28
1.28
1.28
1.27924
1.28
1.28
1.28
1.28
1.28
1.28
1.28
1.28
1.28
1.27935
1.28
1.28
1.28
1.28
1.28
1.28
1.28
1.28
1.28
1.27946
1.28
1.28
1.28
1.28
1.28
1.28
1.28
1.28
1.28
1.27958
1.28
1.28
1.28
1.28
1.28
1.28
1.28
1.28
1.28
1.2797
1.28
1.28
1.28
1.28
1.28
1.28
1.28
1.28
1.28
1.27982
1.28
1.28
1.28
1.28
1.28
1.28
1.28
1.28
1.28
1.27994
1.28
1.28
1.28
1.28
1.28
1.28
1.28
1.28
1.28
1.27892
1.28
1.28
1.28
1.28
1.28
1.28
1.28
1.28
1.28
1.27902
1.28
1.28
1.28
1.28
1.28
1.28
1.28
1.28
1.28
1.27912
1.28
1.28
1.28
1.28
1.28
1.28
1.28
1.28
1.28
1.27923
1.28
1.28
1.28
1.28
1.28
1.28
1.28
1.28
1.28
1.27934
1.28
1.28
1.28
1.28
1.28
1.28
1.28
1.28
1.28
1.27945
1.28
1.28
1.28
1.28
1.28
1.28
1.28
1.28
1.28
1.27957
1.28
1.28
1.28
1.28
1.28
1.28
1.28
1.28
1.28
1.27969
1.28
1.28
1.28
1.28
1.28
1.28
1.28
1.28
1.28
1.27981
1.28
1.28
1.28
1.28
1.28
1.28
1.28
1.28
1.28
1.27993
1.28
1.28
1.28
1.28
1.28
1.28
1.28
1.28
1.28
1.27875
1.28002
1.28003
1.28002
1.28002
1.28002
1.28002
1.28002
1.28002
1.28003
1.27887
1.28002
1.28002
1.28002
1.28002
1.28002
1.28002
1.28001
1.28001
1.28002
1.27899
1.28001
1.28001
1.28001
1.28001
1.28001
1.28001
1.28001
1.28001
1.28002
1.27911
1.28
1.28001
1.28001
1.28001
1.28001
1.28001
1.28001
1.28001
1.28002
1.27923
1.28
1.28
1.28001
1.28001
1.28001
1.28001
1.28001
1.28001
1.28002
1.27936
1.28
1.28
1.28
1.28
1.28
1.28
1.28
1.28
1.28002
1.27949
1.27999
1.28
1.28
1.28
1.28
1.28
1.28
1.28
1.28001
1.27963
1.27999
1.27999
1.27999
1.28
1.28
1.28
1.28
1.28
1.28001
1.27977
1.27999
1.27999
1.27999
1.27999
1.27999
1.27999
1.28
1.28
1.28
1.27991
1.27999
1.27999
1.27999
1.27999
1.27999
1.27999
1.27999
1.27999
1.27999
1.27824
1.27991
1.27993
1.27995
1.27996
1.27996
1.27997
1.27998
1.27999
1.2803
1.27842
1.27992
1.27994
1.27995
1.27995
1.27996
1.27996
1.27996
1.27997
1.28026
1.27859
1.27993
1.27994
1.27995
1.27995
1.27996
1.27996
1.27996
1.27997
1.28024
1.27876
1.27994
1.27995
1.27995
1.27996
1.27996
1.27996
1.27996
1.27997
1.28022
1.27894
1.27994
1.27995
1.27995
1.27996
1.27996
1.27996
1.27996
1.27997
1.28019
1.27912
1.27994
1.27995
1.27996
1.27996
1.27996
1.27996
1.27996
1.27997
1.28016
1.2793
1.27995
1.27995
1.27996
1.27996
1.27996
1.27996
1.27996
1.27996
1.28013
1.27948
1.27995
1.27996
1.27996
1.27996
1.27996
1.27996
1.27996
1.27996
1.28008
1.27967
1.27995
1.27996
1.27996
1.27996
1.27996
1.27996
1.27996
1.27996
1.28004
1.27985
1.27995
1.27994
1.27994
1.27993
1.27993
1.27992
1.27992
1.27991
1.27994
1.2803
1.27999
1.27998
1.27997
1.27996
1.27996
1.27995
1.27993
1.27991
1.27824
1.28026
1.27997
1.27996
1.27996
1.27996
1.27995
1.27995
1.27994
1.27992
1.27842
1.28024
1.27997
1.27996
1.27996
1.27996
1.27995
1.27995
1.27994
1.27993
1.27859
1.28022
1.27997
1.27996
1.27996
1.27996
1.27996
1.27995
1.27995
1.27994
1.27876
1.28019
1.27997
1.27996
1.27996
1.27996
1.27996
1.27995
1.27995
1.27994
1.27894
1.28016
1.27997
1.27996
1.27996
1.27996
1.27996
1.27996
1.27995
1.27994
1.27912
1.28013
1.27996
1.27996
1.27996
1.27996
1.27996
1.27996
1.27995
1.27995
1.2793
1.28008
1.27996
1.27996
1.27996
1.27996
1.27996
1.27996
1.27996
1.27995
1.27948
1.28004
1.27996
1.27996
1.27996
1.27996
1.27996
1.27996
1.27996
1.27995
1.27967
1.27994
1.27991
1.27992
1.27992
1.27993
1.27993
1.27994
1.27994
1.27995
1.27985
1.28003
1.28002
1.28002
1.28002
1.28002
1.28002
1.28002
1.28003
1.28002
1.27875
1.28002
1.28001
1.28001
1.28002
1.28002
1.28002
1.28002
1.28002
1.28002
1.27887
1.28002
1.28001
1.28001
1.28001
1.28001
1.28001
1.28001
1.28001
1.28001
1.27899
1.28002
1.28001
1.28001
1.28001
1.28001
1.28001
1.28001
1.28001
1.28
1.27911
1.28002
1.28001
1.28001
1.28001
1.28001
1.28001
1.28001
1.28
1.28
1.27923
1.28002
1.28
1.28
1.28
1.28
1.28
1.28
1.28
1.28
1.27936
1.28001
1.28
1.28
1.28
1.28
1.28
1.28
1.28
1.27999
1.27949
1.28001
1.28
1.28
1.28
1.28
1.28
1.27999
1.27999
1.27999
1.27963
1.28
1.28
1.28
1.27999
1.27999
1.27999
1.27999
1.27999
1.27999
1.27977
1.27999
1.27999
1.27999
1.27999
1.27999
1.27999
1.27999
1.27999
1.27999
1.27991
1.28
1.28
1.28
1.28
1.28
1.28
1.28
1.28
1.28
1.27892
1.28
1.28
1.28
1.28
1.28
1.28
1.28
1.28
1.28
1.27902
1.28
1.28
1.28
1.28
1.28
1.28
1.28
1.28
1.28
1.27912
1.28
1.28
1.28
1.28
1.28
1.28
1.28
1.28
1.28
1.27923
1.28
1.28
1.28
1.28
1.28
1.28
1.28
1.28
1.28
1.27934
1.28
1.28
1.28
1.28
1.28
1.28
1.28
1.28
1.28
1.27945
1.28
1.28
1.28
1.28
1.28
1.28
1.28
1.28
1.28
1.27957
1.28
1.28
1.28
1.28
1.28
1.28
1.28
1.28
1.28
1.27969
1.28
1.28
1.28
1.28
1.28
1.28
1.28
1.28
1.28
1.27981
1.28
1.28
1.28
1.28
1.28
1.28
1.28
1.28
1.28
1.27993
1.28
1.28
1.28
1.28
1.28
1.28
1.28
1.28
1.27999
1.27892
1.28
1.28
1.28
1.28
1.28
1.28
1.28
1.28
1.27999
1.27903
1.28
1.28
1.28
1.28
1.28
1.28
1.28
1.28
1.28
1.27913
1.28
1.28
1.28
1.28
1.28
1.28
1.28
1.28
1.28
1.27924
1.28
1.28
1.28
1.28
1.28
1.28
1.28
1.28
1.28
1.27935
1.28
1.28
1.28
1.28
1.28
1.28
1.28
1.28
1.28
1.27946
1.28
1.28
1.28
1.28
1.28
1.28
1.28
1.28
1.28
1.27958
1.28
1.28
1.28
1.28
1.28
1.28
1.28
1.28
1.28
1.2797
1.28
1.28
1.28
1.28
1.28
1.28
1.28
1.28
1.28
1.27982
1.28
1.28
1.28
1.28
1.28
1.28
1.28
1.28
1.28
1.27994
1.28
1.28
1.28
1.28
1.28
1.28
1.28
1.28
1.27999
1.27886
1.28
1.28
1.28
1.28
1.28
1.28
1.28
1.28
1.27999
1.27896
1.28
1.28
1.28
1.28
1.28
1.28
1.28
1.28
1.27999
1.27908
1.28
1.28
1.28
1.28
1.28
1.28
1.28
1.28
1.28
1.27919
1.28
1.28
1.28
1.28
1.28
1.28
1.28
1.28
1.28
1.27931
1.28
1.28
1.28
1.28
1.28
1.28
1.28
1.28
1.28
1.27943
1.28
1.28
1.28
1.28
1.28
1.28
1.28
1.28
1.28
1.27955
1.28
1.28
1.28
1.28
1.28
1.28
1.28
1.28
1.28
1.27967
1.28
1.28
1.28
1.28
1.28
1.28
1.28
1.28
1.28
1.2798
1.28
1.28
1.28
1.28
1.28
1.28
1.28
1.28
1.28
1.27993
1.28
1.28
1.28
1.28
1.28
1.28
1.28
1.28
1.27999
1.27876
1.28
1.28
1.28
1.28
1.28
1.28
1.28
1.28
1.27999
1.27887
1.28
1.28
1.28
1.28
1.28
1.28
1.28
1.28
1.27999
1.27899
1.28
1.28
1.28
1.28
1.28
1.28
1.28
1.28
1.27999
1.27911
1.28
1.28
1.28
1.28
1.28
1.28
1.28
1.28
1.28
1.27923
1.28
1.28
1.28
1.28
1.28
1.28
1.28
1.28
1.28
1.27936
1.28
1.28
1.28
1.28
1.28
1.28
1.28
1.28
1.28
1.27949
1.28
1.28
1.28
1.28
1.28
1.28
1.28
1.28
1.28
1.27962
1.28
1.28
1.28
1.28
1.28
1.28
1.28
1.28
1.28
1.27976
1.28
1.28
1.28
1.28
1.28
1.28
1.28
1.28
1.28
1.27991
1.28
1.28
1.28
1.28
1.28
1.28
1.28
1.28
1.27999
1.27871
1.28
1.28
1.28
1.28
1.28
1.28
1.28
1.28
1.27999
1.27883
1.28
1.28
1.28
1.28
1.28
1.28
1.28
1.28
1.27999
1.27895
1.28
1.28
1.28
1.28
1.28
1.28
1.28
1.28
1.28
1.27906
1.28
1.28
1.28
1.28
1.28
1.28
1.28
1.28
1.28
1.27918
1.28
1.28
1.28
1.28
1.28
1.28
1.28
1.28
1.28
1.2793
1.28
1.28
1.28
1.28
1.28
1.28
1.28
1.28
1.28
1.27943
1.28
1.28
1.28
1.28
1.28
1.28
1.28
1.28
1.28
1.27956
1.28
1.28
1.28
1.28
1.28
1.28
1.28
1.28
1.28
1.27971
1.28
1.28
1.28
1.28
1.28
1.28
1.28
1.28
1.28
1.27989
1.28
1.28
1.28
1.28
1.28
1.28
1.28
1.28
1.28
1.27903
1.28
1.28
1.28
1.28
1.28
1.28
1.28
1.28
1.28
1.27912
1.28
1.28
1.28
1.28
1.28
1.28
1.28
1.28
1.28
1.27921
1.28
1.28
1.28
1.28
1.28
1.28
1.28
1.28
1.28
1.2793
1.28
1.28
1.28
1.28
1.28
1.28
1.28
1.28
1.28
1.27939
1.28
1.28
1.28
1.28
1.28
1.28
1.28
1.28
1.28
1.27948
1.28
1.28
1.28
1.28
1.28
1.28
1.28
1.28
1.28
1.27958
1.28
1.28
1.28
1.28
1.28
1.28
1.28
1.28
1.28
1.27967
1.28
1.28
1.28
1.28
1.28
1.28
1.28
1.28
1.28
1.27978
1.28
1.28
1.28
1.28
1.28
1.28
1.28
1.28
1.28
1.27994
1.28
1.28
1.28
1.28
1.28
1.28
1.28
1.28
1.28001
1.28031
1.28
1.28
1.28
1.28
1.28
1.28
1.28
1.28
1.28001
1.28034
1.28
1.28
1.28
1.28
1.28
1.28
1.28
1.28
1.28001
1.28035
1.28
1.28
1.28
1.28
1.28
1.28
1.28
1.28
1.28001
1.28045
1.28
1.28
1.28
1.28
1.28
1.28
1.28
1.28
1.28001
1.28054
1.28
1.28
1.28
1.28
1.28
1.28
1.28
1.28
1.28001
1.28061
1.28
1.28
1.28
1.28
1.28
1.28
1.28
1.28
1.28001
1.28067
1.28
1.28
1.28
1.28
1.28
1.28
1.28
1.28
1.28001
1.2807
1.28
1.28
1.28
1.28
1.28
1.28
1.28
1.28
1.28
1.28066
1.28001
1.28
1.28
1.28
1.28
1.28
1.28
1.28
1.28
1.28056
1.28
1.28
1.28
1.28
1.28
1.28
1.28
1.28
1.28001
1.28267
1.28
1.28
1.28
1.28
1.28
1.28
1.28
1.28
1.28001
1.28262
1.28
1.28
1.28
1.28
1.28
1.28
1.28
1.28
1.28001
1.28249
1.28
1.28
1.28
1.28
1.28
1.28
1.28
1.28
1.28001
1.28272
1.28
1.28
1.28
1.28
1.28
1.28
1.28
1.28
1.28002
1.28296
1.28
1.28
1.28
1.28
1.28
1.28
1.28
1.28
1.28002
1.28321
1.28
1.28
1.28
1.28
1.28
1.28
1.28
1.28
1.28002
1.28349
1.28
1.28
1.28
1.28
1.28
1.28
1.28
1.28
1.28002
1.28381
1.28
1.28
1.28
1.28
1.28
1.28
1.28
1.28
1.28002
1.28419
1.2801
1.28002
1.28
1.28
1.28
1.28
1.28
1.28
1.28003
1.28456
1.28
1.28
1.28
1.28
1.28
1.28
1.28
1.28
1.27997
1.28057
1.28
1.28
1.28
1.28
1.28
1.28
1.28
1.28
1.28
1.28065
1.28
1.28
1.28
1.28
1.28
1.28
1.28
1.28
1.28003
1.28084
1.28
1.28
1.28
1.28
1.28
1.28
1.28
1.28
1.28005
1.2809
1.28
1.28
1.28
1.28
1.28
1.28
1.28
1.28
1.28008
1.28097
1.28
1.28
1.28
1.28
1.28
1.28
1.28
1.28
1.28012
1.28104
1.28
1.28
1.28
1.28
1.28
1.28
1.28
1.28
1.28015
1.28112
1.28
1.28
1.28
1.28
1.28
1.28
1.28
1.28
1.28019
1.28151
1.28
1.28
1.28
1.28
1.28
1.28
1.28
1.28
1.28024
1.28183
1.28046
1.28014
1.28002
1.28
1.28
1.28
1.28
1.28
1.28028
1.28211
1.28
1.28
1.28
1.28
1.28
1.28
1.28
1.28
1.28003
1.28097
1.28
1.28
1.28
1.28
1.28
1.28
1.28
1.28
1.28006
1.28105
1.28
1.28
1.28
1.28
1.28
1.28
1.28
1.28
1.2801
1.28107
1.28
1.28
1.28
1.28
1.28
1.28
1.28
1.28
1.28014
1.28109
1.28
1.28
1.28
1.28
1.28
1.28
1.28
1.28
1.28018
1.28143
1.28
1.28
1.28
1.28
1.28
1.28
1.28
1.28
1.28023
1.28175
1.28
1.28
1.28
1.28
1.28
1.28
1.28
1.28
1.28029
1.28201
1.28
1.28
1.28
1.28
1.28
1.28
1.28
1.28
1.28035
1.2819
1.28
1.28
1.28
1.28
1.28
1.28
1.28
1.28
1.28041
1.28187
1.2802
1.28
1.28
1.28
1.28
1.28
1.28
1.28
1.28048
1.28187
1.28
1.28
1.28
1.28
1.28
1.28
1.28
1.28
1.2801
1.28096
1.28
1.28
1.28
1.28
1.28
1.28
1.28
1.28
1.28014
1.281
1.28
1.28
1.28
1.28
1.28
1.28
1.28
1.28
1.28019
1.28141
1.28
1.28
1.28
1.28
1.28
1.28
1.28
1.28
1.28025
1.28173
1.28
1.28
1.28
1.28
1.28
1.28
1.28
1.28
1.28031
1.28165
1.28
1.28
1.28
1.28
1.28
1.28
1.28
1.28
1.28038
1.28159
1.28
1.28
1.28
1.28
1.28
1.28
1.28
1.28
1.28046
1.28158
1.28
1.28
1.28
1.28
1.28
1.28
1.28
1.28001
1.28055
1.28159
1.28
1.28
1.28
1.28
1.28
1.28
1.28
1.28001
1.28064
1.28161
1.27999
1.27999
1.28
1.28
1.28
1.28
1.28
1.28001
1.28075
1.28165
1.28
1.28
1.28
1.28
1.28
1.28
1.28
1.28
1.28017
1.28118
1.28
1.28
1.28
1.28
1.28
1.28
1.28
1.28
1.28023
1.28147
1.28
1.28
1.28
1.28
1.28
1.28
1.28
1.28
1.28029
1.2813
1.28
1.28
1.28
1.28
1.28
1.28
1.28
1.28
1.28037
1.28123
1.28
1.28
1.28
1.28
1.28
1.28
1.28
1.28001
1.28045
1.28119
1.28
1.28
1.28
1.28
1.28
1.28
1.28
1.28001
1.28055
1.28118
1.28
1.28
1.28
1.28
1.28
1.28
1.28
1.28001
1.28066
1.28118
1.28
1.28
1.28
1.28
1.28
1.28
1.28
1.28001
1.28079
1.2812
1.28
1.28
1.28
1.28
1.28
1.28
1.28
1.28002
1.28094
1.28124
1.27996
1.27999
1.28
1.28
1.28
1.28
1.28
1.28002
1.28111
1.28129
1.28
1.28
1.28
1.28
1.28
1.28
1.28
1.28
1.28023
1.28096
1.28
1.28
1.28
1.28
1.28
1.28
1.28
1.28
1.2803
1.28082
1.28
1.28
1.28
1.28
1.28
1.28
1.28
1.28001
1.28038
1.28073
1.28
1.28
1.28
1.28
1.28
1.28
1.28
1.28001
1.28047
1.28066
1.28
1.28
1.28
1.28
1.28
1.28
1.28
1.28001
1.28059
1.2806
1.28
1.28
1.28
1.28
1.28
1.28
1.28
1.28002
1.28072
1.28055
1.28
1.28
1.28
1.28
1.28
1.28
1.28
1.28002
1.28088
1.28052
1.28
1.28
1.28
1.28
1.28
1.28
1.28
1.28003
1.28106
1.28051
1.28
1.28
1.28
1.28
1.28
1.28
1.28
1.28004
1.28128
1.28051
1.27995
1.27999
1.28
1.28
1.28
1.28
1.28
1.28005
1.28154
1.28052
1.28
1.28
1.28
1.28
1.28
1.28
1.28
1.28001
1.28025
1.28031
1.28
1.28
1.28
1.28
1.28
1.28
1.28
1.28001
1.28033
1.28014
1.28
1.28
1.28
1.28
1.28
1.28
1.28
1.28001
1.28042
1.27999
1.28
1.28
1.28
1.28
1.28
1.28
1.28
1.28001
1.28054
1.27985
1.28
1.28
1.28
1.28
1.28
1.28
1.28
1.28002
1.28067
1.2797
1.28
1.28
1.28
1.28
1.28
1.28
1.28
1.28002
1.28084
1.27955
1.28
1.28
1.28
1.28
1.28
1.28
1.28
1.28003
1.28104
1.2794
1.28
1.28
1.28
1.28
1.28
1.28
1.28
1.28004
1.28128
1.27925
1.28
1.28
1.28
1.28
1.28
1.28
1.28
1.28006
1.28158
1.27911
1.27995
1.27999
1.28
1.28
1.28
1.28
1.28
1.28008
1.28194
1.27897
1.28
1.28
1.28
1.28
1.28
1.28
1.28
1.28001
1.28023
1.27956
1.28
1.28
1.28
1.28
1.28
1.28
1.28
1.28001
1.2803
1.27929
1.28
1.28
1.28
1.28
1.28
1.28
1.28
1.28001
1.28039
1.27902
1.28
1.28
1.28
1.28
1.28
1.28
1.28
1.28002
1.28049
1.27872
1.28
1.28
1.28
1.28
1.28
1.28
1.28
1.28002
1.28063
1.27839
1.28
1.28
1.28
1.28
1.28
1.28
1.28
1.28003
1.2808
1.27803
1.28
1.28
1.28
1.28
1.28
1.28
1.28
1.28004
1.28101
1.27762
1.28
1.28
1.28
1.28
1.28
1.28
1.28
1.28006
1.28127
1.27718
1.28
1.28
1.28
1.28
1.28
1.28
1.28
1.28008
1.28161
1.27669
1.27995
1.27999
1.28
1.28
1.28
1.28
1.28
1.28012
1.28204
1.27612
1.28
1.28
1.28
1.28
1.28
1.28
1.28
1.28
1.28014
1.27874
1.28
1.28
1.28
1.28
1.28
1.28
1.28
1.28001
1.28019
1.27832
1.28
1.28
1.28
1.28
1.28
1.28
1.28
1.28001
1.28024
1.27787
1.28
1.28
1.28
1.28
1.28
1.28
1.28
1.28001
1.28031
1.27735
1.28
1.28
1.28
1.28
1.28
1.28
1.28
1.28002
1.2804
1.27676
1.28
1.28
1.28
1.28
1.28
1.28
1.28
1.28003
1.28051
1.27606
1.28
1.28
1.28
1.28
1.28
1.28
1.28
1.28004
1.28065
1.27525
1.28
1.28
1.28
1.28
1.28
1.28
1.28
1.28006
1.28084
1.2743
1.28
1.28
1.28
1.28
1.28
1.28
1.28
1.28009
1.28108
1.27317
1.27997
1.28
1.28
1.28
1.28
1.28
1.28001
1.28013
1.28139
1.2718
1.28
1.28
1.28
1.28
1.28
1.28
1.28
1.28
1.28002
1.278
1.28
1.28
1.28
1.28
1.28
1.28
1.28
1.28
1.28003
1.27743
1.28
1.28
1.28
1.28
1.28
1.28
1.28
1.28
1.28003
1.27679
1.28
1.28
1.28
1.28
1.28
1.28
1.28
1.28
1.28003
1.27604
1.28
1.28
1.28
1.28
1.28
1.28
1.28
1.28001
1.28004
1.27515
1.28
1.28
1.28
1.28
1.28
1.28
1.28
1.28001
1.28004
1.27409
1.28
1.28
1.28
1.28
1.28
1.28
1.28
1.28001
1.28003
1.27281
1.28
1.28
1.28
1.28
1.28
1.28
1.28
1.28002
1.28001
1.27126
1.28
1.28
1.28
1.28
1.28
1.28
1.28
1.28003
1.27998
1.26934
1.28002
1.28
1.28
1.28
1.28
1.28
1.28
1.28004
1.27991
1.26692
1.28
1.28
1.28
1.28
1.28
1.28
1.28
1.28
1.27993
1.27755
1.28
1.28
1.28
1.28
1.28
1.28
1.28
1.28
1.2799
1.27688
1.28
1.28
1.28
1.28
1.28
1.28
1.28
1.28
1.27987
1.27612
1.28
1.28
1.28
1.28
1.28
1.28
1.28
1.27999
1.27981
1.27521
1.28
1.28
1.28
1.28
1.28
1.28
1.28
1.27999
1.27974
1.27413
1.28
1.28
1.28
1.28
1.28
1.28
1.28
1.27999
1.27964
1.27282
1.28
1.28
1.28
1.28
1.28
1.28
1.28
1.27998
1.2795
1.27123
1.28
1.28
1.28
1.28
1.28
1.28
1.28
1.27997
1.27929
1.26926
1.28
1.28
1.28
1.28
1.28
1.28
1.28
1.27994
1.27898
1.2668
1.28027
1.28003
1.28
1.28
1.28
1.28
1.27999
1.2799
1.27851
1.26364
1.28
1.28
1.28
1.28
1.28
1.28
1.28
1.28
1.27993
1.27754
1.28
1.28
1.28
1.28
1.28
1.28
1.28
1.28
1.2799
1.27687
1.28
1.28
1.28
1.28
1.28
1.28
1.28
1.28
1.27987
1.27611
1.28
1.28
1.28
1.28
1.28
1.28
1.28
1.27999
1.27981
1.27521
1.28
1.28
1.28
1.28
1.28
1.28
1.28
1.27999
1.27974
1.27413
1.28
1.28
1.28
1.28
1.28
1.28
1.28
1.27999
1.27964
1.27282
1.28
1.28
1.28
1.28
1.28
1.28
1.28
1.27998
1.2795
1.27122
1.28
1.28
1.28
1.28
1.28
1.28
1.28
1.27997
1.27929
1.26926
1.28
1.28
1.28
1.28
1.28
1.28
1.28
1.27994
1.27898
1.2668
1.28027
1.28003
1.28
1.28
1.28
1.28
1.27999
1.2799
1.27851
1.26364
1.28
1.28
1.28
1.28
1.28
1.28
1.28
1.28
1.28002
1.27799
1.28
1.28
1.28
1.28
1.28
1.28
1.28
1.28
1.28002
1.27742
1.28
1.28
1.28
1.28
1.28
1.28
1.28
1.28
1.28003
1.27678
1.28
1.28
1.28
1.28
1.28
1.28
1.28
1.28
1.28003
1.27603
1.28
1.28
1.28
1.28
1.28
1.28
1.28
1.28001
1.28003
1.27514
1.28
1.28
1.28
1.28
1.28
1.28
1.28
1.28001
1.28003
1.27408
1.28
1.28
1.28
1.28
1.28
1.28
1.28
1.28001
1.28003
1.2728
1.28
1.28
1.28
1.28
1.28
1.28
1.28
1.28002
1.28001
1.27125
1.28
1.28
1.28
1.28
1.28
1.28
1.28
1.28003
1.27998
1.26934
1.28002
1.28
1.28
1.28
1.28
1.28
1.28
1.28004
1.27991
1.26691
1.28
1.28
1.28
1.28
1.28
1.28
1.28
1.28
1.28014
1.27873
1.28
1.28
1.28
1.28
1.28
1.28
1.28
1.28001
1.28019
1.27831
1.28
1.28
1.28
1.28
1.28
1.28
1.28
1.28001
1.28024
1.27786
1.28
1.28
1.28
1.28
1.28
1.28
1.28
1.28001
1.28031
1.27734
1.28
1.28
1.28
1.28
1.28
1.28
1.28
1.28002
1.2804
1.27674
1.28
1.28
1.28
1.28
1.28
1.28
1.28
1.28003
1.28051
1.27605
1.28
1.28
1.28
1.28
1.28
1.28
1.28
1.28004
1.28066
1.27524
1.28
1.28
1.28
1.28
1.28
1.28
1.28
1.28006
1.28084
1.27429
1.28
1.28
1.28
1.28
1.28
1.28
1.28
1.28009
1.28108
1.27317
1.27997
1.28
1.28
1.28
1.28
1.28
1.28001
1.28013
1.28139
1.2718
1.28
1.28
1.28
1.28
1.28
1.28
1.28
1.28001
1.28023
1.27955
1.28
1.28
1.28
1.28
1.28
1.28
1.28
1.28001
1.2803
1.27928
1.28
1.28
1.28
1.28
1.28
1.28
1.28
1.28001
1.28039
1.27901
1.28
1.28
1.28
1.28
1.28
1.28
1.28
1.28002
1.2805
1.27871
1.28
1.28
1.28
1.28
1.28
1.28
1.28
1.28002
1.28063
1.27838
1.28
1.28
1.28
1.28
1.28
1.28
1.28
1.28003
1.2808
1.27802
1.28
1.28
1.28
1.28
1.28
1.28
1.28
1.28004
1.28101
1.27762
1.28
1.28
1.28
1.28
1.28
1.28
1.28
1.28006
1.28127
1.27718
1.28
1.28
1.28
1.28
1.28
1.28
1.28
1.28008
1.28161
1.27669
1.27995
1.27999
1.28
1.28
1.28
1.28
1.28
1.28012
1.28204
1.27612
1.28
1.28
1.28
1.28
1.28
1.28
1.28
1.28001
1.28026
1.2803
1.28
1.28
1.28
1.28
1.28
1.28
1.28
1.28001
1.28033
1.28014
1.28
1.28
1.28
1.28
1.28
1.28
1.28
1.28001
1.28043
1.27999
1.28
1.28
1.28
1.28
1.28
1.28
1.28
1.28001
1.28054
1.27984
1.28
1.28
1.28
1.28
1.28
1.28
1.28
1.28002
1.28067
1.27969
1.28
1.28
1.28
1.28
1.28
1.28
1.28
1.28002
1.28084
1.27954
1.28
1.28
1.28
1.28
1.28
1.28
1.28
1.28003
1.28104
1.2794
1.28
1.28
1.28
1.28
1.28
1.28
1.28
1.28004
1.28128
1.27925
1.28
1.28
1.28
1.28
1.28
1.28
1.28
1.28006
1.28158
1.27911
1.27995
1.27999
1.28
1.28
1.28
1.28
1.28
1.28008
1.28194
1.27897
1.28
1.28
1.28
1.28
1.28
1.28
1.28
1.28
1.28023
1.28096
1.28
1.28
1.28
1.28
1.28
1.28
1.28
1.28
1.2803
1.28082
1.28
1.28
1.28
1.28
1.28
1.28
1.28
1.28001
1.28038
1.28073
1.28
1.28
1.28
1.28
1.28
1.28
1.28
1.28001
1.28048
1.28066
1.28
1.28
1.28
1.28
1.28
1.28
1.28
1.28001
1.28059
1.2806
1.28
1.28
1.28
1.28
1.28
1.28
1.28
1.28002
1.28072
1.28055
1.28
1.28
1.28
1.28
1.28
1.28
1.28
1.28002
1.28088
1.28052
1.28
1.28
1.28
1.28
1.28
1.28
1.28
1.28003
1.28106
1.28051
1.28
1.28
1.28
1.28
1.28
1.28
1.28
1.28004
1.28128
1.28051
1.27995
1.27999
1.28
1.28
1.28
1.28
1.28
1.28005
1.28154
1.28052
1.28
1.28
1.28
1.28
1.28
1.28
1.28
1.28
1.28017
1.28119
1.28
1.28
1.28
1.28
1.28
1.28
1.28
1.28
1.28023
1.28146
1.28
1.28
1.28
1.28
1.28
1.28
1.28
1.28
1.28029
1.2813
1.28
1.28
1.28
1.28
1.28
1.28
1.28
1.28
1.28037
1.28123
1.28
1.28
1.28
1.28
1.28
1.28
1.28
1.28001
1.28045
1.28119
1.28
1.28
1.28
1.28
1.28
1.28
1.28
1.28001
1.28055
1.28118
1.28
1.28
1.28
1.28
1.28
1.28
1.28
1.28001
1.28066
1.28118
1.28
1.28
1.28
1.28
1.28
1.28
1.28
1.28001
1.28079
1.2812
1.28
1.28
1.28
1.28
1.28
1.28
1.28
1.28002
1.28094
1.28124
1.27996
1.27999
1.28
1.28
1.28
1.28
1.28
1.28002
1.28111
1.28129
1.28
1.28
1.28
1.28
1.28
1.28
1.28
1.28
1.2801
1.28096
1.28
1.28
1.28
1.28
1.28
1.28
1.28
1.28
1.28014
1.28101
1.28
1.28
1.28
1.28
1.28
1.28
1.28
1.28
1.28019
1.28142
1.28
1.28
1.28
1.28
1.28
1.28
1.28
1.28
1.28025
1.28174
1.28
1.28
1.28
1.28
1.28
1.28
1.28
1.28
1.28031
1.28165
1.28
1.28
1.28
1.28
1.28
1.28
1.28
1.28
1.28038
1.2816
1.28
1.28
1.28
1.28
1.28
1.28
1.28
1.28
1.28046
1.28158
1.28
1.28
1.28
1.28
1.28
1.28
1.28
1.28001
1.28055
1.28159
1.28
1.28
1.28
1.28
1.28
1.28
1.28
1.28001
1.28064
1.28161
1.27999
1.27999
1.28
1.28
1.28
1.28
1.28
1.28001
1.28075
1.28165
1.28
1.28
1.28
1.28
1.28
1.28
1.28
1.28
1.28003
1.28097
1.28
1.28
1.28
1.28
1.28
1.28
1.28
1.28
1.28006
1.28106
1.28
1.28
1.28
1.28
1.28
1.28
1.28
1.28
1.2801
1.28107
1.28
1.28
1.28
1.28
1.28
1.28
1.28
1.28
1.28014
1.28109
1.28
1.28
1.28
1.28
1.28
1.28
1.28
1.28
1.28019
1.28144
1.28
1.28
1.28
1.28
1.28
1.28
1.28
1.28
1.28024
1.28175
1.28
1.28
1.28
1.28
1.28
1.28
1.28
1.28
1.28029
1.28201
1.28
1.28
1.28
1.28
1.28
1.28
1.28
1.28
1.28035
1.28191
1.28
1.28
1.28
1.28
1.28
1.28
1.28
1.28
1.28041
1.28187
1.2802
1.28
1.28
1.28
1.28
1.28
1.28
1.28
1.28048
1.28187
1.28
1.28
1.28
1.28
1.28
1.28
1.28
1.28
1.27997
1.28057
1.28
1.28
1.28
1.28
1.28
1.28
1.28
1.28
1.28
1.28066
1.28
1.28
1.28
1.28
1.28
1.28
1.28
1.28
1.28003
1.28084
1.28
1.28
1.28
1.28
1.28
1.28
1.28
1.28
1.28005
1.2809
1.28
1.28
1.28
1.28
1.28
1.28
1.28
1.28
1.28008
1.28097
1.28
1.28
1.28
1.28
1.28
1.28
1.28
1.28
1.28012
1.28104
1.28
1.28
1.28
1.28
1.28
1.28
1.28
1.28
1.28015
1.28112
1.28
1.28
1.28
1.28
1.28
1.28
1.28
1.28
1.28019
1.28151
1.28
1.28
1.28
1.28
1.28
1.28
1.28
1.28
1.28024
1.28183
1.28045
1.28014
1.28002
1.28
1.28
1.28
1.28
1.28
1.28028
1.28211
1.28
1.28
1.28
1.28
1.28
1.28
1.28
1.28
1.28001
1.28267
1.28
1.28
1.28
1.28
1.28
1.28
1.28
1.28
1.28001
1.28262
1.28
1.28
1.28
1.28
1.28
1.28
1.28
1.28
1.28001
1.2825
1.28
1.28
1.28
1.28
1.28
1.28
1.28
1.28
1.28001
1.28272
1.28
1.28
1.28
1.28
1.28
1.28
1.28
1.28
1.28002
1.28296
1.28
1.28
1.28
1.28
1.28
1.28
1.28
1.28
1.28002
1.28321
1.28
1.28
1.28
1.28
1.28
1.28
1.28
1.28
1.28002
1.28349
1.28
1.28
1.28
1.28
1.28
1.28
1.28
1.28
1.28002
1.28382
1.28
1.28
1.28
1.28
1.28
1.28
1.28
1.28
1.28002
1.28419
1.2801
1.28002
1.28
1.28
1.28
1.28
1.28
1.28
1.28003
1.28456
1.28
1.28
1.28
1.28
1.28
1.28
1.28
1.28
1.28001
1.28032
1.28
1.28
1.28
1.28
1.28
1.28
1.28
1.28
1.28001
1.28034
1.28
1.28
1.28
1.28
1.28
1.28
1.28
1.28
1.28001
1.28035
1.28
1.28
1.28
1.28
1.28
1.28
1.28
1.28
1.28001
1.28045
1.28
1.28
1.28
1.28
1.28
1.28
1.28
1.28
1.28001
1.28054
1.28
1.28
1.28
1.28
1.28
1.28
1.28
1.28
1.28001
1.28061
1.28
1.28
1.28
1.28
1.28
1.28
1.28
1.28
1.28001
1.28067
1.28
1.28
1.28
1.28
1.28
1.28
1.28
1.28
1.28001
1.2807
1.28
1.28
1.28
1.28
1.28
1.28
1.28
1.28
1.28
1.28066
1.28001
1.28
1.28
1.28
1.28
1.28
1.28
1.28
1.28
1.28056
1.28
1.28
1.28
1.28
1.28
1.28
1.28
1.28
1.28
1.27903
1.28
1.28
1.28
1.28
1.28
1.28
1.28
1.28
1.28
1.27912
1.28
1.28
1.28
1.28
1.28
1.28
1.28
1.28
1.28
1.27921
1.28
1.28
1.28
1.28
1.28
1.28
1.28
1.28
1.28
1.2793
1.28
1.28
1.28
1.28
1.28
1.28
1.28
1.28
1.28
1.27939
1.28
1.28
1.28
1.28
1.28
1.28
1.28
1.28
1.28
1.27948
1.28
1.28
1.28
1.28
1.28
1.28
1.28
1.28
1.28
1.27958
1.28
1.28
1.28
1.28
1.28
1.28
1.28
1.28
1.28
1.27967
1.28
1.28
1.28
1.28
1.28
1.28
1.28
1.28
1.28
1.27978
1.28
1.28
1.28
1.28
1.28
1.28
1.28
1.28
1.28
1.27994
1.28
1.28
1.28
1.28
1.28
1.28
1.28
1.28
1.27999
1.27871
1.28
1.28
1.28
1.28
1.28
1.28
1.28
1.28
1.27999
1.27883
1.28
1.28
1.28
1.28
1.28
1.28
1.28
1.28
1.27999
1.27895
1.28
1.28
1.28
1.28
1.28
1.28
1.28
1.28
1.28
1.27906
1.28
1.28
1.28
1.28
1.28
1.28
1.28
1.28
1.28
1.27918
1.28
1.28
1.28
1.28
1.28
1.28
1.28
1.28
1.28
1.2793
1.28
1.28
1.28
1.28
1.28
1.28
1.28
1.28
1.28
1.27943
1.28
1.28
1.28
1.28
1.28
1.28
1.28
1.28
1.28
1.27956
1.28
1.28
1.28
1.28
1.28
1.28
1.28
1.28
1.28
1.27971
1.28
1.28
1.28
1.28
1.28
1.28
1.28
1.28
1.28
1.27989
1.28
1.28
1.28
1.28
1.28
1.28
1.28
1.28
1.27999
1.27876
1.28
1.28
1.28
1.28
1.28
1.28
1.28
1.28
1.27999
1.27887
1.28
1.28
1.28
1.28
1.28
1.28
1.28
1.28
1.27999
1.27899
1.28
1.28
1.28
1.28
1.28
1.28
1.28
1.28
1.27999
1.27911
1.28
1.28
1.28
1.28
1.28
1.28
1.28
1.28
1.28
1.27923
1.28
1.28
1.28
1.28
1.28
1.28
1.28
1.28
1.28
1.27936
1.28
1.28
1.28
1.28
1.28
1.28
1.28
1.28
1.28
1.27949
1.28
1.28
1.28
1.28
1.28
1.28
1.28
1.28
1.28
1.27962
1.28
1.28
1.28
1.28
1.28
1.28
1.28
1.28
1.28
1.27976
1.28
1.28
1.28
1.28
1.28
1.28
1.28
1.28
1.28
1.27991
1.28
1.28
1.28
1.28
1.28
1.28
1.28
1.28
1.27999
1.27886
1.28
1.28
1.28
1.28
1.28
1.28
1.28
1.28
1.27999
1.27896
1.28
1.28
1.28
1.28
1.28
1.28
1.28
1.28
1.27999
1.27908
1.28
1.28
1.28
1.28
1.28
1.28
1.28
1.28
1.28
1.27919
1.28
1.28
1.28
1.28
1.28
1.28
1.28
1.28
1.28
1.27931
1.28
1.28
1.28
1.28
1.28
1.28
1.28
1.28
1.28
1.27943
1.28
1.28
1.28
1.28
1.28
1.28
1.28
1.28
1.28
1.27955
1.28
1.28
1.28
1.28
1.28
1.28
1.28
1.28
1.28
1.27967
1.28
1.28
1.28
1.28
1.28
1.28
1.28
1.28
1.28
1.2798
1.28
1.28
1.28
1.28
1.28
1.28
1.28
1.28
1.28
1.27993
1.28
1.28
1.28
1.28
1.28
1.28
1.28
1.28
1.27999
1.27892
1.28
1.28
1.28
1.28
1.28
1.28
1.28
1.28
1.27999
1.27903
1.28
1.28
1.28
1.28
1.28
1.28
1.28
1.28
1.28
1.27913
1.28
1.28
1.28
1.28
1.28
1.28
1.28
1.28
1.28
1.27924
1.28
1.28
1.28
1.28
1.28
1.28
1.28
1.28
1.28
1.27935
1.28
1.28
1.28
1.28
1.28
1.28
1.28
1.28
1.28
1.27946
1.28
1.28
1.28
1.28
1.28
1.28
1.28
1.28
1.28
1.27958
1.28
1.28
1.28
1.28
1.28
1.28
1.28
1.28
1.28
1.2797
1.28
1.28
1.28
1.28
1.28
1.28
1.28
1.28
1.28
1.27982
1.28
1.28
1.28
1.28
1.28
1.28
1.28
1.28
1.28
1.27994
1.28
1.28
1.28
1.28
1.28
1.28
1.28
1.28
1.28
1.27892
1.28
1.28
1.28
1.28
1.28
1.28
1.28
1.28
1.28
1.27902
1.28
1.28
1.28
1.28
1.28
1.28
1.28
1.28
1.28
1.27912
1.28
1.28
1.28
1.28
1.28
1.28
1.28
1.28
1.28
1.27923
1.28
1.28
1.28
1.28
1.28
1.28
1.28
1.28
1.28
1.27934
1.28
1.28
1.28
1.28
1.28
1.28
1.28
1.28
1.28
1.27945
1.28
1.28
1.28
1.28
1.28
1.28
1.28
1.28
1.28
1.27957
1.28
1.28
1.28
1.28
1.28
1.28
1.28
1.28
1.28
1.27969
1.28
1.28
1.28
1.28
1.28
1.28
1.28
1.28
1.28
1.27981
1.28
1.28
1.28
1.28
1.28
1.28
1.28
1.28
1.28
1.27993
1.28003
1.28002
1.28002
1.28002
1.28002
1.28002
1.28002
1.28003
1.28002
1.27875
1.28002
1.28001
1.28001
1.28002
1.28002
1.28002
1.28002
1.28002
1.28002
1.27887
1.28002
1.28001
1.28001
1.28001
1.28001
1.28001
1.28001
1.28001
1.28001
1.27899
1.28002
1.28001
1.28001
1.28001
1.28001
1.28001
1.28001
1.28001
1.28
1.27911
1.28002
1.28001
1.28001
1.28001
1.28001
1.28001
1.28001
1.28
1.28
1.27923
1.28002
1.28
1.28
1.28
1.28
1.28
1.28
1.28
1.28
1.27936
1.28001
1.28
1.28
1.28
1.28
1.28
1.28
1.28
1.27999
1.27949
1.28001
1.28
1.28
1.28
1.28
1.28
1.27999
1.27999
1.27999
1.27963
1.28
1.28
1.28
1.27999
1.27999
1.27999
1.27999
1.27999
1.27999
1.27977
1.27999
1.27999
1.27999
1.27999
1.27999
1.27999
1.27999
1.27999
1.27999
1.27991
1.2803
1.27999
1.27998
1.27997
1.27996
1.27996
1.27995
1.27993
1.27991
1.27824
1.28026
1.27997
1.27996
1.27996
1.27996
1.27995
1.27995
1.27994
1.27992
1.27842
1.28024
1.27997
1.27996
1.27996
1.27996
1.27995
1.27995
1.27994
1.27993
1.27859
1.28022
1.27997
1.27996
1.27996
1.27996
1.27996
1.27995
1.27995
1.27994
1.27876
1.28019
1.27997
1.27996
1.27996
1.27996
1.27996
1.27995
1.27995
1.27994
1.27894
1.28016
1.27997
1.27996
1.27996
1.27996
1.27996
1.27996
1.27995
1.27994
1.27912
1.28013
1.27996
1.27996
1.27996
1.27996
1.27996
1.27996
1.27995
1.27995
1.2793
1.28008
1.27996
1.27996
1.27996
1.27996
1.27996
1.27996
1.27996
1.27995
1.27948
1.28004
1.27996
1.27996
1.27996
1.27996
1.27996
1.27996
1.27996
1.27995
1.27967
1.27994
1.27991
1.27992
1.27992
1.27993
1.27993
1.27994
1.27994
1.27995
1.27985
1.28
1.28
1.28
1.28
1.28
1.28
1.28
1.28
1.28
1.27883
1.28
1.28
1.28
1.28
1.28
1.28
1.28
1.28
1.28
1.27973
1.28
1.28
1.28
1.28
1.28
1.28
1.28
1.28
1.28
1.27988
1.28
1.28
1.28
1.28
1.28
1.28
1.28
1.28
1.28
1.2799
1.28
1.28
1.28
1.28
1.28
1.28
1.28
1.28
1.28
1.27991
1.28
1.28
1.28
1.28
1.28
1.28
1.28
1.28
1.28
1.27991
1.28
1.28
1.28
1.28
1.28
1.28
1.28
1.28
1.28
1.2799
1.28
1.28
1.28
1.28
1.28
1.28
1.28
1.28
1.28
1.27988
1.28
1.28
1.28
1.28
1.28
1.28
1.28
1.28
1.28
1.27972
1.28
1.28
1.28
1.28
1.28
1.28
1.28
1.28
1.28
1.27868
1.28
1.28
1.28
1.28
1.28
1.28
1.28
1.28
1.28
1.27973
1.28
1.28
1.28
1.28
1.28
1.28
1.28
1.28
1.28
1.28002
1.28
1.28
1.28
1.28
1.28
1.28
1.28
1.28
1.28
1.28005
1.28
1.28
1.28
1.28
1.28
1.28
1.28
1.28
1.28
1.28005
1.28
1.28
1.28
1.28
1.28
1.28
1.28
1.28
1.28
1.28005
1.28
1.28
1.28
1.28
1.28
1.28
1.28
1.28
1.28
1.28005
1.28
1.28
1.28
1.28
1.28
1.28
1.28
1.28
1.28
1.28005
1.28
1.28
1.28
1.28
1.28
1.28
1.28
1.28
1.28
1.28005
1.28
1.28
1.28
1.28
1.28
1.28
1.28
1.28
1.28
1.28001
1.28
1.28
1.28
1.28
1.28
1.28
1.28
1.28
1.28
1.27972
1.28
1.28
1.28
1.28
1.28
1.28
1.28
1.28
1.28
1.27988
1.28
1.28
1.28
1.28
1.28
1.28
1.28
1.28
1.28
1.28005
1.28
1.28
1.28
1.28
1.28
1.28
1.28
1.28
1.28
1.28006
1.28
1.28
1.28
1.28
1.28
1.28
1.28
1.28
1.28
1.28006
1.28
1.28
1.28
1.28
1.28
1.28
1.28
1.28
1.28
1.28006
1.28
1.28
1.28
1.28
1.28
1.28
1.28
1.28
1.28
1.28006
1.28
1.28
1.28
1.28
1.28
1.28
1.28
1.28
1.28
1.28006
1.28
1.28
1.28
1.28
1.28
1.28
1.28
1.28
1.28
1.28006
1.28
1.28
1.28
1.28
1.28
1.28
1.28
1.28
1.28
1.28005
1.28
1.28
1.28
1.28
1.28
1.28
1.28
1.28
1.28
1.27988
1.28
1.28
1.28
1.28
1.28
1.28
1.28
1.28
1.28
1.2799
1.28
1.28
1.28
1.28
1.28
1.28
1.28
1.28
1.28
1.28005
1.28
1.28
1.28
1.28
1.28
1.28
1.28
1.28
1.28
1.28006
1.28
1.28
1.28
1.28
1.28
1.28
1.28
1.28
1.28
1.28006
1.28
1.28
1.28
1.28
1.28
1.28
1.28
1.28
1.28
1.28006
1.28
1.28
1.28
1.28
1.28
1.28
1.28
1.28
1.28
1.28006
1.28
1.28
1.28
1.28
1.28
1.28
1.28
1.28
1.28
1.28006
1.28
1.28
1.28
1.28
1.28
1.28
1.28
1.28
1.28
1.28006
1.28
1.28
1.28
1.28
1.28
1.28
1.28
1.28
1.28
1.28005
1.28
1.28
1.28
1.28
1.28
1.28
1.28
1.28
1.28
1.2799
1.28
1.28
1.28
1.28
1.28
1.28
1.28
1.28
1.28
1.27991
1.28
1.28
1.28
1.28
1.28
1.28
1.28
1.28
1.28
1.28005
1.28
1.28
1.28
1.28
1.28
1.28
1.28
1.28
1.28
1.28006
1.28
1.28
1.28
1.28
1.28
1.28
1.28
1.28
1.28
1.28006
1.28
1.28
1.28
1.28
1.28
1.28
1.28
1.28
1.28
1.28006
1.28
1.28
1.28
1.28
1.28
1.28
1.28
1.28
1.28
1.28006
1.28
1.28
1.28
1.28
1.28
1.28
1.28
1.28
1.28
1.28006
1.28
1.28
1.28
1.28
1.28
1.28
1.28
1.28
1.28
1.28006
1.28
1.28
1.28
1.28
1.28
1.28
1.28
1.28
1.28
1.28005
1.28
1.28
1.28
1.28
1.28
1.28
1.28
1.28
1.28
1.27991
1.28
1.28
1.28
1.28
1.28
1.28
1.28
1.28
1.28
1.27991
1.28
1.28
1.28
1.28
1.28
1.28
1.28
1.28
1.28
1.28005
1.28
1.28
1.28
1.28
1.28
1.28
1.28
1.28
1.28
1.28006
1.28
1.28
1.28
1.28
1.28
1.28
1.28
1.28
1.28
1.28006
1.28
1.28
1.28
1.28
1.28
1.28
1.28
1.28
1.28
1.28006
1.28
1.28
1.28
1.28
1.28
1.28
1.28
1.28
1.28
1.28006
1.28
1.28
1.28
1.28
1.28
1.28
1.28
1.28
1.28
1.28006
1.28
1.28
1.28
1.28
1.28
1.28
1.28
1.28
1.28
1.28006
1.28
1.28
1.28
1.28
1.28
1.28
1.28
1.28
1.28
1.28005
1.28
1.28
1.28
1.28
1.28
1.28
1.28
1.28
1.28
1.27991
1.28
1.28
1.28
1.28
1.28
1.28
1.28
1.28
1.28
1.2799
1.28
1.28
1.28
1.28
1.28
1.28
1.28
1.28
1.28
1.28005
1.28
1.28
1.28
1.28
1.28
1.28
1.28
1.28
1.28
1.28006
1.28
1.28
1.28
1.28
1.28
1.28
1.28
1.28
1.28
1.28006
1.28
1.28
1.28
1.28
1.28
1.28
1.28
1.28
1.28
1.28006
1.28
1.28
1.28
1.28
1.28
1.28
1.28
1.28
1.28
1.28006
1.28
1.28
1.28
1.28
1.28
1.28
1.28
1.28
1.28
1.28006
1.28
1.28
1.28
1.28
1.28
1.28
1.28
1.28
1.28
1.28006
1.28
1.28
1.28
1.28
1.28
1.28
1.28
1.28
1.28
1.28005
1.28
1.28
1.28
1.28
1.28
1.28
1.28
1.28
1.28
1.2799
1.28
1.28
1.28
1.28
1.28
1.28
1.28
1.28
1.28
1.27988
1.28
1.28
1.28
1.28
1.28
1.28
1.28
1.28
1.28
1.28005
1.28
1.28
1.28
1.28
1.28
1.28
1.28
1.28
1.28
1.28006
1.28
1.28
1.28
1.28
1.28
1.28
1.28
1.28
1.28
1.28006
1.28
1.28
1.28
1.28
1.28
1.28
1.28
1.28
1.28
1.28006
1.28
1.28
1.28
1.28
1.28
1.28
1.28
1.28
1.28
1.28006
1.28
1.28
1.28
1.28
1.28
1.28
1.28
1.28
1.28
1.28006
1.28
1.28
1.28
1.28
1.28
1.28
1.28
1.28
1.28
1.28006
1.28
1.28
1.28
1.28
1.28
1.28
1.28
1.28
1.28
1.28005
1.28
1.28
1.28
1.28
1.28
1.28
1.28
1.28
1.28
1.27988
1.28
1.28
1.28
1.28
1.28
1.28
1.28
1.28
1.28
1.27972
1.28
1.28
1.28
1.28
1.28
1.28
1.28
1.28
1.28
1.28001
1.28
1.28
1.28
1.28
1.28
1.28
1.28
1.28
1.28
1.28005
1.28
1.28
1.28
1.28
1.28
1.28
1.28
1.28
1.28
1.28005
1.28
1.28
1.28
1.28
1.28
1.28
1.28
1.28
1.28
1.28005
1.28
1.28
1.28
1.28
1.28
1.28
1.28
1.28
1.28
1.28005
1.28
1.28
1.28
1.28
1.28
1.28
1.28
1.28
1.28
1.28005
1.28
1.28
1.28
1.28
1.28
1.28
1.28
1.28
1.28
1.28005
1.28
1.28
1.28
1.28
1.28
1.28
1.28
1.28
1.28
1.28002
1.28
1.28
1.28
1.28
1.28
1.28
1.28
1.28
1.28
1.27973
1.28
1.28
1.28
1.28
1.28
1.28
1.28
1.28
1.28
1.27868
1.28
1.28
1.28
1.28
1.28
1.28
1.28
1.28
1.28
1.27972
1.28
1.28
1.28
1.28
1.28
1.28
1.28
1.28
1.28
1.27988
1.28
1.28
1.28
1.28
1.28
1.28
1.28
1.28
1.28
1.2799
1.28
1.28
1.28
1.28
1.28
1.28
1.28
1.28
1.28
1.27991
1.28
1.28
1.28
1.28
1.28
1.28
1.28
1.28
1.28
1.27991
1.28
1.28
1.28
1.28
1.28
1.28
1.28
1.28
1.28
1.2799
1.28
1.28
1.28
1.28
1.28
1.28
1.28
1.28
1.28
1.27988
1.28
1.28
1.28
1.28
1.28
1.28
1.28
1.28
1.28
1.27973
1.28
1.28
1.28
1.28
1.28
1.28
1.28
1.28
1.28
1.27882
)
;

boundaryField
{
    walls
    {
        type            zeroGradient;
    }
    nozzleExt
    {
        type            zeroGradient;
    }
    nozzleInt
    {
        type            zeroGradient;
    }
    inlet
    {
        type            fixedValue;
        value           uniform 5;
    }
    outlet
    {
        type            zeroGradient;
    }
    defaultFaces
    {
        type            empty;
    }
}


// ************************************************************************* //
