/*--------------------------------*- C++ -*----------------------------------*\
| =========                 |                                                 |
| \\      /  F ield         | OpenFOAM: The Open Source CFD Toolbox           |
|  \\    /   O peration     | Version:  4.1                                   |
|   \\  /    A nd           | Web:      www.OpenFOAM.org                      |
|    \\/     M anipulation  |                                                 |
\*---------------------------------------------------------------------------*/
FoamFile
{
    version     2.0;
    format      ascii;
    class       volScalarField;
    location    "0.98";
    object      p;
}
// * * * * * * * * * * * * * * * * * * * * * * * * * * * * * * * * * * * * * //

dimensions      [1 -1 -2 0 0 0 0];

internalField   nonuniform List<scalar> 
18000
(
1.28
1.28
1.28
1.28
1.28
1.28
1.28
1.28
1.28
1.28
1.28
1.28
1.28
1.28
1.28
1.28
1.28
1.28
1.28
1.28
1.28
1.28
1.28
1.28
1.28
1.28
1.28
1.28
1.28
1.28
1.28
1.28
1.28
1.28
1.28
1.28
1.28
1.28
1.28
1.28
1.28
1.28
1.28
1.28
1.28
1.28
1.28
1.28
1.28
1.28
1.28
1.28
1.28
1.28
1.28
1.28
1.28
1.28
1.28
1.28
1.28
1.28
1.28
1.28
1.28
1.28
1.28
1.28
1.28
1.28
1.28
1.28
1.28
1.28
1.28
1.28
1.28
1.28
1.28
1.28
1.28
1.28
1.28
1.28
1.28
1.28
1.28
1.28
1.28
1.28
1.28001
1.28001
1.28001
1.28001
1.28001
1.28001
1.28001
1.28001
1.28001
1.28001
1.28
1.28
1.28
1.28
1.28
1.28
1.28
1.28
1.28
1.28
1.28
1.28
1.28
1.28
1.28
1.28
1.28
1.28
1.28
1.28
1.28
1.28
1.28
1.28
1.28
1.28
1.28
1.28
1.28
1.28
1.28
1.28
1.28
1.28
1.28
1.28
1.28
1.28
1.28
1.28
1.28
1.28
1.28
1.28
1.28
1.28
1.28
1.28
1.28
1.28
1.28
1.28
1.28
1.28
1.28
1.28
1.28
1.28
1.28
1.28
1.28
1.28
1.28
1.28
1.28
1.28
1.28
1.28
1.28
1.28
1.28
1.28
1.28
1.28
1.28
1.28
1.28
1.28
1.28
1.28
1.28
1.28
1.28
1.28
1.28
1.28
1.28
1.28
1.28
1.28
1.28
1.28
1.28
1.28
1.28
1.28
1.28
1.28
1.28
1.28
1.28
1.28
1.28
1.28
1.28
1.28
1.28
1.28
1.28
1.28
1.28
1.28
1.28
1.28
1.28
1.28
1.28
1.28
1.28
1.28
1.28
1.28
1.28
1.28
1.28
1.28
1.28
1.28
1.28
1.28
1.28
1.28
1.28
1.28
1.28
1.28
1.28
1.28
1.28
1.28
1.28
1.28
1.28
1.28
1.28
1.28
1.28
1.28
1.28
1.28
1.28
1.28
1.28
1.28
1.28
1.28
1.28
1.28
1.28
1.28
1.28
1.28
1.28
1.28
1.28
1.28
1.28
1.28
1.28
1.28
1.28
1.28
1.28
1.28
1.28
1.28
1.28
1.28
1.28
1.28
1.28
1.28
1.28
1.28
1.28
1.28
1.28
1.28
1.28
1.28
1.28
1.28
1.28
1.28
1.28
1.28
1.28
1.28
1.28
1.28
1.28
1.28
1.28
1.28
1.28
1.28
1.28
1.28
1.28
1.28
1.28
1.28
1.28
1.28
1.28
1.28
1.28
1.28
1.28
1.28
1.28
1.28
1.28
1.28
1.28
1.28
1.28
1.28
1.28
1.28
1.28
1.28
1.28
1.28
1.28
1.28
1.28
1.28
1.28
1.28
1.28
1.28
1.28
1.28
1.28
1.28
1.28
1.28
1.28
1.28
1.28
1.28
1.28
1.28
1.28
1.28
1.28
1.28
1.28
1.28
1.28
1.28
1.28
1.28
1.28
1.28
1.28
1.28
1.28
1.28
1.28
1.28
1.28
1.28
1.28
1.28
1.28
1.28
1.28
1.28
1.28
1.28
1.28
1.28
1.28
1.28
1.28
1.28
1.28
1.28
1.28
1.28
1.28
1.28
1.28
1.28
1.28
1.28
1.28
1.28
1.28
1.28
1.28
1.28
1.28
1.28
1.28
1.28
1.28
1.28
1.28
1.28
1.28
1.28
1.28
1.28
1.28
1.28
1.28
1.28
1.28
1.28
1.28
1.28
1.28
1.28
1.28
1.28
1.28
1.28
1.28
1.28
1.28
1.28
1.28
1.28
1.28
1.28
1.28
1.28
1.28
1.28
1.28
1.28
1.28
1.28
1.28
1.28
1.28
1.28
1.28
1.28
1.28
1.28
1.28
1.28
1.28
1.28
1.28
1.28
1.28
1.28
1.28
1.28
1.28
1.28
1.28
1.28
1.28
1.28
1.28
1.28
1.28
1.28
1.28
1.28
1.28
1.28
1.28
1.28
1.28
1.28
1.28
1.28
1.28
1.28
1.28
1.28
1.28
1.28
1.28
1.28
1.28
1.28
1.28
1.28
1.28
1.28
1.28
1.28
1.28
1.28
1.28
1.28
1.28
1.28
1.28
1.28
1.28
1.28
1.28
1.28
1.28
1.28
1.28
1.28
1.28
1.28
1.28
1.28
1.28
1.28
1.28
1.28
1.28
1.28
1.28
1.28
1.28
1.28
1.28
1.28
1.28
1.28
1.28
1.28
1.28
1.28
1.28
1.28
1.28
1.28
1.28
1.28
1.28
1.28
1.28
1.28
1.28
1.28
1.28
1.28
1.28
1.28
1.28
1.28
1.28
1.28
1.28
1.28
1.28
1.28
1.28
1.28
1.28
1.28
1.28
1.28
1.28
1.28
1.28
1.28
1.28
1.28
1.28
1.28
1.28
1.28
1.28
1.28
1.28
1.28
1.28
1.28
1.28
1.28
1.28
1.28
1.28
1.28
1.28
1.28
1.28
1.28
1.28
1.28
1.28
1.28
1.28
1.28
1.28
1.28
1.28
1.28
1.28
1.28
1.28
1.28
1.28
1.28
1.28
1.28
1.28
1.28
1.28
1.28
1.28
1.28
1.28
1.28
1.28
1.28
1.28
1.28
1.28
1.28
1.28
1.28
1.28
1.28
1.28
1.28
1.28
1.28
1.28
1.28
1.28
1.28
1.28
1.28
1.28
1.28
1.28
1.28
1.28
1.28
1.28
1.28
1.28
1.28
1.28
1.28
1.28
1.28
1.28
1.28
1.28
1.28
1.28
1.28
1.28
1.28
1.28
1.28
1.28
1.28
1.28
1.28
1.28
1.28
1.28
1.28
1.28
1.28
1.28
1.28
1.28
1.28
1.28
1.28
1.28
1.28
1.28
1.28
1.28
1.28
1.28
1.28
1.28
1.28
1.28
1.28
1.28
1.28
1.28
1.28
1.28
1.28
1.28
1.28
1.28
1.28
1.28
1.28
1.28
1.28
1.28
1.28
1.28
1.28
1.28
1.28
1.28
1.28
1.28
1.28
1.28
1.28
1.28
1.28
1.28
1.28
1.28
1.28
1.28
1.28
1.28
1.28
1.28
1.28
1.28
1.28
1.28
1.28
1.28
1.28
1.28
1.28
1.28
1.28
1.28
1.28
1.28
1.28
1.28
1.28
1.28
1.28
1.28
1.28
1.28
1.28
1.28
1.28
1.28
1.28
1.28
1.28
1.28
1.28
1.28
1.28
1.28
1.28
1.28
1.28
1.28
1.28
1.28
1.28
1.28
1.28
1.28
1.28
1.28
1.28
1.28
1.28
1.28
1.28
1.28
1.28
1.28
1.28
1.28
1.28
1.28
1.28
1.28
1.28
1.28
1.28
1.28
1.28
1.28
1.28
1.28
1.28
1.28
1.28
1.28
1.28
1.28
1.28
1.28
1.28
1.28
1.28
1.28
1.28
1.28
1.28
1.28
1.28
1.28
1.28
1.28
1.28
1.28
1.28
1.28
1.28
1.28
1.28
1.28
1.28
1.28
1.28
1.28
1.28
1.28
1.28
1.28
1.28
1.28
1.28
1.28
1.28
1.28
1.28
1.28
1.28
1.28
1.28
1.28
1.28
1.28
1.28
1.28
1.28
1.28
1.28
1.28
1.28
1.28
1.28
1.28
1.28
1.28
1.28
1.28
1.28
1.28
1.28
1.28
1.28
1.28
1.28
1.28
1.28
1.28
1.28
1.28
1.28
1.28
1.28
1.28
1.28
1.28
1.28
1.28
1.28
1.28
1.28
1.28
1.28
1.28
1.28
1.28
1.28
1.28
1.28
1.28
1.28
1.28
1.28
1.28
1.28
1.28
1.28
1.28
1.28
1.28
1.28
1.28
1.28
1.28
1.28
1.28
1.28
1.28
1.28
1.28
1.28
1.28
1.28
1.28
1.28
1.28
1.28
1.28
1.28
1.28
1.28
1.28
1.28
1.28
1.28
1.28
1.28
1.28
1.28
1.28
1.28
1.28
1.28
1.28
1.28
1.28
1.28
1.28
1.28
1.28
1.28
1.28
1.28
1.28
1.28
1.28
1.28
1.28
1.28
1.28
1.28
1.28
1.28
1.28
1.28
1.28
1.28
1.28
1.28
1.28
1.28
1.28
1.28
1.28
1.28
1.28
1.28
1.28
1.28
1.28
1.28
1.28
1.28
1.28
1.28
1.28
1.28
1.28
1.28
1.28
1.28
1.28
1.28
1.28
1.28
1.28
1.28
1.28
1.28
1.28
1.28
1.28
1.28
1.28
1.28
1.28
1.28
1.28
1.28
1.28
1.28
1.28
1.28
1.28
1.28
1.28
1.28
1.28
1.28
1.28
1.28
1.28
1.28
1.28
1.28
1.28
1.28
1.28
1.28
1.28
1.28
1.28
1.28
1.28
1.28
1.28
1.28
1.28
1.28
1.28
1.28
1.28
1.28
1.28
1.28
1.28
1.28
1.28
1.28
1.28
1.28
1.28
1.28
1.28
1.28
1.28
1.28
1.28
1.28
1.28
1.28
1.28
1.28
1.28
1.28
1.28
1.28
1.28
1.28
1.28
1.28
1.28
1.28
1.28
1.28
1.28
1.28
1.28
1.28
1.28
1.28
1.28
1.28
1.28
1.28
1.28
1.28
1.28
1.28
1.28
1.28
1.28
1.28
1.28
1.28
1.28
1.28
1.28
1.28
1.28
1.28
1.28
1.28
1.28
1.28
1.28
1.28
1.28
1.28
1.28
1.28
1.28
1.28
1.28
1.28
1.28
1.28
1.28
1.28
1.28
1.28
1.28
1.28
1.28
1.28
1.28
1.28
1.28
1.28
1.28
1.28
1.28
1.28
1.28
1.28
1.28
1.28
1.28
1.28
1.28
1.28
1.28
1.28
1.28
1.28
1.28
1.28
1.28
1.28
1.28
1.28
1.28
1.28
1.28
1.28
1.28
1.28
1.28
1.28
1.28
1.28
1.28
1.28
1.28
1.28
1.28
1.28
1.28
1.28
1.28
1.28
1.28
1.28
1.28
1.28
1.28
1.28
1.28
1.28
1.28
1.28
1.28
1.28
1.28
1.28
1.28
1.28
1.28
1.28
1.28
1.28
1.28
1.28
1.28
1.28
1.28
1.28
1.28
1.28
1.28
1.28
1.28
1.28
1.28
1.28
1.28
1.28
1.28
1.28
1.28
1.28
1.28
1.28
1.28
1.28
1.28
1.28
1.28
1.28
1.28
1.28
1.28
1.28
1.28
1.28
1.28
1.28
1.28
1.28
1.28
1.28
1.28
1.28
1.28
1.28
1.28
1.28
1.28
1.28
1.28
1.28
1.28
1.28
1.28
1.28
1.28
1.28
1.28
1.28
1.28
1.28
1.28
1.28
1.28
1.28
1.28
1.28
1.28
1.28
1.28
1.28
1.28
1.28
1.28
1.28
1.28
1.28
1.28
1.28
1.28
1.28
1.28
1.28
1.28
1.28
1.28
1.28
1.28
1.28
1.28
1.28
1.28
1.28
1.28
1.28
1.28
1.28
1.28
1.28
1.28
1.28
1.28
1.28
1.28
1.28
1.28
1.28
1.28
1.28
1.28
1.28
1.28
1.28
1.28
1.28
1.28
1.28
1.28
1.28
1.28
1.28
1.28
1.28
1.28
1.28
1.28
1.28
1.28
1.28
1.28
1.28
1.28
1.28
1.28
1.28
1.28
1.28
1.28
1.28
1.28
1.28
1.28
1.28
1.28
1.28
1.28
1.28
1.28
1.28
1.28
1.28
1.28
1.28
1.28
1.28
1.28
1.28
1.28
1.28
1.28
1.28
1.28
1.28
1.28
1.28
1.28
1.28
1.28
1.28
1.28
1.28
1.28
1.28
1.28
1.28
1.28
1.28
1.28
1.28
1.28
1.28
1.28
1.28
1.28
1.28
1.28
1.28
1.28
1.28
1.28
1.28
1.28
1.28
1.28
1.28
1.28
1.28
1.28
1.28
1.28
1.28
1.28
1.28
1.28
1.28
1.28
1.28
1.28
1.28
1.28
1.28
1.28
1.28
1.28
1.28
1.28
1.28
1.28
1.28
1.28
1.28
1.28
1.28
1.28
1.28
1.28
1.28
1.28
1.28
1.28
1.28
1.28
1.28
1.28
1.28
1.28
1.28
1.28
1.28
1.28
1.28
1.28
1.28
1.28
1.28
1.28
1.28
1.28
1.28
1.28
1.28
1.28
1.28
1.28
1.28
1.28
1.28
1.28
1.28
1.28
1.28
1.28
1.28
1.28
1.28
1.28
1.28
1.28
1.28
1.28
1.28
1.28
1.28
1.28
1.28
1.28
1.28
1.28
1.28
1.28
1.28
1.28
1.28
1.28
1.28
1.28
1.28
1.28
1.28
1.28
1.28
1.28
1.28
1.28
1.28
1.28
1.28
1.28
1.28
1.28
1.28
1.28
1.28
1.28
1.28
1.28
1.28
1.28
1.28
1.28
1.28
1.28
1.28
1.28
1.28
1.28
1.28
1.28
1.28
1.28
1.28
1.28
1.28
1.28
1.28
1.28
1.28
1.28
1.28
1.28
1.28
1.28
1.28
1.28
1.28
1.28
1.28
1.28
1.28
1.28
1.28
1.28
1.28
1.28
1.28
1.28
1.28
1.28
1.28
1.28
1.28
1.28
1.28
1.28
1.28
1.28
1.28
1.28
1.28
1.28
1.28
1.28
1.28
1.28
1.28
1.28
1.28
1.28
1.28
1.28
1.28
1.28
1.28
1.28
1.28
1.28
1.28
1.28
1.28
1.28
1.28
1.28
1.28
1.28
1.28
1.28
1.28
1.28
1.28
1.28
1.28
1.28
1.28
1.28
1.28
1.28
1.28
1.28
1.28
1.28
1.28
1.28
1.28
1.28
1.28
1.28
1.28
1.28
1.28
1.28
1.28
1.28
1.28
1.28
1.28
1.28
1.28
1.28
1.28
1.28
1.28
1.28
1.28
1.28
1.28
1.28
1.28
1.28
1.28
1.28
1.28
1.28
1.28
1.28
1.28
1.28
1.28
1.28
1.28
1.28
1.28
1.28
1.28
1.28
1.28
1.28
1.28
1.28
1.28
1.28
1.28
1.28
1.28
1.28
1.28
1.28
1.28
1.28
1.28
1.28
1.28
1.28
1.28
1.28
1.28
1.28
1.28
1.28
1.28
1.28
1.28
1.28
1.28
1.28
1.28
1.28
1.28
1.28
1.28
1.28
1.28
1.28
1.28
1.28
1.28
1.28
1.28
1.28
1.28
1.28
1.28
1.28
1.28
1.28
1.28
1.28
1.28
1.28
1.28
1.28
1.28
1.28
1.28
1.28
1.28
1.28
1.28
1.28001
1.28
1.28
1.28
1.28
1.28
1.28
1.28
1.28
1.28
1.28
1.28
1.28
1.28
1.28
1.28
1.28
1.28
1.28
1.28
1.28
1.28
1.28
1.28
1.28
1.28
1.28
1.28
1.28
1.28
1.28
1.28
1.28
1.28
1.28
1.28
1.28
1.28
1.28
1.28
1.28
1.28
1.28
1.28
1.28
1.28
1.28
1.28
1.28
1.28
1.28
1.28
1.28
1.28
1.28
1.28
1.28
1.28
1.28
1.28
1.28
1.28
1.28
1.28
1.28
1.28
1.28
1.28
1.28
1.28
1.28
1.28
1.28
1.28
1.28
1.28
1.28
1.28
1.28
1.28
1.28
1.28
1.28
1.28
1.28
1.28
1.28
1.28
1.28
1.28
1.28
1.28
1.28
1.28
1.28
1.28
1.28
1.28
1.28
1.28
1.28001
1.28
1.28
1.28
1.28
1.28
1.28
1.28
1.28
1.28
1.28
1.28
1.28
1.28
1.28
1.28
1.28
1.28
1.28
1.28
1.28
1.28
1.28
1.28
1.28
1.28
1.28
1.28
1.28
1.28
1.28
1.28
1.28
1.28
1.28
1.28
1.28
1.28
1.28
1.28
1.28
1.28
1.28
1.28
1.28
1.28
1.28
1.28
1.28
1.28
1.28
1.28
1.28
1.28
1.28
1.28
1.28
1.28
1.28
1.28
1.28
1.28
1.28
1.28
1.28
1.28
1.28
1.28
1.28
1.28
1.28
1.28
1.28
1.28
1.28
1.28
1.28
1.28
1.28
1.28
1.28
1.28
1.28
1.28
1.28
1.28
1.28
1.28
1.28
1.28
1.28
1.28
1.28
1.28
1.28
1.28
1.28
1.28
1.28
1.28
1.28001
1.28
1.28
1.28
1.28
1.28
1.28
1.28
1.28
1.28
1.28
1.28
1.28
1.28
1.28
1.28
1.28
1.28
1.28
1.28
1.28
1.28
1.28
1.28
1.28
1.28
1.28
1.28
1.28
1.28
1.28
1.28
1.28
1.28
1.28
1.28
1.28
1.28
1.28
1.28
1.28
1.28
1.28
1.28
1.28
1.28
1.28
1.28
1.28
1.28
1.28
1.28
1.28
1.28
1.28
1.28
1.28
1.28
1.28
1.28
1.28
1.28
1.28
1.28
1.28
1.28
1.28
1.28
1.28
1.28
1.28
1.28
1.28
1.28
1.28
1.28
1.28
1.28
1.28
1.28
1.28
1.28
1.28
1.28
1.28
1.28
1.28
1.28
1.28
1.28
1.28
1.28
1.28
1.28
1.28
1.28
1.28
1.28
1.28
1.28
1.28001
1.28
1.28
1.28
1.28
1.28
1.28
1.28
1.28
1.28
1.28
1.28
1.28
1.28
1.28
1.28
1.28
1.28
1.28
1.28
1.28
1.28
1.28
1.28
1.28
1.28
1.28
1.28
1.28
1.28
1.28
1.28
1.28
1.28
1.28
1.28
1.28
1.28
1.28
1.28
1.28
1.28
1.28
1.28
1.28
1.28
1.28
1.28
1.28
1.28
1.28
1.28
1.28
1.28
1.28
1.28
1.28
1.28
1.28
1.28
1.28
1.28
1.28
1.28
1.28
1.28
1.28
1.28
1.28
1.28
1.28
1.28
1.28
1.28
1.28
1.28
1.28
1.28
1.28
1.28
1.28
1.28
1.28
1.28
1.28
1.28
1.28
1.28
1.28
1.28
1.28
1.28
1.28
1.28
1.28
1.28
1.28
1.28
1.28
1.28
1.28001
1.28
1.28
1.28
1.28
1.28
1.28
1.28
1.28
1.28
1.28
1.28
1.28
1.28
1.28
1.28
1.28
1.28
1.28
1.28
1.28
1.28
1.28
1.28
1.28
1.28
1.28
1.28
1.28
1.28
1.28
1.28
1.28
1.28
1.28
1.28
1.28
1.28
1.28
1.28
1.28
1.28
1.28
1.28
1.28
1.28
1.28
1.28
1.28
1.28
1.28
1.28
1.28
1.28
1.28
1.28
1.28
1.28
1.28
1.28
1.28
1.28
1.28
1.28
1.28
1.28
1.28
1.28
1.28
1.28
1.28
1.28
1.28
1.28
1.28
1.28
1.28
1.28
1.28
1.28
1.28
1.28
1.28
1.28
1.28
1.28
1.28
1.28
1.28
1.28
1.28
1.28
1.28
1.28
1.28
1.28
1.28
1.28
1.28
1.28
1.28001
1.28
1.28
1.28
1.28
1.28
1.28
1.28
1.28
1.28
1.28
1.28
1.28
1.28
1.28
1.28
1.28
1.28
1.28
1.28
1.28
1.28
1.28
1.28
1.28
1.28
1.28
1.28
1.28
1.28
1.28
1.28
1.28
1.28
1.28
1.28
1.28
1.28
1.28
1.28
1.28
1.28
1.28
1.28
1.28
1.28
1.28
1.28
1.28
1.28
1.28
1.28
1.28
1.28
1.28
1.28
1.28
1.28
1.28
1.28
1.28
1.28
1.28
1.28
1.28
1.28
1.28
1.28
1.28
1.28
1.28
1.28
1.28
1.28
1.28
1.28
1.28
1.28
1.28
1.28
1.28
1.28
1.28
1.28
1.28
1.28
1.28
1.28
1.28
1.28
1.28
1.28
1.28
1.28
1.28
1.28
1.28
1.28
1.28
1.28
1.28001
1.28
1.28
1.28
1.28
1.28
1.28
1.28
1.28
1.28
1.28
1.28
1.28
1.28
1.28
1.28
1.28
1.28
1.28
1.28
1.28
1.28
1.28
1.28
1.28
1.28
1.28
1.28
1.28
1.28
1.28
1.28
1.28
1.28
1.28
1.28
1.28
1.28
1.28
1.28
1.28
1.28
1.28
1.28
1.28
1.28
1.28
1.28
1.28
1.28
1.28
1.28
1.28
1.28
1.28
1.28
1.28
1.28
1.28
1.28
1.28
1.28
1.28
1.28
1.28
1.28
1.28
1.28
1.28
1.28
1.28
1.28
1.28
1.28
1.28
1.28
1.28
1.28
1.28
1.28
1.28
1.28
1.28
1.28
1.28
1.28
1.28
1.28
1.28
1.28
1.28
1.28
1.28
1.28
1.28
1.28
1.28
1.28
1.28
1.28
1.28001
1.28
1.28
1.28
1.28
1.28
1.28
1.28
1.28
1.28
1.28
1.28
1.28
1.28
1.28
1.28
1.28
1.28
1.28
1.28
1.28
1.28
1.28
1.28
1.28
1.28
1.28
1.28
1.28
1.28
1.28
1.28
1.28
1.28
1.28
1.28
1.28
1.28
1.28
1.28
1.28
1.28
1.28
1.28
1.28
1.28
1.28
1.28
1.28
1.28
1.28
1.28
1.28
1.28
1.28
1.28
1.28
1.28
1.28
1.28
1.28
1.28
1.28
1.28
1.28
1.28
1.28
1.28
1.28
1.28
1.28
1.28
1.28
1.28
1.28
1.28
1.28
1.28
1.28
1.28
1.28
1.28
1.28
1.28
1.28
1.28
1.28
1.28
1.28
1.28
1.28
1.28
1.28
1.28
1.28
1.28
1.28
1.28
1.28
1.28
1.28
1.28
1.28
1.28
1.28
1.28
1.28
1.28
1.28
1.28
1.28
1.28
1.28
1.28
1.28
1.28
1.28
1.28
1.28
1.28
1.28
1.28
1.28
1.28
1.28
1.28
1.28
1.28
1.28
1.28
1.28
1.28
1.28
1.28
1.28
1.28
1.28
1.28
1.28
1.28
1.28
1.28
1.28
1.28
1.28
1.28
1.28
1.28
1.28
1.28
1.28
1.28
1.28
1.28
1.28
1.28
1.28
1.28
1.28
1.28
1.28
1.28
1.28
1.28
1.28
1.28
1.28
1.28
1.28
1.28
1.28
1.28
1.28
1.28
1.28
1.28
1.28
1.28
1.28
1.28
1.28
1.28
1.28
1.28
1.28
1.28
1.28
1.28
1.28
1.28
1.28
1.28
1.28
1.28
1.28
1.28
1.28
1.28
1.28
1.28
1.28
1.28
1.28
1.28
1.28
1.28
1.28
1.28
1.28
1.28
1.28
1.28
1.28
1.28
1.28
1.28
1.28
1.28
1.28
1.28
1.28
1.28
1.28
1.28
1.28
1.28
1.28
1.28
1.28
1.28
1.28
1.28
1.28
1.28
1.28
1.28
1.28
1.28
1.28
1.28
1.28
1.28
1.28
1.28
1.28
1.28
1.28
1.28
1.28
1.28
1.28
1.28
1.28
1.28
1.28
1.28
1.28
1.28
1.28
1.28
1.28
1.28
1.28
1.28
1.28
1.28
1.28
1.28
1.28
1.28
1.28
1.28
1.28
1.28
1.28
1.28
1.28
1.28
1.28
1.28
1.28
1.28
1.28
1.28
1.28
1.28
1.28
1.28
1.28
1.28
1.28
1.28
1.28
1.28
1.28
1.28
1.28
1.28
1.28
1.28
1.28
1.28
1.28
1.28
1.28
1.28
1.28
1.28
1.28
1.28
1.28
1.28
1.28
1.28
1.28
1.28
1.28
1.28
1.28
1.28
1.28
1.28
1.28
1.28
1.28
1.28
1.28
1.28
1.28
1.28
1.28
1.28
1.28
1.28
1.28
1.28
1.28
1.28
1.28
1.28
1.28
1.28
1.28
1.28
1.28
1.28
1.28
1.28
1.28
1.28
1.28
1.28
1.28
1.28
1.28
1.28
1.28
1.28
1.28
1.28
1.28
1.28
1.28
1.28
1.28
1.28
1.28
1.28
1.28
1.28
1.28
1.28
1.28
1.28
1.28
1.28
1.28
1.28
1.28
1.28
1.28
1.28
1.28
1.28
1.28
1.28
1.28
1.28
1.28
1.28
1.28
1.28
1.28
1.28
1.28
1.28
1.28
1.28
1.28
1.28
1.28
1.28
1.28
1.28
1.28
1.28
1.28
1.28
1.28
1.28
1.28
1.28
1.28
1.28
1.28
1.28
1.28
1.28
1.28
1.28
1.28
1.28
1.28
1.28
1.28
1.28
1.28
1.28
1.28
1.28
1.28
1.28
1.28
1.28
1.28
1.28
1.28
1.28
1.28
1.28
1.28
1.28
1.28
1.28
1.28
1.28
1.28
1.28
1.28
1.28
1.28
1.28
1.28
1.28
1.28
1.28
1.28
1.28
1.28
1.28
1.28
1.28
1.28
1.28
1.28
1.28
1.28
1.28
1.28
1.28
1.28
1.28
1.28
1.28
1.28
1.28
1.28
1.28
1.28
1.28
1.28
1.28
1.28
1.28
1.28
1.28
1.28
1.28
1.28
1.28
1.28
1.28
1.28
1.28
1.28
1.28
1.28
1.28
1.28
1.28
1.28
1.28
1.28
1.28
1.28
1.28
1.28
1.28
1.28
1.28
1.28
1.28
1.28
1.28
1.28
1.28
1.28
1.28
1.28
1.28
1.28
1.28
1.28
1.28
1.28
1.28
1.28
1.28
1.28
1.28
1.28
1.28
1.28
1.28
1.28
1.28
1.28
1.28
1.28
1.28
1.28
1.28
1.28
1.28
1.28
1.28
1.28
1.28
1.28
1.28
1.28
1.28
1.28
1.28
1.28
1.28
1.28
1.28
1.28
1.28
1.28
1.28
1.28
1.28
1.28
1.28
1.28
1.28
1.28
1.28
1.28
1.28
1.28
1.28
1.28
1.28
1.28
1.28
1.28
1.28
1.28
1.28
1.28
1.28
1.28
1.28
1.28
1.28
1.28
1.28
1.28
1.28
1.28
1.28
1.28
1.28
1.28
1.28
1.28
1.28
1.28
1.28
1.28
1.28
1.28
1.28
1.28
1.28
1.28
1.28
1.28
1.28
1.28
1.28
1.28
1.28
1.28
1.28
1.28
1.28
1.28
1.28
1.28
1.28
1.28
1.28
1.28
1.28
1.28
1.28
1.28
1.28
1.28
1.28
1.28
1.28
1.28
1.28
1.28
1.28
1.28
1.28
1.28
1.28
1.28
1.28
1.28
1.28
1.28
1.28
1.28
1.28
1.28
1.28
1.28
1.28
1.28
1.28
1.28
1.28
1.28
1.28
1.28
1.28
1.28
1.28
1.28
1.28
1.28
1.28
1.28
1.28
1.28
1.28
1.28
1.28
1.28
1.28
1.28
1.28
1.28
1.28
1.28
1.28
1.28
1.28
1.28
1.28
1.28
1.28
1.28
1.28
1.28
1.28
1.28
1.28
1.28
1.28
1.28
1.28
1.28
1.28
1.28
1.28
1.28
1.28
1.28
1.28
1.28
1.28
1.28
1.28
1.28
1.28
1.28
1.28
1.28
1.28
1.28
1.28
1.28
1.28
1.28
1.28
1.28
1.28
1.28
1.28
1.28
1.28
1.28
1.28
1.28
1.28
1.28
1.28
1.28
1.28
1.28
1.28
1.28
1.28
1.28
1.28
1.28
1.28
1.28
1.28
1.28
1.28
1.28
1.28
1.28
1.28
1.28
1.28
1.28
1.28
1.28
1.28
1.28
1.28
1.28
1.28
1.28
1.28
1.28
1.28
1.28
1.28
1.28
1.28
1.28
1.28
1.28
1.28
1.28
1.28
1.28
1.28
1.28
1.28
1.28
1.28
1.28
1.28
1.28
1.28
1.28
1.28
1.28
1.28
1.28
1.28
1.28
1.28
1.28
1.28
1.28
1.28
1.28
1.28
1.28
1.28
1.28
1.28
1.28
1.28
1.28
1.28
1.28
1.28
1.28
1.28
1.28
1.28
1.28
1.28
1.28
1.28
1.28
1.28
1.28
1.28
1.28
1.28
1.28
1.28
1.28
1.28
1.28
1.28
1.28
1.28
1.28
1.28
1.28
1.28
1.28
1.28
1.28
1.28
1.28
1.28
1.28
1.28
1.28
1.28
1.28
1.28
1.28
1.28
1.28
1.28
1.28
1.28
1.28
1.28
1.28
1.28
1.28
1.28
1.28
1.28
1.28
1.28
1.28
1.28
1.28
1.28
1.28
1.28
1.28
1.28
1.28
1.28
1.28
1.28
1.28
1.28
1.28
1.28
1.28
1.28
1.28
1.28
1.28
1.28
1.28
1.28
1.28
1.28
1.28
1.28
1.28
1.28
1.28
1.28
1.28
1.28
1.28
1.28
1.28
1.28
1.28
1.28
1.28
1.28
1.28
1.28
1.28
1.28
1.28
1.28
1.28
1.28
1.28
1.28
1.28
1.28
1.28
1.28
1.28
1.28
1.28
1.28
1.28
1.28
1.28
1.28
1.28
1.28
1.28
1.28
1.28
1.28
1.28
1.28
1.28
1.28
1.28
1.28
1.28
1.28
1.28
1.28
1.28
1.28
1.28
1.28
1.28
1.28
1.28
1.28
1.28
1.28
1.28
1.28
1.28
1.28
1.28
1.28
1.28
1.28
1.28
1.28
1.28
1.28
1.28
1.28
1.28
1.28
1.28
1.28
1.28
1.28
1.28
1.28
1.28
1.28
1.28
1.28
1.28
1.28
1.28
1.28
1.28
1.28
1.28
1.28
1.28
1.28
1.28
1.28
1.28
1.28
1.28
1.28
1.28
1.28
1.28
1.28
1.28
1.28
1.28
1.28
1.28
1.28
1.28
1.28
1.28
1.28
1.28
1.28
1.28
1.28
1.28
1.28
1.28
1.28
1.28
1.28
1.28
1.28
1.28
1.28
1.28
1.28
1.28
1.28
1.28
1.28
1.28
1.28
1.28
1.28
1.28
1.28
1.28
1.28
1.28
1.28
1.28
1.28
1.28
1.28
1.28
1.28
1.28
1.28
1.28
1.28
1.28
1.28
1.28
1.28
1.28
1.28
1.28
1.28
1.28
1.28
1.28
1.28
1.28
1.28
1.28
1.28
1.28
1.28
1.28
1.28
1.28
1.28
1.28
1.28
1.28
1.28
1.28
1.28
1.28
1.28
1.28
1.28
1.28
1.28
1.28
1.28
1.28
1.28
1.28
1.28
1.28
1.28
1.28
1.28
1.28
1.28
1.28
1.28
1.28
1.28
1.28
1.28
1.28
1.28
1.28
1.28
1.28
1.28
1.28
1.28
1.28
1.28
1.28
1.28
1.28
1.28
1.28
1.28
1.28
1.28
1.28
1.28
1.28
1.28
1.28
1.28
1.28
1.28
1.28
1.28
1.28
1.28
1.28
1.28
1.28
1.28
1.28
1.28
1.28
1.28
1.28
1.28
1.28
1.28
1.28
1.28
1.28
1.28
1.28
1.28
1.28
1.28
1.28
1.28
1.28
1.28
1.28
1.28
1.28
1.28
1.28
1.28
1.28
1.28
1.28
1.28
1.28
1.28
1.28
1.28
1.28
1.28
1.28
1.28
1.28
1.28
1.28
1.28
1.28
1.28
1.28
1.28
1.28
1.28
1.28
1.28
1.28
1.28
1.28
1.28
1.28
1.28
1.28
1.28
1.28
1.28
1.28
1.28
1.28
1.28
1.28
1.28
1.28
1.28
1.28
1.28
1.28
1.28
1.28
1.28
1.28
1.28
1.28
1.28
1.28
1.28
1.28
1.28
1.28
1.28
1.28
1.28
1.28
1.28
1.28
1.28
1.28
1.28
1.28
1.28
1.28
1.28
1.28
1.28
1.28
1.28
1.28
1.28
1.28
1.28
1.28
1.28
1.28
1.28
1.28
1.28
1.28
1.28
1.28
1.28
1.28
1.28
1.28
1.28
1.28
1.28
1.28
1.28
1.28
1.28
1.28
1.28
1.28
1.28
1.28
1.28
1.28
1.28
1.28
1.28
1.28
1.28
1.28
1.28
1.28
1.28
1.28
1.28
1.28
1.28
1.28
1.28
1.28
1.28
1.28
1.28
1.28
1.28
1.28
1.28
1.28
1.28
1.28
1.28
1.28
1.28
1.28
1.28
1.28
1.28
1.28
1.28
1.28
1.28
1.28
1.28
1.28
1.28
1.28
1.28
1.28
1.28
1.28
1.28
1.28
1.28
1.28
1.28
1.28
1.28
1.28
1.28
1.28
1.28
1.28
1.28
1.28
1.28
1.28
1.28
1.28
1.28
1.28
1.28
1.28
1.28
1.28
1.28
1.28
1.28
1.28
1.28
1.28
1.28
1.28
1.28
1.28
1.28
1.28
1.28
1.28
1.28
1.28
1.28
1.28
1.28
1.28
1.28
1.28
1.28
1.28
1.28
1.28
1.28
1.28
1.28
1.28
1.28
1.28
1.28
1.28
1.28
1.28
1.28
1.28
1.28
1.28
1.28
1.28
1.28
1.28
1.28
1.28
1.28
1.28
1.28
1.28
1.28
1.28
1.28
1.28
1.28
1.28
1.28
1.28
1.28
1.28
1.28
1.28
1.28
1.28
1.28
1.28
1.28
1.28
1.28
1.28
1.28
1.28
1.28
1.28
1.28
1.28
1.28
1.28
1.28
1.28
1.28
1.28
1.28
1.28
1.28
1.28
1.28
1.28
1.28
1.28
1.28
1.28
1.28
1.28
1.28
1.28
1.28
1.28
1.28
1.28
1.28
1.28
1.28
1.28
1.28
1.28
1.28
1.28
1.28
1.28
1.28
1.28
1.28
1.28
1.28
1.28
1.28
1.28
1.28
1.28
1.28
1.28
1.28
1.28
1.28
1.28
1.28
1.28
1.28
1.28
1.28
1.28
1.28
1.28
1.28
1.28
1.28
1.28
1.28
1.28
1.28
1.28
1.28
1.28
1.28
1.28
1.28
1.28
1.28
1.28
1.28
1.28
1.28
1.28
1.28
1.28
1.28
1.28
1.28
1.28
1.28
1.28
1.28
1.28
1.28
1.28
1.28
1.28
1.28
1.28
1.28
1.28
1.28
1.28
1.28
1.28
1.28
1.28
1.28
1.28
1.28
1.28
1.28
1.28
1.28
1.28
1.28
1.28
1.28
1.28
1.28
1.28
1.28
1.28
1.28
1.28
1.28
1.28
1.28
1.28
1.28
1.28
1.28
1.28
1.28
1.28
1.28
1.28
1.28
1.28
1.28
1.28
1.28
1.28
1.28
1.28
1.28
1.28
1.28
1.28
1.28
1.28
1.28
1.28
1.28
1.28
1.28
1.28
1.28
1.28
1.28
1.28
1.28
1.28
1.28
1.28
1.28
1.28
1.28
1.28
1.28
1.28
1.28
1.28
1.28
1.28
1.28
1.28
1.28
1.28
1.28
1.28
1.28
1.28
1.28
1.28
1.28
1.28
1.28
1.28
1.28
1.28001
1.28001
1.28001
1.28001
1.28001
1.28001
1.28001
1.28001
1.28001
1.28001
1.28
1.28
1.28
1.28
1.28
1.28
1.28
1.28
1.28
1.28
1.28
1.28
1.28
1.28
1.28
1.28
1.28
1.28
1.28
1.28
1.28
1.28
1.28
1.28
1.28
1.28
1.28
1.28
1.28
1.28
1.28
1.28
1.28
1.28
1.28
1.28
1.28
1.28
1.28
1.28
1.28
1.28
1.28
1.28
1.28
1.28
1.28
1.28
1.28
1.28
1.28
1.28
1.28
1.28
1.28
1.28
1.28
1.28
1.28
1.28
1.28
1.28
1.28
1.28
1.28
1.28
1.28
1.28
1.28
1.28
1.28
1.28
1.28
1.28
1.28
1.28
1.28
1.28
1.28
1.28
1.28
1.28
1.28
1.28
1.28
1.28
1.28
1.28
1.28
1.28
1.28001
1.28001
1.28001
1.28001
1.28001
1.28001
1.28001
1.28001
1.28001
1.28001
1.28
1.28
1.28
1.28
1.28
1.28
1.28
1.28
1.28
1.28
1.28
1.28
1.28
1.28
1.28
1.28
1.28
1.28
1.28
1.28
1.28
1.28
1.28
1.28
1.28
1.28
1.28
1.28
1.28
1.28
1.28
1.28
1.28
1.28
1.28
1.28
1.28
1.28
1.28
1.28
1.28
1.28
1.28
1.28
1.28
1.28
1.28
1.28
1.28
1.28
1.28
1.28
1.28
1.28
1.28
1.28
1.28
1.28
1.28
1.28
1.28
1.28
1.28
1.28
1.28
1.28
1.28
1.28
1.28
1.28
1.28
1.28
1.28
1.28
1.28
1.28
1.28
1.28
1.28
1.28
1.28
1.28
1.28
1.28
1.28
1.28
1.28
1.28
1.28
1.28
1.28
1.28
1.28
1.28
1.28
1.28
1.28
1.28
1.28
1.28
1.28
1.28
1.28
1.28
1.28
1.28
1.28
1.28
1.28
1.28
1.28
1.28
1.28
1.28
1.28
1.28
1.28
1.28
1.28
1.28
1.28
1.28
1.28
1.28
1.28
1.28
1.28
1.28
1.28
1.28
1.28
1.28
1.28
1.28
1.28
1.28
1.28
1.28
1.28
1.28
1.28
1.28
1.28
1.28
1.28
1.28
1.28
1.28
1.28
1.28
1.28
1.28
1.28
1.28
1.28
1.28
1.28
1.28
1.28
1.28
1.28
1.28
1.28
1.28
1.28
1.28
1.28
1.28
1.28
1.28
1.28
1.28
1.28
1.28
1.28
1.28
1.28
1.28
1.28
1.28
1.28
1.28
1.28
1.28
1.28
1.28
1.28
1.28
1.28
1.28
1.28
1.28
1.28
1.28
1.28
1.28
1.28
1.28
1.28
1.28
1.28
1.28
1.28
1.28
1.28
1.28
1.28
1.28
1.28
1.28
1.28
1.28
1.28
1.28
1.28
1.28
1.28
1.28
1.28
1.28
1.28
1.28
1.28
1.28
1.28
1.28
1.28
1.28
1.28
1.28
1.28
1.28
1.28
1.28
1.28
1.28
1.28
1.28
1.28
1.28
1.28
1.28
1.28
1.28
1.28
1.28
1.28
1.28
1.28
1.28
1.28
1.28
1.28
1.28
1.28
1.28
1.28
1.28
1.28
1.28
1.28
1.28
1.28
1.28
1.28
1.28
1.28
1.28
1.28
1.28
1.28
1.28
1.28
1.28
1.28
1.28
1.28
1.28
1.28
1.28
1.28
1.28
1.28
1.28
1.28
1.28
1.28
1.28
1.28
1.28
1.28
1.28
1.28
1.28
1.28
1.28
1.28
1.28
1.28
1.28
1.28
1.28
1.28
1.28
1.28
1.28
1.28
1.28
1.28
1.28
1.28
1.28
1.28
1.28
1.28
1.28
1.28
1.28
1.28
1.28
1.28
1.28
1.28
1.28
1.28
1.28
1.28
1.28
1.28
1.28
1.28
1.28
1.28
1.28
1.28
1.28
1.28
1.28
1.28
1.28
1.28
1.28
1.28
1.28
1.28
1.28
1.28
1.28
1.28
1.28
1.28
1.28
1.28
1.28
1.28
1.28
1.28
1.28
1.28
1.28
1.28
1.28
1.28
1.28
1.28
1.28
1.28
1.28
1.28
1.28
1.28
1.28
1.28
1.28
1.28
1.28
1.28
1.28
1.28
1.28
1.28
1.28
1.28
1.28
1.28
1.28
1.28
1.28
1.28
1.28
1.28
1.28
1.28
1.28
1.28
1.28
1.28
1.28
1.28
1.28
1.28
1.28
1.28
1.28
1.28
1.28
1.28
1.28
1.28
1.28
1.28
1.28
1.28
1.28
1.28
1.28
1.28
1.28
1.28
1.28
1.28
1.28
1.28
1.28
1.28
1.28
1.28
1.28
1.28
1.28
1.28
1.28
1.28
1.28
1.28
1.28
1.28
1.28
1.28
1.28
1.28
1.28
1.28
1.28
1.28
1.28
1.28
1.28
1.28
1.28
1.28
1.28
1.28
1.28
1.28
1.28
1.28
1.28
1.28
1.28
1.28
1.28
1.28
1.28
1.28
1.28
1.28
1.28
1.28
1.28
1.28
1.28
1.28
1.28
1.28
1.28
1.28
1.28
1.28
1.28
1.28
1.28
1.28
1.28
1.28
1.28
1.28
1.28
1.28
1.28
1.28
1.28
1.28
1.28
1.28
1.28
1.28
1.28
1.28
1.28
1.28
1.28
1.28
1.28
1.28
1.28
1.28
1.28
1.28
1.28
1.28
1.28
1.28
1.28
1.28
1.28
1.28
1.28
1.28
1.28
1.28
1.28
1.28
1.28
1.28
1.28
1.28
1.28
1.28
1.28
1.28
1.28
1.28
1.28
1.28
1.28
1.28
1.28
1.28
1.28
1.28
1.28
1.28
1.28
1.28
1.28
1.28
1.28
1.28
1.28
1.28
1.28
1.28
1.28
1.28
1.28
1.28
1.28
1.28
1.28
1.28
1.28
1.28
1.28
1.28
1.28
1.28
1.28
1.28
1.28
1.28
1.28
1.28
1.28
1.28
1.28
1.28
1.28
1.28
1.28
1.28
1.28
1.28
1.28
1.28
1.28
1.28
1.28
1.28
1.28
1.28
1.28
1.28
1.28
1.28
1.28
1.28
1.28
1.28
1.28
1.28
1.28
1.28
1.28
1.28
1.28
1.28
1.28
1.28
1.28
1.28
1.28
1.28
1.28
1.28
1.28
1.28
1.28
1.28
1.28
1.28
1.28
1.28
1.28
1.28
1.28
1.28
1.28
1.28
1.28
1.28
1.28
1.28
1.28
1.28
1.28
1.28
1.28
1.28
1.28
1.28
1.28
1.28
1.28
1.28
1.28
1.28
1.28
1.28
1.28
1.28
1.28
1.28
1.28
1.28
1.28
1.28
1.28
1.28
1.28
1.28
1.28
1.28
1.28
1.28
1.28
1.28
1.28
1.28
1.28
1.28
1.28
1.28
1.28
1.28
1.28
1.28
1.28
1.28
1.28
1.28
1.28
1.28
1.28
1.28
1.28
1.28
1.28
1.28
1.28
1.28
1.28
1.28
1.28
1.28
1.28
1.28
1.28
1.28
1.28
1.28
1.28
1.28
1.28
1.28
1.28
1.28
1.28
1.28
1.28
1.28
1.28
1.28
1.28
1.28
1.28
1.28
1.28
1.28
1.28
1.28
1.28
1.28
1.28
1.28
1.28
1.28
1.28
1.28
1.28
1.28
1.28
1.28
1.28
1.28
1.28
1.28
1.28
1.28
1.28
1.28
1.28
1.28
1.28
1.28
1.28
1.28
1.28
1.28
1.28
1.28
1.28
1.28
1.28
1.28
1.28
1.28
1.28
1.28
1.28
1.28
1.28
1.28
1.28
1.28
1.28
1.28
1.28
1.28
1.28
1.28
1.28
1.28
1.28
1.28
1.28
1.28
1.28
1.28
1.28
1.28
1.28
1.28
1.28
1.28
1.28
1.28
1.28
1.28
1.28
1.28
1.28
1.28
1.28
1.28
1.28
1.28
1.28
1.28
1.28
1.28
1.28
1.28
1.28
1.28
1.28
1.28
1.28
1.28
1.28
1.28
1.28
1.28
1.28
1.28
1.28
1.28
1.28
1.28
1.28
1.28
1.28
1.28
1.28
1.28
1.28
1.28
1.28
1.28
1.28
1.28
1.28
1.28
1.28
1.28
1.28
1.28
1.28
1.28
1.28
1.28
1.28
1.28
1.28
1.28
1.28
1.28
1.28
1.28
1.28
1.28
1.28
1.28
1.28
1.28
1.28
1.28
1.28
1.28
1.28
1.28
1.28
1.28
1.28
1.28
1.28
1.28
1.28
1.28
1.28
1.28
1.28
1.28
1.28
1.28
1.28
1.28
1.28
1.28
1.28
1.28
1.28
1.28
1.28
1.28
1.28
1.28
1.28
1.28
1.28
1.28
1.28
1.28
1.28
1.28
1.28
1.28
1.28
1.28
1.28
1.28
1.28
1.28
1.28
1.28
1.28
1.28
1.28
1.28
1.28
1.28
1.28
1.28
1.28
1.28
1.28
1.28
1.28
1.28
1.28
1.28
1.28
1.28
1.28
1.28
1.28
1.28
1.28
1.28
1.28
1.28
1.28
1.28
1.28
1.28
1.28
1.28
1.28
1.28
1.28
1.28
1.28
1.28
1.28
1.28
1.28
1.28
1.28
1.28
1.28
1.28
1.28
1.28
1.28
1.28
1.28
1.28
1.28
1.28
1.28
1.28
1.28
1.28
1.28
1.28
1.28
1.28
1.28
1.28
1.28
1.28
1.28
1.28
1.28
1.28
1.28
1.28
1.28
1.28
1.28
1.28
1.28
1.28
1.28
1.28
1.28
1.28
1.28
1.28
1.28
1.28
1.28
1.28
1.28
1.28
1.28
1.28
1.28
1.28
1.28
1.28
1.28
1.28
1.28
1.28
1.28
1.28
1.28
1.28
1.28
1.28
1.28
1.28
1.28
1.28
1.28
1.28
1.28
1.28
1.28
1.28
1.28
1.28
1.28
1.28
1.28
1.28
1.28
1.28
1.28
1.28
1.28
1.28
1.28
1.28
1.28
1.28
1.28
1.28
1.28
1.28
1.28
1.28
1.28
1.28
1.28
1.28
1.28
1.28
1.28
1.28
1.28
1.28
1.28
1.28
1.28
1.28
1.28
1.28
1.28
1.28
1.28
1.28
1.28
1.28
1.28
1.28
1.28
1.28
1.28
1.28
1.28
1.28
1.28
1.28
1.28
1.28
1.28
1.28
1.28
1.28
1.28
1.28
1.28
1.28
1.28
1.28
1.28
1.28
1.28
1.28
1.28
1.28
1.28
1.28
1.28
1.28
1.28
1.28
1.28
1.28
1.28
1.28
1.28
1.28
1.28
1.28
1.28
1.28
1.28
1.28
1.28
1.28
1.28
1.28
1.28
1.28
1.28
1.28
1.28
1.28
1.28
1.28
1.28
1.28
1.28
1.28
1.28
1.28
1.28
1.28
1.28
1.28
1.28
1.28
1.28
1.28
1.28
1.28
1.28
1.28
1.28
1.28
1.28
1.28
1.28
1.28
1.28
1.28
1.28
1.28
1.28
1.28
1.28
1.28
1.28
1.28
1.28
1.28
1.28
1.28
1.28
1.28
1.28
1.28
1.28
1.28
1.28
1.28
1.28
1.28
1.28
1.28
1.28
1.28
1.28
1.28
1.28
1.28
1.28
1.28
1.28
1.28
1.28
1.28
1.28
1.28
1.28
1.28
1.28
1.28
1.28
1.28
1.28
1.28
1.28
1.28
1.28
1.28
1.28
1.28
1.28
1.28
1.28
1.28
1.28
1.28
1.28
1.28
1.28
1.28
1.28
1.28
1.28
1.28
1.28
1.28
1.28
1.28
1.28
1.28
1.28
1.28
1.28
1.28
1.28
1.28
1.28
1.28
1.28
1.28
1.28
1.28
1.28
1.28
1.28
1.28
1.28
1.28
1.28
1.28
1.28
1.28
1.28
1.28
1.28
1.28
1.28
1.28
1.28
1.28
1.28
1.28
1.28
1.28
1.28
1.28
1.28
1.28
1.28
1.28
1.28
1.28
1.28
1.28
1.28
1.28
1.28
1.28
1.28
1.28
1.28
1.28
1.28
1.28
1.28
1.28
1.28
1.28
1.28
1.28
1.28
1.28
1.28
1.28
1.28
1.28
1.28
1.28
1.28
1.28
1.28
1.28
1.28
1.28
1.28
1.28
1.28
1.28
1.28
1.28
1.28
1.28
1.28
1.28
1.28
1.28
1.28
1.28
1.28
1.28
1.28
1.28
1.28
1.28
1.28
1.28
1.28
1.28
1.28
1.28
1.28
1.28
1.28
1.28
1.28
1.28
1.28
1.28
1.28
1.28
1.28
1.28
1.28
1.28
1.28
1.28
1.28
1.28
1.28
1.28
1.28
1.28
1.28
1.28
1.28
1.28
1.28
1.28
1.28
1.28
1.28
1.28
1.28
1.28
1.28
1.28
1.28
1.28
1.28
1.28
1.28
1.28
1.28
1.28
1.28
1.28
1.28
1.28
1.28
1.28
1.28
1.28
1.28
1.28
1.28
1.28
1.28
1.28
1.28
1.28
1.28
1.28
1.28
1.28
1.28
1.28
1.28
1.28
1.28
1.28
1.28
1.28
1.28
1.28
1.28
1.28
1.28
1.28
1.28
1.28
1.28
1.28
1.28
1.28
1.28
1.28
1.28
1.28
1.28
1.28
1.28
1.28
1.28
1.28
1.28
1.28
1.28
1.28
1.28
1.28
1.28
1.28
1.28
1.28
1.28
1.28
1.28
1.28
1.28
1.28
1.28
1.28
1.28
1.28
1.28
1.28
1.28
1.28
1.28
1.28
1.28
1.28
1.28
1.28
1.28
1.28
1.28
1.28
1.28
1.28
1.28
1.28
1.28
1.28
1.28
1.28
1.28
1.28
1.28
1.28
1.28
1.28
1.28
1.28
1.28
1.28
1.28
1.28
1.28
1.28
1.28
1.28
1.28
1.28
1.28
1.28
1.28
1.28
1.28
1.28
1.28
1.28
1.28
1.28
1.28
1.28
1.28
1.28
1.28
1.28
1.28
1.28
1.28
1.28
1.28
1.28
1.28
1.28
1.28
1.28
1.28
1.28
1.28
1.28
1.28
1.28
1.28
1.28
1.28
1.28
1.28
1.28
1.28
1.28
1.28
1.28
1.28
1.28
1.28
1.28
1.28
1.28
1.28
1.28
1.28
1.28
1.28
1.28
1.28
1.28
1.28
1.28
1.28
1.28
1.28
1.28
1.28
1.28
1.28
1.28
1.28
1.28
1.28
1.28
1.28
1.28
1.28
1.28
1.28
1.28
1.28
1.28
1.28
1.28
1.28
1.28
1.28
1.28
1.28
1.28
1.28
1.28
1.28
1.28
1.28
1.28
1.28
1.28
1.28
1.28
1.28
1.28
1.28
1.28
1.28
1.28
1.28
1.28
1.28
1.28
1.28
1.28
1.28
1.28
1.28
1.28
1.28
1.28
1.28
1.28
1.28
1.28
1.28
1.28
1.28
1.28
1.28
1.28
1.28001
1.28
1.28
1.28
1.28
1.28
1.28
1.28
1.28
1.28
1.28
1.28
1.28
1.28
1.28
1.28
1.28
1.28
1.28
1.28
1.28
1.28
1.28
1.28
1.28
1.28
1.28
1.28
1.28
1.28
1.28
1.28
1.28
1.28
1.28
1.28
1.28
1.28
1.28
1.28
1.28
1.28
1.28
1.28
1.28
1.28
1.28
1.28
1.28
1.28
1.28
1.28
1.28
1.28
1.28
1.28
1.28
1.28
1.28
1.28
1.28
1.28
1.28
1.28
1.28
1.28
1.28
1.28
1.28
1.28
1.28
1.28
1.28
1.28
1.28
1.28
1.28
1.28
1.28
1.28
1.28
1.28
1.28
1.28
1.28
1.28
1.28
1.28
1.28
1.28
1.28
1.28
1.28
1.28
1.28
1.28
1.28
1.28
1.28
1.28
1.28001
1.28
1.28
1.28
1.28
1.28
1.28
1.28
1.28
1.28
1.28
1.28
1.28
1.28
1.28
1.28
1.28
1.28
1.28
1.28
1.28
1.28
1.28
1.28
1.28
1.28
1.28
1.28
1.28
1.28
1.28
1.28
1.28
1.28
1.28
1.28
1.28
1.28
1.28
1.28
1.28
1.28
1.28
1.28
1.28
1.28
1.28
1.28
1.28
1.28
1.28
1.28
1.28
1.28
1.28
1.28
1.28
1.28
1.28
1.28
1.28
1.28
1.28
1.28
1.28
1.28
1.28
1.28
1.28
1.28
1.28
1.28
1.28
1.28
1.28
1.28
1.28
1.28
1.28
1.28
1.28
1.28
1.28
1.28
1.28
1.28
1.28
1.28
1.28
1.28
1.28
1.28
1.28
1.28
1.28
1.28
1.28
1.28
1.28
1.28
1.28001
1.28
1.28
1.28
1.28
1.28
1.28
1.28
1.28
1.28
1.28
1.28
1.28
1.28
1.28
1.28
1.28
1.28
1.28
1.28
1.28
1.28
1.28
1.28
1.28
1.28
1.28
1.28
1.28
1.28
1.28
1.28
1.28
1.28
1.28
1.28
1.28
1.28
1.28
1.28
1.28
1.28
1.28
1.28
1.28
1.28
1.28
1.28
1.28
1.28
1.28
1.28
1.28
1.28
1.28
1.28
1.28
1.28
1.28
1.28
1.28
1.28
1.28
1.28
1.28
1.28
1.28
1.28
1.28
1.28
1.28
1.28
1.28
1.28
1.28
1.28
1.28
1.28
1.28
1.28
1.28
1.28
1.28
1.28
1.28
1.28
1.28
1.28
1.28
1.28
1.28
1.28
1.28
1.28
1.28
1.28
1.28
1.28
1.28
1.28
1.28001
1.28
1.28
1.28
1.28
1.28
1.28
1.28
1.28
1.28
1.28
1.28
1.28
1.28
1.28
1.28
1.28
1.28
1.28
1.28
1.28
1.28
1.28
1.28
1.28
1.28
1.28
1.28
1.28
1.28
1.28
1.28
1.28
1.28
1.28
1.28
1.28
1.28
1.28
1.28
1.28
1.28
1.28
1.28
1.28
1.28
1.28
1.28
1.28
1.28
1.28
1.28
1.28
1.28
1.28
1.28
1.28
1.28
1.28
1.28
1.28
1.28
1.28
1.28
1.28
1.28
1.28
1.28
1.28
1.28
1.28
1.28
1.28
1.28
1.28
1.28
1.28
1.28
1.28
1.28
1.28
1.28
1.28
1.28
1.28
1.28
1.28
1.28
1.28
1.28
1.28
1.28
1.28
1.28
1.28
1.28
1.28
1.28
1.28
1.28
1.28001
1.28
1.28
1.28
1.28
1.28
1.28
1.28
1.28
1.28
1.28
1.28
1.28
1.28
1.28
1.28
1.28
1.28
1.28
1.28
1.28
1.28
1.28
1.28
1.28
1.28
1.28
1.28
1.28
1.28
1.28
1.28
1.28
1.28
1.28
1.28
1.28
1.28
1.28
1.28
1.28
1.28
1.28
1.28
1.28
1.28
1.28
1.28
1.28
1.28
1.28
1.28
1.28
1.28
1.28
1.28
1.28
1.28
1.28
1.28
1.28
1.28
1.28
1.28
1.28
1.28
1.28
1.28
1.28
1.28
1.28
1.28
1.28
1.28
1.28
1.28
1.28
1.28
1.28
1.28
1.28
1.28
1.28
1.28
1.28
1.28
1.28
1.28
1.28
1.28
1.28
1.28
1.28
1.28
1.28
1.28
1.28
1.28
1.28
1.28
1.28001
1.28
1.28
1.28
1.28
1.28
1.28
1.28
1.28
1.28
1.28
1.28
1.28
1.28
1.28
1.28
1.28
1.28
1.28
1.28
1.28
1.28
1.28
1.28
1.28
1.28
1.28
1.28
1.28
1.28
1.28
1.28
1.28
1.28
1.28
1.28
1.28
1.28
1.28
1.28
1.28
1.28
1.28
1.28
1.28
1.28
1.28
1.28
1.28
1.28
1.28
1.28
1.28
1.28
1.28
1.28
1.28
1.28
1.28
1.28
1.28
1.28
1.28
1.28
1.28
1.28
1.28
1.28
1.28
1.28
1.28
1.28
1.28
1.28
1.28
1.28
1.28
1.28
1.28
1.28
1.28
1.28
1.28
1.28
1.28
1.28
1.28
1.28
1.28
1.28
1.28
1.28
1.28
1.28
1.28
1.28
1.28
1.28
1.28
1.28
1.28001
1.28
1.28
1.28
1.28
1.28
1.28
1.28
1.28
1.28
1.28
1.28
1.28
1.28
1.28
1.28
1.28
1.28
1.28
1.28
1.28
1.28
1.28
1.28
1.28
1.28
1.28
1.28
1.28
1.28
1.28
1.28
1.28
1.28
1.28
1.28
1.28
1.28
1.28
1.28
1.28
1.28
1.28
1.28
1.28
1.28
1.28
1.28
1.28
1.28
1.28
1.28
1.28
1.28
1.28
1.28
1.28
1.28
1.28
1.28
1.28
1.28
1.28
1.28
1.28
1.28
1.28
1.28
1.28
1.28
1.28
1.28
1.28
1.28
1.28
1.28
1.28
1.28
1.28
1.28
1.28
1.28
1.28
1.28
1.28
1.28
1.28
1.28
1.28
1.28
1.28
1.28
1.28
1.28
1.28
1.28
1.28
1.28
1.28
1.28
1.28001
1.28
1.28
1.28
1.28
1.28
1.28
1.28
1.28
1.28
1.28
1.28
1.28
1.28
1.28
1.28
1.28
1.28
1.28
1.28
1.28
1.28
1.28
1.28
1.28
1.28
1.28
1.28
1.28
1.28
1.28
1.28
1.28
1.28
1.28
1.28
1.28
1.28
1.28
1.28
1.28
1.28
1.28
1.28
1.28
1.28
1.28
1.28
1.28
1.28
1.28
1.28
1.28
1.28
1.28
1.28
1.28
1.28
1.28
1.28
1.28
1.28
1.28
1.28
1.28
1.28
1.28
1.28
1.28
1.28
1.28
1.28
1.28
1.28
1.28
1.28
1.28
1.28
1.28
1.28
1.28
1.28
1.28
1.28
1.28
1.28
1.28
1.28
1.28
1.28
1.28
1.28
1.28
1.28
1.28
1.28
1.28
1.28
1.28
1.28
1.28
1.28
1.28
1.28
1.28
1.28
1.28
1.28
1.28
1.28
1.28
1.28
1.28
1.28
1.28
1.28
1.28
1.28
1.28
1.28
1.28
1.28
1.28
1.28
1.28
1.28
1.28
1.28
1.28
1.28
1.28
1.28
1.28
1.28
1.28
1.28
1.28
1.28
1.28
1.28
1.28
1.28
1.28
1.28
1.28
1.28
1.28
1.28
1.28
1.28
1.28
1.28
1.28
1.28
1.28
1.28
1.28
1.28
1.28
1.28
1.28
1.28
1.28
1.28
1.28
1.28
1.28
1.28
1.28
1.28
1.28
1.28
1.28
1.28
1.28
1.28
1.28
1.28
1.28
1.28
1.28
1.28
1.28
1.28
1.28
1.28
1.28
1.28
1.28
1.28
1.28
1.28
1.28
1.28
1.28
1.28
1.28
1.28
1.28
1.28
1.28
1.28
1.28
1.28
1.28
1.28
1.28
1.28
1.28
1.28
1.28
1.28
1.28
1.28
1.28
1.28
1.28
1.28
1.28
1.28
1.28
1.28
1.28
1.28
1.28
1.28
1.28
1.28
1.28
1.28
1.28
1.28
1.28
1.28
1.28
1.28
1.28
1.28
1.28
1.28
1.28
1.28
1.28
1.28
1.28
1.28
1.28
1.28
1.28
1.28
1.28
1.28
1.28
1.28
1.28
1.28
1.28
1.28
1.28
1.28
1.28
1.28
1.28
1.28
1.28
1.28
1.28
1.28
1.28
1.28
1.28
1.28
1.28
1.28
1.28
1.28
1.28
1.28
1.28
1.28
1.28
1.28
1.28
1.28
1.28
1.28
1.28
1.28
1.28
1.28
1.28
1.28
1.28
1.28
1.28
1.28
1.28
1.28
1.28
1.28
1.28
1.28
1.28
1.28
1.28
1.28
1.28
1.28
1.28
1.28
1.28
1.28
1.28
1.28
1.28
1.28
1.28
1.28
1.28
1.28
1.28
1.28
1.28
1.28
1.28
1.28
1.28
1.28
1.28
1.28
1.28
1.28
1.28
1.28
1.28
1.28
1.28
1.28
1.28
1.28
1.28
1.28
1.28
1.28
1.28
1.28
1.28
1.28
1.28
1.28
1.28
1.28
1.28
1.28
1.28
1.28
1.28
1.28
1.28
1.28
1.28
1.28
1.28
1.28
1.28
1.28
1.28
1.28
1.28
1.28
1.28
1.28
1.28
1.28
1.28
1.28
1.28
1.28
1.28
1.28
1.28
1.28
1.28
1.28
1.28
1.28
1.28
1.28
1.28
1.28
1.28
1.28
1.28
1.28
1.28
1.28
1.28
1.28
1.28
1.28
1.28
1.28
1.28
1.28
1.28
1.28
1.28
1.28
1.28
1.28
1.28
1.28
1.28
1.28
1.28
1.28
1.28
1.28
1.28
1.28
1.28
1.28
1.28
1.28
1.28
1.28
1.28
1.28
1.28
1.28
1.28
1.28
1.28
1.28
1.28
1.28
1.28
1.28
1.28
1.28
1.28
1.28
1.28
1.28
1.28
1.28
1.28
1.28
1.28
1.28
1.28
1.28
1.28
1.28
1.28
1.28
1.28
1.28
1.28
1.28
1.28
1.28
1.28
1.28
1.28
1.28
1.28
1.28
1.28
1.28
1.28
1.28
1.28
1.28
1.28
1.28
1.28
1.28
1.28
1.28
1.28
1.28
1.28
1.28
1.28
1.28
1.28
1.28
1.28
1.28
1.28
1.28
1.28
1.28
1.28
1.28
1.28
1.28
1.28
1.28
1.28
1.28
1.28
1.28
1.28
1.28
1.28
1.28
1.28
1.28
1.28
1.28
1.28
1.28
1.28
1.28
1.28
1.28
1.28
1.28
1.28
1.28
1.28
1.28
1.28
1.28
1.28
1.28
1.28
1.28
1.28
1.28
1.28
1.28
1.28
1.28
1.28
1.28
1.28
1.28
1.28
1.28
1.28
1.28
1.28
1.28
1.28
1.28
1.28
1.28
1.28
1.28
1.28
1.28
1.28
1.28
1.28
1.28
1.28
1.28
1.28
1.28
1.28
1.28
1.28
1.28
1.28
1.28
1.28
1.28
1.28
1.28
1.28
1.28
1.28
1.28
1.28
1.28
1.28
1.28
1.28
1.28
1.28
1.28
1.28
1.28
1.28
1.28
1.28
1.28
1.28
1.28
1.28
1.28
1.28
1.28
1.28
1.28
1.28
1.28
1.28
1.28
1.28
1.28
1.28
1.28
1.28
1.28
1.28
1.28
1.28
1.28
1.28
1.28
1.28
1.28
1.28
1.28
1.28
1.28
1.28
1.28
1.28
1.28
1.28
1.28
1.28
1.28
1.28
1.28
1.28
1.28
1.28
1.28
1.28
1.28
1.28
1.28
1.28
1.28
1.28
1.28
1.28
1.28
1.28
1.28
1.28
1.28
1.28
1.28
1.28
1.28
1.28
1.28
1.28
1.28
1.28
1.28
1.28
1.28
1.28
1.28
1.28
1.28
1.28
1.28
1.28
1.28
1.28
1.28
1.28
1.28
1.28
1.28
1.28
1.28
1.28
1.28
1.28
1.28
1.28
1.28
1.28
1.28
1.28
1.28
1.28
1.28
1.28
1.28
1.28
1.28
1.28
1.28
1.28
1.28
1.28
1.28
1.28
1.28
1.28
1.28
1.28
1.28
1.28
1.28
1.28
1.28
1.28
1.28
1.28
1.28
1.28
1.28
1.28
1.28
1.28
1.28
1.28
1.28
1.28
1.28
1.28
1.28
1.28
1.28
1.28
1.28
1.28
1.28
1.28
1.28
1.28
1.28
1.28
1.28
1.28
1.28
1.28
1.28
1.28
1.28
1.28
1.28
1.28
1.28
1.28
1.28
1.28
1.28
1.28
1.28
1.28
1.28
1.28
1.28
1.28
1.28
1.28
1.28
1.28
1.28
1.28
1.28
1.28
1.28
1.28
1.28
1.28
1.28
1.28
1.28
1.28
1.28
1.28
1.28
1.28
1.28
1.28
1.28
1.28
1.28
1.28
1.28
1.28
1.28
1.28
1.28
1.28
1.28
1.28
1.28
1.28
1.28
1.28
1.28
1.28
1.28
1.28
1.28
1.28
1.28
1.28
1.28
1.28
1.28
1.28
1.28
1.28
1.28
1.28
1.28
1.28
1.28
1.28
1.28
1.28
1.28
1.28
1.28
1.28
1.28
1.28
1.28
1.28
1.28
1.28
1.28
1.28
1.28
1.28
1.28
1.28
1.28
1.28
1.28
1.28
1.28
1.28
1.28
1.28
1.28
1.28
1.28
1.28
1.28
1.28
1.28
1.28
1.28
1.28
1.28
1.28
1.28
1.28
1.28
1.28
1.28
1.28
1.28
1.28
1.28
1.28
1.28
1.28
1.28
1.28
1.28
1.28
1.28
1.28
1.28
1.28
1.28
1.28
1.28
1.28
1.28
1.28
1.28
1.28
1.28
1.28
1.28
1.28
1.28
1.28
1.28
1.28
1.28
1.28
1.28
1.28
1.28
1.28
1.28
1.28
1.28
1.28
1.28
1.28
1.28
1.28
1.28
1.28
1.28
1.28
1.28
1.28
1.28
1.28
1.28
1.28
1.28
1.28
1.28
1.28
1.28
1.28
1.28
1.28
1.28
1.28
1.28
1.28
1.28
1.28
1.28
1.28
1.28
1.28
1.28
1.28
1.28
1.28
1.28
1.28
1.28
1.28
1.28
1.28
1.28
1.28
1.28
1.28
1.28
1.28
1.28
1.28
1.28
1.28
1.28
1.28
1.28
1.28
1.28
1.28
1.28
1.28
1.28
1.28
1.28
1.28
1.28
1.28
1.28
1.28
1.28
1.28
1.28
1.28
1.28
1.28
1.28
1.28
1.28
1.28
1.28
1.28
1.28
1.28
1.28
1.28
1.28
1.28
1.28
1.28
1.28
1.28
1.28
1.28
1.28
1.28
1.28
1.28
1.28
1.28
1.28
1.28
1.28
1.28
1.28
1.28
1.28
1.28
1.28
1.28
1.28
1.28
1.28
1.28
1.28
1.28
1.28
1.28
1.28
1.28
1.28
1.28
1.28
1.28
1.28
1.28
1.28
1.28
1.28
1.28
1.28
1.28
1.28
1.28
1.28
1.28
1.28
1.28
1.28
1.28
1.28
1.28
1.28
1.28
1.28
1.28
1.28
1.28
1.28
1.28
1.28
1.28
1.28
1.28
1.28
1.28
1.28
1.28
1.28
1.28
1.28
1.28
1.28
1.28
1.28
1.28
1.28
1.28
1.28
1.28
1.28
1.28
1.28
1.28
1.28
1.28
1.28
1.28
1.28
1.28
1.28
1.28
1.28
1.28
1.28
1.28
1.28
1.28
1.28
1.28
1.28
1.28
1.28
1.28
1.28
1.28
1.28
1.28
1.28
1.28
1.28
1.28
1.28
1.28
1.28
1.28
1.28
1.28
1.28
1.28
1.28
1.28
1.28
1.28
1.28
1.28
1.28
1.28
1.28
1.28
1.28
1.28
1.28
1.28
1.28
1.28
1.28
1.28
1.28
1.28
1.28
1.28
1.28
1.28
1.28
1.28
1.28
1.28
1.28
1.28
1.28
1.28
1.28
1.28
1.28
1.28
1.28
1.28
1.28
1.28
1.28
1.28
1.28
1.28
1.28
1.28
1.28
1.28
1.28
1.28
1.28
1.28
1.28
1.28
1.28
1.28
1.28
1.28
1.28
1.28
1.28
1.28
1.28
1.28
1.28
1.28
1.28
1.28
1.28
1.28
1.28
1.28
1.28
1.28
1.28
1.28
1.28
1.28
1.28
1.28
1.28
1.28
1.28
1.28
1.28
1.28
1.28
1.28
1.28
1.28
1.28
1.28
1.28
1.28
1.28
1.28
1.28
1.28
1.28
1.28
1.28
1.28
1.28
1.28
1.28
1.28
1.28
1.28
1.28
1.28
1.28
1.28
1.28
1.28
1.28
1.28
1.28
1.28
1.28
1.28
1.28
1.28
1.28
1.28
1.28
1.28
1.28
1.28
1.28
1.28
1.28
1.28
1.28
1.28
1.28
1.28
1.28
1.28
1.28
1.28
1.28
1.28
1.28
1.28
1.28
1.28
1.28
1.28
1.28
1.28
1.28
1.28
1.28
1.28
1.28
1.28
1.28
1.28
1.28
1.28
1.28
1.28
1.28
1.28
1.28
1.28
1.28
1.28
1.28
1.28
1.28
1.28
1.28
1.28
1.28
1.28
1.28
1.28
1.28
1.28
1.28
1.28
1.28
1.28
1.28
1.28
1.28
1.28
1.28
1.28
1.28
1.28
1.28
1.28
1.28
1.28
1.28
1.28
1.28
1.28
1.28
1.28
1.28
1.28
1.28
1.28
1.28
1.28
1.28
1.28
1.28
1.28
1.28
1.28
1.28
1.28
1.28
1.28
1.28
1.28
1.28
1.28
1.28
1.28
1.28
1.28
1.28
1.28
1.28
1.28
1.28
1.28
1.28
1.28
1.28
1.28
1.28
1.28
1.28
1.28
1.28
1.28
1.28
1.28
1.28
1.28
1.28
1.28
1.28
1.28
1.28
1.28
1.28
1.28
1.28
1.28
1.28
1.28
1.28
1.28
1.28
1.28
1.28
1.28
1.28
1.28
1.28
1.28
1.28
1.28
1.28
1.28
1.28
1.28
1.28
1.28
1.28
1.28
1.28
1.28
1.28
1.28
1.28
1.28
1.28
1.28
1.28
1.28
1.28
1.28
1.28
1.28
1.28
1.28
1.28
1.28
1.28
1.28
1.28
1.28
1.28
1.28
1.28
1.28
1.28
1.28
1.28
1.28
1.28
1.28
1.28
1.28
1.28
1.28
1.28
1.28
1.28
1.28
1.28
1.28
1.28
1.28
1.28
1.28
1.28
1.28
1.28
1.28
1.28
1.28
1.28
1.28
1.28
1.28
1.28
1.28
1.28
1.28
1.28
1.28
1.28
1.28
1.28
1.28
1.28
1.28
1.28
1.28
1.28
1.28
1.28
1.28
1.28
1.28
1.28
1.28
1.28
1.28
1.28
1.28
1.28
1.28
1.28
1.28
1.28
1.28
1.28
1.28
1.28
1.28
1.28
1.28
1.28
1.28
1.28
1.28
1.28
1.28
1.28
1.28
1.28
1.28
1.28
1.28
1.28
1.28
1.28
1.28
1.28
1.28
1.28
1.28
1.28
1.28
1.28
1.28
1.28
1.28
1.28
1.28
1.28
1.28
1.28
1.28
1.28
1.28
1.28
1.28
1.28
1.28
1.28
1.28
1.28
1.28
1.28
1.28
1.28
1.28
1.28
1.28
1.28
1.28
1.28
1.28
1.28
1.28
1.28
1.28
1.28
1.28
1.28
1.28
1.28
1.28
1.28
1.28
1.28
1.28
1.28
1.28
1.28
1.28
1.28
1.28
1.28
1.28
1.28
1.28
1.28
1.28
1.28
1.28
1.28
1.28
1.28
1.28
1.28
1.28
1.28
1.28
1.28
1.28
1.28
1.28
1.28
1.28
1.28
1.28
1.28
1.28
1.28
1.28
1.28
1.28
1.28
1.28
1.28
1.28
1.28
1.28
1.28
1.28
1.28
1.28
1.28001
1.28001
1.28001
1.28001
1.28001
1.28001
1.28001
1.28001
1.28001
1.28001
8.9904
1.28223
1.27998
1.28
1.28
1.28
1.28
1.28
1.28
1.28
9.02229
1.29382
1.28
1.28
1.28
1.28
1.28
1.28
1.28
1.28
9.04199
1.29758
1.28001
1.28
1.28
1.28
1.28
1.28
1.28
1.28
9.05002
1.29829
1.28001
1.28
1.28
1.28
1.28
1.28
1.28
1.28
9.05375
1.29852
1.28001
1.28
1.28
1.28
1.28
1.28
1.28
1.28
9.0552
1.29852
1.28001
1.28
1.28
1.28
1.28
1.28
1.28
1.28
9.05484
1.29833
1.28001
1.28
1.28
1.28
1.28
1.28
1.28
1.28
9.0517
1.29768
1.28001
1.28
1.28
1.28
1.28
1.28
1.28
1.28
9.04127
1.29414
1.28
1.28
1.28
1.28
1.28
1.28
1.28
1.28
9.02055
1.28323
1.27998
1.28
1.28
1.28
1.28
1.28
1.28
1.28
9.02063
1.29379
1.28
1.28
1.28
1.28
1.28
1.28
1.28
1.28
9.04111
1.29995
1.28001
1.28
1.28
1.28
1.28
1.28
1.28
1.28
9.05176
1.30131
1.28002
1.28
1.28
1.28
1.28
1.28
1.28
1.28
9.05631
1.3014
1.28002
1.28
1.28
1.28
1.28
1.28
1.28
1.28
9.0585
1.30142
1.28002
1.28
1.28
1.28
1.28
1.28
1.28
1.28
9.05917
1.30142
1.28002
1.28
1.28
1.28
1.28
1.28
1.28
1.28
9.05852
1.30141
1.28002
1.28
1.28
1.28
1.28
1.28
1.28
1.28
9.05605
1.30133
1.28002
1.28
1.28
1.28
1.28
1.28
1.28
1.28
9.04892
1.29998
1.28001
1.28
1.28
1.28
1.28
1.28
1.28
1.28
9.03393
1.29398
1.28
1.28
1.28
1.28
1.28
1.28
1.28
1.28
9.03882
1.29754
1.28001
1.28
1.28
1.28
1.28
1.28
1.28
1.28
9.05039
1.3013
1.28002
1.28
1.28
1.28
1.28
1.28
1.28
1.28
9.05614
1.30186
1.28002
1.28
1.28
1.28
1.28
1.28
1.28
1.28
9.05873
1.30181
1.28002
1.28
1.28
1.28
1.28
1.28
1.28
1.28
9.05996
1.30179
1.28002
1.28
1.28
1.28
1.28
1.28
1.28
1.28
9.06009
1.30179
1.28002
1.28
1.28
1.28
1.28
1.28
1.28
1.28
9.05918
1.30182
1.28002
1.28
1.28
1.28
1.28
1.28
1.28
1.28
9.05698
1.30186
1.28002
1.28
1.28
1.28
1.28
1.28
1.28
1.28
9.05188
1.3013
1.28002
1.28
1.28
1.28
1.28
1.28
1.28
1.28
9.04124
1.29753
1.28001
1.28
1.28
1.28
1.28
1.28
1.28
1.28
9.04546
1.29824
1.28001
1.28
1.28
1.28
1.28
1.28
1.28
1.28
9.05386
1.30138
1.28002
1.28
1.28
1.28
1.28
1.28
1.28
1.28
9.05782
1.30181
1.28002
1.28
1.28
1.28
1.28
1.28
1.28
1.28
9.0596
1.30177
1.28002
1.28
1.28
1.28
1.28
1.28
1.28
1.28
9.06034
1.30175
1.28002
1.28
1.28
1.28
1.28
1.28
1.28
1.28
9.06016
1.30176
1.28002
1.28
1.28
1.28
1.28
1.28
1.28
1.28
9.05903
1.30177
1.28002
1.28
1.28
1.28
1.28
1.28
1.28
1.28
9.05682
1.3018
1.28002
1.28
1.28
1.28
1.28
1.28
1.28
1.28
9.05235
1.30137
1.28002
1.28
1.28
1.28
1.28
1.28
1.28
1.28
9.04332
1.2982
1.28001
1.28
1.28
1.28
1.28
1.28
1.28
1.28
9.04784
1.29846
1.28001
1.28
1.28
1.28
1.28
1.28
1.28
1.28
9.05519
1.3014
1.28002
1.28
1.28
1.28
1.28
1.28
1.28
1.28
9.05852
1.30178
1.28002
1.28
1.28
1.28
1.28
1.28
1.28
1.28
9.05998
1.30175
1.28002
1.28
1.28
1.28
1.28
1.28
1.28
1.28
9.0605
1.30173
1.28002
1.28
1.28
1.28
1.28
1.28
1.28
1.28
9.06017
1.30173
1.28002
1.28
1.28
1.28
1.28
1.28
1.28
1.28
9.05893
1.30173
1.28002
1.28
1.28
1.28
1.28
1.28
1.28
1.28
9.05669
1.30175
1.28002
1.28
1.28
1.28
1.28
1.28
1.28
1.28
9.05243
1.30137
1.28002
1.28
1.28
1.28
1.28
1.28
1.28
1.28
9.04391
1.29839
1.28001
1.28
1.28
1.28
1.28
1.28
1.28
1.28
9.04784
1.29846
1.28001
1.28
1.28
1.28
1.28
1.28
1.28
1.28
9.05519
1.3014
1.28002
1.28
1.28
1.28
1.28
1.28
1.28
1.28
9.05852
1.30178
1.28002
1.28
1.28
1.28
1.28
1.28
1.28
1.28
9.05998
1.30175
1.28002
1.28
1.28
1.28
1.28
1.28
1.28
1.28
9.0605
1.30173
1.28002
1.28
1.28
1.28
1.28
1.28
1.28
1.28
9.06017
1.30173
1.28002
1.28
1.28
1.28
1.28
1.28
1.28
1.28
9.05893
1.30173
1.28002
1.28
1.28
1.28
1.28
1.28
1.28
1.28
9.05669
1.30175
1.28002
1.28
1.28
1.28
1.28
1.28
1.28
1.28
9.05243
1.30137
1.28002
1.28
1.28
1.28
1.28
1.28
1.28
1.28
9.04391
1.29839
1.28001
1.28
1.28
1.28
1.28
1.28
1.28
1.28
9.04547
1.29824
1.28001
1.28
1.28
1.28
1.28
1.28
1.28
1.28
9.05386
1.30138
1.28002
1.28
1.28
1.28
1.28
1.28
1.28
1.28
9.05782
1.30181
1.28002
1.28
1.28
1.28
1.28
1.28
1.28
1.28
9.0596
1.30177
1.28002
1.28
1.28
1.28
1.28
1.28
1.28
1.28
9.06034
1.30175
1.28002
1.28
1.28
1.28
1.28
1.28
1.28
1.28
9.06016
1.30176
1.28002
1.28
1.28
1.28
1.28
1.28
1.28
1.28
9.05903
1.30177
1.28002
1.28
1.28
1.28
1.28
1.28
1.28
1.28
9.05682
1.3018
1.28002
1.28
1.28
1.28
1.28
1.28
1.28
1.28
9.05235
1.30137
1.28002
1.28
1.28
1.28
1.28
1.28
1.28
1.28
9.04332
1.2982
1.28001
1.28
1.28
1.28
1.28
1.28
1.28
1.28
9.03882
1.29754
1.28001
1.28
1.28
1.28
1.28
1.28
1.28
1.28
9.05039
1.3013
1.28002
1.28
1.28
1.28
1.28
1.28
1.28
1.28
9.05614
1.30186
1.28002
1.28
1.28
1.28
1.28
1.28
1.28
1.28
9.05873
1.30181
1.28002
1.28
1.28
1.28
1.28
1.28
1.28
1.28
9.05996
1.30179
1.28002
1.28
1.28
1.28
1.28
1.28
1.28
1.28
9.06009
1.30179
1.28002
1.28
1.28
1.28
1.28
1.28
1.28
1.28
9.05918
1.30182
1.28002
1.28
1.28
1.28
1.28
1.28
1.28
1.28
9.05698
1.30186
1.28002
1.28
1.28
1.28
1.28
1.28
1.28
1.28
9.05188
1.3013
1.28002
1.28
1.28
1.28
1.28
1.28
1.28
1.28
9.04124
1.29753
1.28001
1.28
1.28
1.28
1.28
1.28
1.28
1.28
9.02064
1.29379
1.28
1.28
1.28
1.28
1.28
1.28
1.28
1.28
9.04111
1.29995
1.28001
1.28
1.28
1.28
1.28
1.28
1.28
1.28
9.05176
1.30131
1.28002
1.28
1.28
1.28
1.28
1.28
1.28
1.28
9.05631
1.3014
1.28002
1.28
1.28
1.28
1.28
1.28
1.28
1.28
9.0585
1.30142
1.28002
1.28
1.28
1.28
1.28
1.28
1.28
1.28
9.05917
1.30142
1.28002
1.28
1.28
1.28
1.28
1.28
1.28
1.28
9.05852
1.30141
1.28002
1.28
1.28
1.28
1.28
1.28
1.28
1.28
9.05605
1.30133
1.28002
1.28
1.28
1.28
1.28
1.28
1.28
1.28
9.04892
1.29998
1.28001
1.28
1.28
1.28
1.28
1.28
1.28
1.28
9.03393
1.29398
1.28
1.28
1.28
1.28
1.28
1.28
1.28
1.28
8.9904
1.28223
1.27998
1.28
1.28
1.28
1.28
1.28
1.28
1.28
9.02229
1.29382
1.28
1.28
1.28
1.28
1.28
1.28
1.28
1.28
9.04199
1.29758
1.28001
1.28
1.28
1.28
1.28
1.28
1.28
1.28
9.05002
1.29829
1.28001
1.28
1.28
1.28
1.28
1.28
1.28
1.28
9.05375
1.29852
1.28001
1.28
1.28
1.28
1.28
1.28
1.28
1.28
9.0552
1.29852
1.28001
1.28
1.28
1.28
1.28
1.28
1.28
1.28
9.05484
1.29833
1.28001
1.28
1.28
1.28
1.28
1.28
1.28
1.28
9.0517
1.29768
1.28001
1.28
1.28
1.28
1.28
1.28
1.28
1.28
9.04127
1.29414
1.28
1.28
1.28
1.28
1.28
1.28
1.28
1.28
9.02055
1.28323
1.27998
1.28
1.28
1.28
1.28
1.28
1.28
1.28
1.27827
1.27991
1.27994
1.27995
1.27996
1.27996
1.27997
1.27998
1.27999
1.2803
1.27844
1.27992
1.27994
1.27995
1.27995
1.27996
1.27996
1.27996
1.27997
1.28026
1.27862
1.27993
1.27994
1.27995
1.27995
1.27996
1.27996
1.27996
1.27997
1.28024
1.27879
1.27994
1.27995
1.27995
1.27996
1.27996
1.27996
1.27996
1.27997
1.28021
1.27896
1.27994
1.27995
1.27995
1.27996
1.27996
1.27996
1.27996
1.27997
1.28019
1.27914
1.27995
1.27995
1.27996
1.27996
1.27996
1.27996
1.27996
1.27997
1.28016
1.27931
1.27995
1.27995
1.27996
1.27996
1.27996
1.27996
1.27996
1.27996
1.28012
1.27949
1.27995
1.27995
1.27996
1.27996
1.27996
1.27996
1.27996
1.27996
1.28008
1.27967
1.27995
1.27996
1.27996
1.27996
1.27996
1.27996
1.27996
1.27996
1.28004
1.27985
1.27995
1.27994
1.27994
1.27993
1.27993
1.27992
1.27992
1.27991
1.27994
1.27878
1.28002
1.28002
1.28002
1.28002
1.28002
1.28002
1.28002
1.28002
1.28003
1.27889
1.28002
1.28002
1.28002
1.28002
1.28002
1.28001
1.28001
1.28001
1.28002
1.27901
1.28001
1.28001
1.28001
1.28001
1.28001
1.28001
1.28001
1.28001
1.28002
1.27913
1.28
1.28001
1.28001
1.28001
1.28001
1.28001
1.28001
1.28001
1.28002
1.27925
1.28
1.28
1.28001
1.28001
1.28001
1.28001
1.28001
1.28001
1.28002
1.27938
1.28
1.28
1.28
1.28
1.28
1.28
1.28
1.28
1.28002
1.2795
1.27999
1.28
1.28
1.28
1.28
1.28
1.28
1.28
1.28001
1.27964
1.27999
1.27999
1.27999
1.28
1.28
1.28
1.28
1.28
1.28001
1.27977
1.27999
1.27999
1.27999
1.27999
1.27999
1.27999
1.28
1.28
1.28
1.27991
1.27999
1.27999
1.27999
1.27999
1.27999
1.27999
1.27999
1.27999
1.27999
1.27894
1.28
1.28
1.28
1.28
1.28
1.28
1.28
1.28
1.28
1.27904
1.28
1.28
1.28
1.28
1.28
1.28
1.28
1.28
1.28
1.27914
1.28
1.28
1.28
1.28
1.28
1.28
1.28
1.28
1.28
1.27925
1.28
1.28
1.28
1.28
1.28
1.28
1.28
1.28
1.28
1.27935
1.28
1.28
1.28
1.28
1.28
1.28
1.28
1.28
1.28
1.27947
1.28
1.28
1.28
1.28
1.28
1.28
1.28
1.28
1.28
1.27958
1.28
1.28
1.28
1.28
1.28
1.28
1.28
1.28
1.28
1.2797
1.28
1.28
1.28
1.28
1.28
1.28
1.28
1.28
1.28
1.27981
1.28
1.28
1.28
1.28
1.28
1.28
1.28
1.28
1.28
1.27993
1.28
1.28
1.28
1.28
1.28
1.28
1.28
1.28
1.28
1.27895
1.27999
1.28
1.28
1.28
1.28
1.28
1.28
1.28
1.28
1.27905
1.27999
1.28
1.28
1.28
1.28
1.28
1.28
1.28
1.28
1.27915
1.28
1.28
1.28
1.28
1.28
1.28
1.28
1.28
1.28
1.27926
1.28
1.28
1.28
1.28
1.28
1.28
1.28
1.28
1.28
1.27936
1.28
1.28
1.28
1.28
1.28
1.28
1.28
1.28
1.28
1.27948
1.28
1.28
1.28
1.28
1.28
1.28
1.28
1.28
1.28
1.27959
1.28
1.28
1.28
1.28
1.28
1.28
1.28
1.28
1.28
1.27971
1.28
1.28
1.28
1.28
1.28
1.28
1.28
1.28
1.28
1.27982
1.28
1.28
1.28
1.28
1.28
1.28
1.28
1.28
1.28
1.27994
1.28
1.28
1.28
1.28
1.28
1.28
1.28
1.28
1.28
1.27888
1.27999
1.28
1.28
1.28
1.28
1.28
1.28
1.28
1.28
1.27899
1.27999
1.28
1.28
1.28
1.28
1.28
1.28
1.28
1.28
1.2791
1.27999
1.28
1.28
1.28
1.28
1.28
1.28
1.28
1.28
1.27921
1.28
1.28
1.28
1.28
1.28
1.28
1.28
1.28
1.28
1.27932
1.28
1.28
1.28
1.28
1.28
1.28
1.28
1.28
1.28
1.27944
1.28
1.28
1.28
1.28
1.28
1.28
1.28
1.28
1.28
1.27956
1.28
1.28
1.28
1.28
1.28
1.28
1.28
1.28
1.28
1.27968
1.28
1.28
1.28
1.28
1.28
1.28
1.28
1.28
1.28
1.27981
1.28
1.28
1.28
1.28
1.28
1.28
1.28
1.28
1.28
1.27993
1.28
1.28
1.28
1.28
1.28
1.28
1.28
1.28
1.28
1.27878
1.27999
1.28
1.28
1.28
1.28
1.28
1.28
1.28
1.28
1.27889
1.27999
1.28
1.28
1.28
1.28
1.28
1.28
1.28
1.28
1.27901
1.27999
1.28
1.28
1.28
1.28
1.28
1.28
1.28
1.28
1.27913
1.28
1.28
1.28
1.28
1.28
1.28
1.28
1.28
1.28
1.27925
1.28
1.28
1.28
1.28
1.28
1.28
1.28
1.28
1.28
1.27937
1.28
1.28
1.28
1.28
1.28
1.28
1.28
1.28
1.28
1.2795
1.28
1.28
1.28
1.28
1.28
1.28
1.28
1.28
1.28
1.27963
1.28
1.28
1.28
1.28
1.28
1.28
1.28
1.28
1.28
1.27977
1.28
1.28
1.28
1.28
1.28
1.28
1.28
1.28
1.28
1.27991
1.28
1.28
1.28
1.28
1.28
1.28
1.28
1.28
1.28
1.27874
1.27999
1.28
1.28
1.28
1.28
1.28
1.28
1.28
1.28
1.27885
1.27999
1.28
1.28
1.28
1.28
1.28
1.28
1.28
1.28
1.27897
1.27999
1.28
1.28
1.28
1.28
1.28
1.28
1.28
1.28
1.27908
1.28
1.28
1.28
1.28
1.28
1.28
1.28
1.28
1.28
1.27919
1.28
1.28
1.28
1.28
1.28
1.28
1.28
1.28
1.28
1.27931
1.28
1.28
1.28
1.28
1.28
1.28
1.28
1.28
1.28
1.27944
1.28
1.28
1.28
1.28
1.28
1.28
1.28
1.28
1.28
1.27957
1.28
1.28
1.28
1.28
1.28
1.28
1.28
1.28
1.28
1.27972
1.28
1.28
1.28
1.28
1.28
1.28
1.28
1.28
1.28
1.27989
1.28
1.28
1.28
1.28
1.28
1.28
1.28
1.28
1.28
1.27904
1.28
1.28
1.28
1.28
1.28
1.28
1.28
1.28
1.28
1.27913
1.28
1.28
1.28
1.28
1.28
1.28
1.28
1.28
1.28
1.27922
1.28
1.28
1.28
1.28
1.28
1.28
1.28
1.28
1.28
1.27931
1.28
1.28
1.28
1.28
1.28
1.28
1.28
1.28
1.28
1.2794
1.28
1.28
1.28
1.28
1.28
1.28
1.28
1.28
1.28
1.27949
1.28
1.28
1.28
1.28
1.28
1.28
1.28
1.28
1.28
1.27958
1.28
1.28
1.28
1.28
1.28
1.28
1.28
1.28
1.28
1.27968
1.28
1.28
1.28
1.28
1.28
1.28
1.28
1.28
1.28
1.27978
1.28
1.28
1.28
1.28
1.28
1.28
1.28
1.28
1.28
1.27993
1.28
1.28
1.28
1.28
1.28
1.28
1.28
1.28
1.28
1.2803
1.28001
1.28
1.28
1.28
1.28
1.28
1.28
1.28
1.28
1.28033
1.28001
1.28
1.28
1.28
1.28
1.28
1.28
1.28
1.28
1.28034
1.28001
1.28
1.28
1.28
1.28
1.28
1.28
1.28
1.28
1.28043
1.28001
1.28
1.28
1.28
1.28
1.28
1.28
1.28
1.28
1.28052
1.28001
1.28
1.28
1.28
1.28
1.28
1.28
1.28
1.28
1.2806
1.28001
1.28
1.28
1.28
1.28
1.28
1.28
1.28
1.28
1.28065
1.28001
1.28
1.28
1.28
1.28
1.28
1.28
1.28
1.28
1.28068
1.28001
1.28
1.28
1.28
1.28
1.28
1.28
1.28
1.28
1.28064
1.28
1.28
1.28
1.28
1.28
1.28
1.28
1.28
1.28
1.28054
1.28
1.28
1.28
1.28
1.28
1.28
1.28
1.28
1.28001
1.28263
1.28001
1.28
1.28
1.28
1.28
1.28
1.28
1.28
1.28
1.28258
1.28001
1.28
1.28
1.28
1.28
1.28
1.28
1.28
1.28
1.28245
1.28001
1.28
1.28
1.28
1.28
1.28
1.28
1.28
1.28
1.28267
1.28001
1.28
1.28
1.28
1.28
1.28
1.28
1.28
1.28
1.28291
1.28001
1.28
1.28
1.28
1.28
1.28
1.28
1.28
1.28
1.28316
1.28002
1.28
1.28
1.28
1.28
1.28
1.28
1.28
1.28
1.28343
1.28002
1.28
1.28
1.28
1.28
1.28
1.28
1.28
1.28
1.28375
1.28002
1.28
1.28
1.28
1.28
1.28
1.28
1.28
1.28
1.28411
1.28002
1.28
1.28
1.28
1.28
1.28
1.28
1.28
1.28
1.28448
1.28002
1.28
1.28
1.28
1.28
1.28
1.28
1.28002
1.2801
1.28056
1.27997
1.28
1.28
1.28
1.28
1.28
1.28
1.28
1.28
1.28064
1.28
1.28
1.28
1.28
1.28
1.28
1.28
1.28
1.28
1.28082
1.28002
1.28
1.28
1.28
1.28
1.28
1.28
1.28
1.28
1.28088
1.28005
1.28
1.28
1.28
1.28
1.28
1.28
1.28
1.28
1.28095
1.28008
1.28
1.28
1.28
1.28
1.28
1.28
1.28
1.28
1.28102
1.28011
1.28
1.28
1.28
1.28
1.28
1.28
1.28
1.28
1.2811
1.28015
1.28
1.28
1.28
1.28
1.28
1.28
1.28
1.28
1.28148
1.28019
1.28
1.28
1.28
1.28
1.28
1.28
1.28
1.28
1.28179
1.28023
1.28
1.28
1.28
1.28
1.28
1.28
1.28
1.28
1.28207
1.28028
1.28
1.28
1.28
1.28
1.28
1.28002
1.28014
1.28046
1.28095
1.28003
1.28
1.28
1.28
1.28
1.28
1.28
1.28
1.28
1.28103
1.28006
1.28
1.28
1.28
1.28
1.28
1.28
1.28
1.28
1.28105
1.2801
1.28
1.28
1.28
1.28
1.28
1.28
1.28
1.28
1.28106
1.28014
1.28
1.28
1.28
1.28
1.28
1.28
1.28
1.28
1.28141
1.28018
1.28
1.28
1.28
1.28
1.28
1.28
1.28
1.28
1.28172
1.28023
1.28
1.28
1.28
1.28
1.28
1.28
1.28
1.28
1.28197
1.28028
1.28
1.28
1.28
1.28
1.28
1.28
1.28
1.28
1.28187
1.28034
1.28
1.28
1.28
1.28
1.28
1.28
1.28
1.28
1.28183
1.2804
1.28
1.28
1.28
1.28
1.28
1.28
1.28
1.28
1.28183
1.28047
1.28
1.28
1.28
1.28
1.28
1.28
1.28
1.2802
1.28094
1.28009
1.28
1.28
1.28
1.28
1.28
1.28
1.28
1.28
1.28098
1.28014
1.28
1.28
1.28
1.28
1.28
1.28
1.28
1.28
1.28138
1.28019
1.28
1.28
1.28
1.28
1.28
1.28
1.28
1.28
1.2817
1.28025
1.28
1.28
1.28
1.28
1.28
1.28
1.28
1.28
1.28162
1.28031
1.28
1.28
1.28
1.28
1.28
1.28
1.28
1.28
1.28156
1.28037
1.28
1.28
1.28
1.28
1.28
1.28
1.28
1.28
1.28155
1.28045
1.28
1.28
1.28
1.28
1.28
1.28
1.28
1.28
1.28155
1.28053
1.28001
1.28
1.28
1.28
1.28
1.28
1.28
1.28
1.28158
1.28063
1.28001
1.28
1.28
1.28
1.28
1.28
1.28
1.28
1.28162
1.28073
1.28001
1.28
1.28
1.28
1.28
1.28
1.27999
1.27999
1.28115
1.28016
1.28
1.28
1.28
1.28
1.28
1.28
1.28
1.28
1.28144
1.28022
1.28
1.28
1.28
1.28
1.28
1.28
1.28
1.28
1.28128
1.28029
1.28
1.28
1.28
1.28
1.28
1.28
1.28
1.28
1.28121
1.28036
1.28
1.28
1.28
1.28
1.28
1.28
1.28
1.28
1.28117
1.28044
1.28001
1.28
1.28
1.28
1.28
1.28
1.28
1.28
1.28115
1.28054
1.28001
1.28
1.28
1.28
1.28
1.28
1.28
1.28
1.28115
1.28065
1.28001
1.28
1.28
1.28
1.28
1.28
1.28
1.28
1.28117
1.28078
1.28001
1.28
1.28
1.28
1.28
1.28
1.28
1.28
1.28121
1.28092
1.28002
1.28
1.28
1.28
1.28
1.28
1.28
1.28
1.28126
1.28109
1.28002
1.28
1.28
1.28
1.28
1.28
1.27999
1.27996
1.28094
1.28023
1.28
1.28
1.28
1.28
1.28
1.28
1.28
1.28
1.28081
1.28029
1.28
1.28
1.28
1.28
1.28
1.28
1.28
1.28
1.28072
1.28037
1.28001
1.28
1.28
1.28
1.28
1.28
1.28
1.28
1.28065
1.28046
1.28001
1.28
1.28
1.28
1.28
1.28
1.28
1.28
1.28059
1.28058
1.28001
1.28
1.28
1.28
1.28
1.28
1.28
1.28
1.28054
1.28071
1.28002
1.28
1.28
1.28
1.28
1.28
1.28
1.28
1.28051
1.28086
1.28002
1.28
1.28
1.28
1.28
1.28
1.28
1.28
1.2805
1.28104
1.28003
1.28
1.28
1.28
1.28
1.28
1.28
1.28
1.2805
1.28126
1.28003
1.28
1.28
1.28
1.28
1.28
1.28
1.28
1.28051
1.28151
1.28004
1.28
1.28
1.28
1.28
1.28
1.27999
1.27995
1.2803
1.28025
1.28001
1.28
1.28
1.28
1.28
1.28
1.28
1.28
1.28014
1.28032
1.28001
1.28
1.28
1.28
1.28
1.28
1.28
1.28
1.27999
1.28042
1.28001
1.28
1.28
1.28
1.28
1.28
1.28
1.28
1.27985
1.28053
1.28001
1.28
1.28
1.28
1.28
1.28
1.28
1.28
1.2797
1.28066
1.28002
1.28
1.28
1.28
1.28
1.28
1.28
1.28
1.27956
1.28082
1.28002
1.28
1.28
1.28
1.28
1.28
1.28
1.28
1.27941
1.28102
1.28003
1.28
1.28
1.28
1.28
1.28
1.28
1.28
1.27926
1.28126
1.28004
1.28
1.28
1.28
1.28
1.28
1.28
1.28
1.27913
1.28155
1.28006
1.28
1.28
1.28
1.28
1.28
1.28
1.28
1.27899
1.28191
1.28008
1.28
1.28
1.28
1.28
1.28
1.27999
1.27995
1.27957
1.28023
1.28
1.28
1.28
1.28
1.28
1.28
1.28
1.28
1.27931
1.2803
1.28001
1.28
1.28
1.28
1.28
1.28
1.28
1.28
1.27904
1.28038
1.28001
1.28
1.28
1.28
1.28
1.28
1.28
1.28
1.27874
1.28049
1.28001
1.28
1.28
1.28
1.28
1.28
1.28
1.28
1.27842
1.28062
1.28002
1.28
1.28
1.28
1.28
1.28
1.28
1.28
1.27806
1.28078
1.28003
1.28
1.28
1.28
1.28
1.28
1.28
1.28
1.27767
1.28099
1.28004
1.28
1.28
1.28
1.28
1.28
1.28
1.28
1.27723
1.28125
1.28006
1.28
1.28
1.28
1.28
1.28
1.28
1.28
1.27675
1.28158
1.28008
1.28
1.28
1.28
1.28
1.28
1.28
1.28
1.2762
1.282
1.28011
1.28
1.28
1.28
1.28
1.28
1.27999
1.27995
1.27877
1.28014
1.28
1.28
1.28
1.28
1.28
1.28
1.28
1.28
1.27836
1.28018
1.28001
1.28
1.28
1.28
1.28
1.28
1.28
1.28
1.27791
1.28024
1.28001
1.28
1.28
1.28
1.28
1.28
1.28
1.28
1.2774
1.28031
1.28001
1.28
1.28
1.28
1.28
1.28
1.28
1.28
1.27682
1.28039
1.28002
1.28
1.28
1.28
1.28
1.28
1.28
1.28
1.27614
1.28051
1.28003
1.28
1.28
1.28
1.28
1.28
1.28
1.28
1.27534
1.28065
1.28004
1.28
1.28
1.28
1.28
1.28
1.28
1.28
1.27441
1.28083
1.28006
1.28
1.28
1.28
1.28
1.28
1.28
1.28
1.2733
1.28107
1.28008
1.28
1.28
1.28
1.28
1.28
1.28
1.28
1.27195
1.28138
1.28012
1.28001
1.28
1.28
1.28
1.28
1.28
1.27997
1.27804
1.28002
1.28
1.28
1.28
1.28
1.28
1.28
1.28
1.28
1.27748
1.28003
1.28
1.28
1.28
1.28
1.28
1.28
1.28
1.28
1.27685
1.28003
1.28
1.28
1.28
1.28
1.28
1.28
1.28
1.28
1.27611
1.28004
1.28
1.28
1.28
1.28
1.28
1.28
1.28
1.28
1.27524
1.28004
1.28001
1.28
1.28
1.28
1.28
1.28
1.28
1.28
1.2742
1.28004
1.28001
1.28
1.28
1.28
1.28
1.28
1.28
1.28
1.27295
1.28004
1.28001
1.28
1.28
1.28
1.28
1.28
1.28
1.28
1.27142
1.28003
1.28002
1.28
1.28
1.28
1.28
1.28
1.28
1.28
1.26954
1.28
1.28003
1.28
1.28
1.28
1.28
1.28
1.28
1.28
1.26716
1.27994
1.28004
1.28
1.28
1.28
1.28
1.28
1.28
1.28002
1.2776
1.27994
1.28
1.28
1.28
1.28
1.28
1.28
1.28
1.28
1.27694
1.27991
1.28
1.28
1.28
1.28
1.28
1.28
1.28
1.28
1.27619
1.27987
1.28
1.28
1.28
1.28
1.28
1.28
1.28
1.28
1.2753
1.27982
1.27999
1.28
1.28
1.28
1.28
1.28
1.28
1.28
1.27424
1.27975
1.27999
1.28
1.28
1.28
1.28
1.28
1.28
1.28
1.27296
1.27966
1.27999
1.28
1.28
1.28
1.28
1.28
1.28
1.28
1.27139
1.27952
1.27998
1.28
1.28
1.28
1.28
1.28
1.28
1.28
1.26946
1.27932
1.27997
1.28
1.28
1.28
1.28
1.28
1.28
1.28
1.26704
1.27902
1.27995
1.28
1.28
1.28
1.28
1.28
1.28
1.28
1.26393
1.27857
1.27991
1.28
1.28
1.28
1.28
1.28
1.28003
1.28027
1.2776
1.27994
1.28
1.28
1.28
1.28
1.28
1.28
1.28
1.28
1.27694
1.27991
1.28
1.28
1.28
1.28
1.28
1.28
1.28
1.28
1.27619
1.27987
1.28
1.28
1.28
1.28
1.28
1.28
1.28
1.28
1.2753
1.27982
1.27999
1.28
1.28
1.28
1.28
1.28
1.28
1.28
1.27424
1.27975
1.27999
1.28
1.28
1.28
1.28
1.28
1.28
1.28
1.27296
1.27966
1.27999
1.28
1.28
1.28
1.28
1.28
1.28
1.28
1.27139
1.27952
1.27998
1.28
1.28
1.28
1.28
1.28
1.28
1.28
1.26946
1.27932
1.27997
1.28
1.28
1.28
1.28
1.28
1.28
1.28
1.26704
1.27902
1.27995
1.28
1.28
1.28
1.28
1.28
1.28
1.28
1.26393
1.27857
1.27991
1.28
1.28
1.28
1.28
1.28
1.28003
1.28027
1.27804
1.28002
1.28
1.28
1.28
1.28
1.28
1.28
1.28
1.28
1.27748
1.28003
1.28
1.28
1.28
1.28
1.28
1.28
1.28
1.28
1.27685
1.28003
1.28
1.28
1.28
1.28
1.28
1.28
1.28
1.28
1.27611
1.28004
1.28
1.28
1.28
1.28
1.28
1.28
1.28
1.28
1.27524
1.28004
1.28001
1.28
1.28
1.28
1.28
1.28
1.28
1.28
1.2742
1.28004
1.28001
1.28
1.28
1.28
1.28
1.28
1.28
1.28
1.27295
1.28004
1.28001
1.28
1.28
1.28
1.28
1.28
1.28
1.28
1.27142
1.28003
1.28002
1.28
1.28
1.28
1.28
1.28
1.28
1.28
1.26954
1.28
1.28003
1.28
1.28
1.28
1.28
1.28
1.28
1.28
1.26716
1.27994
1.28004
1.28
1.28
1.28
1.28
1.28
1.28
1.28002
1.27877
1.28014
1.28
1.28
1.28
1.28
1.28
1.28
1.28
1.28
1.27836
1.28018
1.28001
1.28
1.28
1.28
1.28
1.28
1.28
1.28
1.27791
1.28024
1.28001
1.28
1.28
1.28
1.28
1.28
1.28
1.28
1.2774
1.28031
1.28001
1.28
1.28
1.28
1.28
1.28
1.28
1.28
1.27682
1.28039
1.28002
1.28
1.28
1.28
1.28
1.28
1.28
1.28
1.27614
1.28051
1.28003
1.28
1.28
1.28
1.28
1.28
1.28
1.28
1.27534
1.28065
1.28004
1.28
1.28
1.28
1.28
1.28
1.28
1.28
1.27441
1.28083
1.28006
1.28
1.28
1.28
1.28
1.28
1.28
1.28
1.2733
1.28107
1.28008
1.28
1.28
1.28
1.28
1.28
1.28
1.28
1.27195
1.28138
1.28012
1.28001
1.28
1.28
1.28
1.28
1.28
1.27997
1.27957
1.28023
1.28
1.28
1.28
1.28
1.28
1.28
1.28
1.28
1.27931
1.2803
1.28001
1.28
1.28
1.28
1.28
1.28
1.28
1.28
1.27904
1.28038
1.28001
1.28
1.28
1.28
1.28
1.28
1.28
1.28
1.27874
1.28049
1.28001
1.28
1.28
1.28
1.28
1.28
1.28
1.28
1.27842
1.28062
1.28002
1.28
1.28
1.28
1.28
1.28
1.28
1.28
1.27806
1.28078
1.28003
1.28
1.28
1.28
1.28
1.28
1.28
1.28
1.27767
1.28099
1.28004
1.28
1.28
1.28
1.28
1.28
1.28
1.28
1.27723
1.28125
1.28006
1.28
1.28
1.28
1.28
1.28
1.28
1.28
1.27675
1.28158
1.28008
1.28
1.28
1.28
1.28
1.28
1.28
1.28
1.2762
1.282
1.28011
1.28
1.28
1.28
1.28
1.28
1.27999
1.27995
1.2803
1.28025
1.28001
1.28
1.28
1.28
1.28
1.28
1.28
1.28
1.28014
1.28032
1.28001
1.28
1.28
1.28
1.28
1.28
1.28
1.28
1.27999
1.28042
1.28001
1.28
1.28
1.28
1.28
1.28
1.28
1.28
1.27985
1.28053
1.28001
1.28
1.28
1.28
1.28
1.28
1.28
1.28
1.2797
1.28066
1.28002
1.28
1.28
1.28
1.28
1.28
1.28
1.28
1.27956
1.28082
1.28002
1.28
1.28
1.28
1.28
1.28
1.28
1.28
1.27941
1.28102
1.28003
1.28
1.28
1.28
1.28
1.28
1.28
1.28
1.27926
1.28126
1.28004
1.28
1.28
1.28
1.28
1.28
1.28
1.28
1.27913
1.28155
1.28006
1.28
1.28
1.28
1.28
1.28
1.28
1.28
1.27899
1.28191
1.28008
1.28
1.28
1.28
1.28
1.28
1.27999
1.27995
1.28094
1.28023
1.28
1.28
1.28
1.28
1.28
1.28
1.28
1.28
1.28081
1.28029
1.28
1.28
1.28
1.28
1.28
1.28
1.28
1.28
1.28072
1.28037
1.28001
1.28
1.28
1.28
1.28
1.28
1.28
1.28
1.28065
1.28046
1.28001
1.28
1.28
1.28
1.28
1.28
1.28
1.28
1.28059
1.28058
1.28001
1.28
1.28
1.28
1.28
1.28
1.28
1.28
1.28054
1.28071
1.28002
1.28
1.28
1.28
1.28
1.28
1.28
1.28
1.28051
1.28086
1.28002
1.28
1.28
1.28
1.28
1.28
1.28
1.28
1.2805
1.28104
1.28003
1.28
1.28
1.28
1.28
1.28
1.28
1.28
1.2805
1.28126
1.28003
1.28
1.28
1.28
1.28
1.28
1.28
1.28
1.28051
1.28151
1.28004
1.28
1.28
1.28
1.28
1.28
1.27999
1.27995
1.28115
1.28016
1.28
1.28
1.28
1.28
1.28
1.28
1.28
1.28
1.28144
1.28022
1.28
1.28
1.28
1.28
1.28
1.28
1.28
1.28
1.28128
1.28029
1.28
1.28
1.28
1.28
1.28
1.28
1.28
1.28
1.28121
1.28036
1.28
1.28
1.28
1.28
1.28
1.28
1.28
1.28
1.28117
1.28044
1.28001
1.28
1.28
1.28
1.28
1.28
1.28
1.28
1.28115
1.28054
1.28001
1.28
1.28
1.28
1.28
1.28
1.28
1.28
1.28115
1.28065
1.28001
1.28
1.28
1.28
1.28
1.28
1.28
1.28
1.28117
1.28078
1.28001
1.28
1.28
1.28
1.28
1.28
1.28
1.28
1.28121
1.28092
1.28002
1.28
1.28
1.28
1.28
1.28
1.28
1.28
1.28126
1.28109
1.28002
1.28
1.28
1.28
1.28
1.28
1.27999
1.27996
1.28094
1.28009
1.28
1.28
1.28
1.28
1.28
1.28
1.28
1.28
1.28098
1.28014
1.28
1.28
1.28
1.28
1.28
1.28
1.28
1.28
1.28138
1.28019
1.28
1.28
1.28
1.28
1.28
1.28
1.28
1.28
1.2817
1.28025
1.28
1.28
1.28
1.28
1.28
1.28
1.28
1.28
1.28162
1.28031
1.28
1.28
1.28
1.28
1.28
1.28
1.28
1.28
1.28156
1.28037
1.28
1.28
1.28
1.28
1.28
1.28
1.28
1.28
1.28155
1.28045
1.28
1.28
1.28
1.28
1.28
1.28
1.28
1.28
1.28155
1.28053
1.28001
1.28
1.28
1.28
1.28
1.28
1.28
1.28
1.28158
1.28063
1.28001
1.28
1.28
1.28
1.28
1.28
1.28
1.28
1.28162
1.28073
1.28001
1.28
1.28
1.28
1.28
1.28
1.27999
1.27999
1.28095
1.28003
1.28
1.28
1.28
1.28
1.28
1.28
1.28
1.28
1.28103
1.28006
1.28
1.28
1.28
1.28
1.28
1.28
1.28
1.28
1.28105
1.2801
1.28
1.28
1.28
1.28
1.28
1.28
1.28
1.28
1.28106
1.28014
1.28
1.28
1.28
1.28
1.28
1.28
1.28
1.28
1.28141
1.28018
1.28
1.28
1.28
1.28
1.28
1.28
1.28
1.28
1.28172
1.28023
1.28
1.28
1.28
1.28
1.28
1.28
1.28
1.28
1.28197
1.28028
1.28
1.28
1.28
1.28
1.28
1.28
1.28
1.28
1.28187
1.28034
1.28
1.28
1.28
1.28
1.28
1.28
1.28
1.28
1.28183
1.2804
1.28
1.28
1.28
1.28
1.28
1.28
1.28
1.28
1.28183
1.28047
1.28
1.28
1.28
1.28
1.28
1.28
1.28
1.2802
1.28056
1.27997
1.28
1.28
1.28
1.28
1.28
1.28
1.28
1.28
1.28064
1.28
1.28
1.28
1.28
1.28
1.28
1.28
1.28
1.28
1.28082
1.28002
1.28
1.28
1.28
1.28
1.28
1.28
1.28
1.28
1.28088
1.28005
1.28
1.28
1.28
1.28
1.28
1.28
1.28
1.28
1.28095
1.28008
1.28
1.28
1.28
1.28
1.28
1.28
1.28
1.28
1.28102
1.28011
1.28
1.28
1.28
1.28
1.28
1.28
1.28
1.28
1.2811
1.28015
1.28
1.28
1.28
1.28
1.28
1.28
1.28
1.28
1.28148
1.28019
1.28
1.28
1.28
1.28
1.28
1.28
1.28
1.28
1.28179
1.28023
1.28
1.28
1.28
1.28
1.28
1.28
1.28
1.28
1.28207
1.28028
1.28
1.28
1.28
1.28
1.28
1.28002
1.28014
1.28046
1.28263
1.28001
1.28
1.28
1.28
1.28
1.28
1.28
1.28
1.28
1.28258
1.28001
1.28
1.28
1.28
1.28
1.28
1.28
1.28
1.28
1.28245
1.28001
1.28
1.28
1.28
1.28
1.28
1.28
1.28
1.28
1.28267
1.28001
1.28
1.28
1.28
1.28
1.28
1.28
1.28
1.28
1.28291
1.28001
1.28
1.28
1.28
1.28
1.28
1.28
1.28
1.28
1.28316
1.28002
1.28
1.28
1.28
1.28
1.28
1.28
1.28
1.28
1.28343
1.28002
1.28
1.28
1.28
1.28
1.28
1.28
1.28
1.28
1.28375
1.28002
1.28
1.28
1.28
1.28
1.28
1.28
1.28
1.28
1.28411
1.28002
1.28
1.28
1.28
1.28
1.28
1.28
1.28
1.28
1.28448
1.28002
1.28
1.28
1.28
1.28
1.28
1.28
1.28002
1.2801
1.2803
1.28001
1.28
1.28
1.28
1.28
1.28
1.28
1.28
1.28
1.28033
1.28001
1.28
1.28
1.28
1.28
1.28
1.28
1.28
1.28
1.28034
1.28001
1.28
1.28
1.28
1.28
1.28
1.28
1.28
1.28
1.28043
1.28001
1.28
1.28
1.28
1.28
1.28
1.28
1.28
1.28
1.28052
1.28001
1.28
1.28
1.28
1.28
1.28
1.28
1.28
1.28
1.2806
1.28001
1.28
1.28
1.28
1.28
1.28
1.28
1.28
1.28
1.28065
1.28001
1.28
1.28
1.28
1.28
1.28
1.28
1.28
1.28
1.28068
1.28001
1.28
1.28
1.28
1.28
1.28
1.28
1.28
1.28
1.28064
1.28
1.28
1.28
1.28
1.28
1.28
1.28
1.28
1.28
1.28054
1.28
1.28
1.28
1.28
1.28
1.28
1.28
1.28
1.28001
1.27904
1.28
1.28
1.28
1.28
1.28
1.28
1.28
1.28
1.28
1.27913
1.28
1.28
1.28
1.28
1.28
1.28
1.28
1.28
1.28
1.27922
1.28
1.28
1.28
1.28
1.28
1.28
1.28
1.28
1.28
1.27931
1.28
1.28
1.28
1.28
1.28
1.28
1.28
1.28
1.28
1.2794
1.28
1.28
1.28
1.28
1.28
1.28
1.28
1.28
1.28
1.27949
1.28
1.28
1.28
1.28
1.28
1.28
1.28
1.28
1.28
1.27958
1.28
1.28
1.28
1.28
1.28
1.28
1.28
1.28
1.28
1.27968
1.28
1.28
1.28
1.28
1.28
1.28
1.28
1.28
1.28
1.27978
1.28
1.28
1.28
1.28
1.28
1.28
1.28
1.28
1.28
1.27993
1.28
1.28
1.28
1.28
1.28
1.28
1.28
1.28
1.28
1.27874
1.27999
1.28
1.28
1.28
1.28
1.28
1.28
1.28
1.28
1.27885
1.27999
1.28
1.28
1.28
1.28
1.28
1.28
1.28
1.28
1.27897
1.27999
1.28
1.28
1.28
1.28
1.28
1.28
1.28
1.28
1.27908
1.28
1.28
1.28
1.28
1.28
1.28
1.28
1.28
1.28
1.27919
1.28
1.28
1.28
1.28
1.28
1.28
1.28
1.28
1.28
1.27931
1.28
1.28
1.28
1.28
1.28
1.28
1.28
1.28
1.28
1.27944
1.28
1.28
1.28
1.28
1.28
1.28
1.28
1.28
1.28
1.27957
1.28
1.28
1.28
1.28
1.28
1.28
1.28
1.28
1.28
1.27972
1.28
1.28
1.28
1.28
1.28
1.28
1.28
1.28
1.28
1.27989
1.28
1.28
1.28
1.28
1.28
1.28
1.28
1.28
1.28
1.27878
1.27999
1.28
1.28
1.28
1.28
1.28
1.28
1.28
1.28
1.27889
1.27999
1.28
1.28
1.28
1.28
1.28
1.28
1.28
1.28
1.27901
1.27999
1.28
1.28
1.28
1.28
1.28
1.28
1.28
1.28
1.27913
1.28
1.28
1.28
1.28
1.28
1.28
1.28
1.28
1.28
1.27925
1.28
1.28
1.28
1.28
1.28
1.28
1.28
1.28
1.28
1.27937
1.28
1.28
1.28
1.28
1.28
1.28
1.28
1.28
1.28
1.2795
1.28
1.28
1.28
1.28
1.28
1.28
1.28
1.28
1.28
1.27963
1.28
1.28
1.28
1.28
1.28
1.28
1.28
1.28
1.28
1.27977
1.28
1.28
1.28
1.28
1.28
1.28
1.28
1.28
1.28
1.27991
1.28
1.28
1.28
1.28
1.28
1.28
1.28
1.28
1.28
1.27888
1.27999
1.28
1.28
1.28
1.28
1.28
1.28
1.28
1.28
1.27899
1.27999
1.28
1.28
1.28
1.28
1.28
1.28
1.28
1.28
1.2791
1.27999
1.28
1.28
1.28
1.28
1.28
1.28
1.28
1.28
1.27921
1.28
1.28
1.28
1.28
1.28
1.28
1.28
1.28
1.28
1.27932
1.28
1.28
1.28
1.28
1.28
1.28
1.28
1.28
1.28
1.27944
1.28
1.28
1.28
1.28
1.28
1.28
1.28
1.28
1.28
1.27956
1.28
1.28
1.28
1.28
1.28
1.28
1.28
1.28
1.28
1.27968
1.28
1.28
1.28
1.28
1.28
1.28
1.28
1.28
1.28
1.27981
1.28
1.28
1.28
1.28
1.28
1.28
1.28
1.28
1.28
1.27993
1.28
1.28
1.28
1.28
1.28
1.28
1.28
1.28
1.28
1.27895
1.27999
1.28
1.28
1.28
1.28
1.28
1.28
1.28
1.28
1.27905
1.27999
1.28
1.28
1.28
1.28
1.28
1.28
1.28
1.28
1.27915
1.28
1.28
1.28
1.28
1.28
1.28
1.28
1.28
1.28
1.27926
1.28
1.28
1.28
1.28
1.28
1.28
1.28
1.28
1.28
1.27936
1.28
1.28
1.28
1.28
1.28
1.28
1.28
1.28
1.28
1.27948
1.28
1.28
1.28
1.28
1.28
1.28
1.28
1.28
1.28
1.27959
1.28
1.28
1.28
1.28
1.28
1.28
1.28
1.28
1.28
1.27971
1.28
1.28
1.28
1.28
1.28
1.28
1.28
1.28
1.28
1.27982
1.28
1.28
1.28
1.28
1.28
1.28
1.28
1.28
1.28
1.27994
1.28
1.28
1.28
1.28
1.28
1.28
1.28
1.28
1.28
1.27894
1.28
1.28
1.28
1.28
1.28
1.28
1.28
1.28
1.28
1.27904
1.28
1.28
1.28
1.28
1.28
1.28
1.28
1.28
1.28
1.27914
1.28
1.28
1.28
1.28
1.28
1.28
1.28
1.28
1.28
1.27925
1.28
1.28
1.28
1.28
1.28
1.28
1.28
1.28
1.28
1.27935
1.28
1.28
1.28
1.28
1.28
1.28
1.28
1.28
1.28
1.27947
1.28
1.28
1.28
1.28
1.28
1.28
1.28
1.28
1.28
1.27958
1.28
1.28
1.28
1.28
1.28
1.28
1.28
1.28
1.28
1.2797
1.28
1.28
1.28
1.28
1.28
1.28
1.28
1.28
1.28
1.27981
1.28
1.28
1.28
1.28
1.28
1.28
1.28
1.28
1.28
1.27993
1.28
1.28
1.28
1.28
1.28
1.28
1.28
1.28
1.28
1.27878
1.28002
1.28002
1.28002
1.28002
1.28002
1.28002
1.28002
1.28002
1.28003
1.27889
1.28002
1.28002
1.28002
1.28002
1.28002
1.28001
1.28001
1.28001
1.28002
1.27901
1.28001
1.28001
1.28001
1.28001
1.28001
1.28001
1.28001
1.28001
1.28002
1.27913
1.28
1.28001
1.28001
1.28001
1.28001
1.28001
1.28001
1.28001
1.28002
1.27925
1.28
1.28
1.28001
1.28001
1.28001
1.28001
1.28001
1.28001
1.28002
1.27938
1.28
1.28
1.28
1.28
1.28
1.28
1.28
1.28
1.28002
1.2795
1.27999
1.28
1.28
1.28
1.28
1.28
1.28
1.28
1.28001
1.27964
1.27999
1.27999
1.27999
1.28
1.28
1.28
1.28
1.28
1.28001
1.27977
1.27999
1.27999
1.27999
1.27999
1.27999
1.27999
1.28
1.28
1.28
1.27991
1.27999
1.27999
1.27999
1.27999
1.27999
1.27999
1.27999
1.27999
1.27999
1.27827
1.27991
1.27994
1.27995
1.27996
1.27996
1.27997
1.27998
1.27999
1.2803
1.27844
1.27992
1.27994
1.27995
1.27995
1.27996
1.27996
1.27996
1.27997
1.28026
1.27862
1.27993
1.27994
1.27995
1.27995
1.27996
1.27996
1.27996
1.27997
1.28024
1.27879
1.27994
1.27995
1.27995
1.27996
1.27996
1.27996
1.27996
1.27997
1.28021
1.27896
1.27994
1.27995
1.27995
1.27996
1.27996
1.27996
1.27996
1.27997
1.28019
1.27914
1.27995
1.27995
1.27996
1.27996
1.27996
1.27996
1.27996
1.27997
1.28016
1.27931
1.27995
1.27995
1.27996
1.27996
1.27996
1.27996
1.27996
1.27996
1.28012
1.27949
1.27995
1.27995
1.27996
1.27996
1.27996
1.27996
1.27996
1.27996
1.28008
1.27967
1.27995
1.27996
1.27996
1.27996
1.27996
1.27996
1.27996
1.27996
1.28004
1.27985
1.27995
1.27994
1.27994
1.27993
1.27993
1.27992
1.27992
1.27991
1.27994
1.2803
1.27999
1.27998
1.27997
1.27996
1.27996
1.27995
1.27994
1.27991
1.27827
1.28026
1.27997
1.27996
1.27996
1.27996
1.27995
1.27995
1.27994
1.27992
1.27844
1.28024
1.27997
1.27996
1.27996
1.27996
1.27995
1.27995
1.27994
1.27993
1.27862
1.28021
1.27997
1.27996
1.27996
1.27996
1.27996
1.27995
1.27995
1.27994
1.27879
1.28019
1.27997
1.27996
1.27996
1.27996
1.27996
1.27995
1.27995
1.27994
1.27896
1.28016
1.27997
1.27996
1.27996
1.27996
1.27996
1.27996
1.27995
1.27995
1.27914
1.28012
1.27996
1.27996
1.27996
1.27996
1.27996
1.27996
1.27995
1.27995
1.27931
1.28008
1.27996
1.27996
1.27996
1.27996
1.27996
1.27996
1.27995
1.27995
1.27949
1.28004
1.27996
1.27996
1.27996
1.27996
1.27996
1.27996
1.27996
1.27995
1.27967
1.27994
1.27991
1.27992
1.27992
1.27993
1.27993
1.27994
1.27994
1.27995
1.27985
1.28003
1.28002
1.28002
1.28002
1.28002
1.28002
1.28002
1.28002
1.28002
1.27878
1.28002
1.28001
1.28001
1.28001
1.28002
1.28002
1.28002
1.28002
1.28002
1.27889
1.28002
1.28001
1.28001
1.28001
1.28001
1.28001
1.28001
1.28001
1.28001
1.27901
1.28002
1.28001
1.28001
1.28001
1.28001
1.28001
1.28001
1.28001
1.28
1.27913
1.28002
1.28001
1.28001
1.28001
1.28001
1.28001
1.28001
1.28
1.28
1.27925
1.28002
1.28
1.28
1.28
1.28
1.28
1.28
1.28
1.28
1.27938
1.28001
1.28
1.28
1.28
1.28
1.28
1.28
1.28
1.27999
1.2795
1.28001
1.28
1.28
1.28
1.28
1.28
1.27999
1.27999
1.27999
1.27964
1.28
1.28
1.28
1.27999
1.27999
1.27999
1.27999
1.27999
1.27999
1.27977
1.27999
1.27999
1.27999
1.27999
1.27999
1.27999
1.27999
1.27999
1.27999
1.27991
1.28
1.28
1.28
1.28
1.28
1.28
1.28
1.28
1.28
1.27894
1.28
1.28
1.28
1.28
1.28
1.28
1.28
1.28
1.28
1.27904
1.28
1.28
1.28
1.28
1.28
1.28
1.28
1.28
1.28
1.27914
1.28
1.28
1.28
1.28
1.28
1.28
1.28
1.28
1.28
1.27925
1.28
1.28
1.28
1.28
1.28
1.28
1.28
1.28
1.28
1.27935
1.28
1.28
1.28
1.28
1.28
1.28
1.28
1.28
1.28
1.27947
1.28
1.28
1.28
1.28
1.28
1.28
1.28
1.28
1.28
1.27958
1.28
1.28
1.28
1.28
1.28
1.28
1.28
1.28
1.28
1.2797
1.28
1.28
1.28
1.28
1.28
1.28
1.28
1.28
1.28
1.27981
1.28
1.28
1.28
1.28
1.28
1.28
1.28
1.28
1.28
1.27993
1.28
1.28
1.28
1.28
1.28
1.28
1.28
1.28
1.27999
1.27895
1.28
1.28
1.28
1.28
1.28
1.28
1.28
1.28
1.27999
1.27905
1.28
1.28
1.28
1.28
1.28
1.28
1.28
1.28
1.28
1.27915
1.28
1.28
1.28
1.28
1.28
1.28
1.28
1.28
1.28
1.27926
1.28
1.28
1.28
1.28
1.28
1.28
1.28
1.28
1.28
1.27936
1.28
1.28
1.28
1.28
1.28
1.28
1.28
1.28
1.28
1.27948
1.28
1.28
1.28
1.28
1.28
1.28
1.28
1.28
1.28
1.27959
1.28
1.28
1.28
1.28
1.28
1.28
1.28
1.28
1.28
1.27971
1.28
1.28
1.28
1.28
1.28
1.28
1.28
1.28
1.28
1.27982
1.28
1.28
1.28
1.28
1.28
1.28
1.28
1.28
1.28
1.27994
1.28
1.28
1.28
1.28
1.28
1.28
1.28
1.28
1.27999
1.27888
1.28
1.28
1.28
1.28
1.28
1.28
1.28
1.28
1.27999
1.27899
1.28
1.28
1.28
1.28
1.28
1.28
1.28
1.28
1.27999
1.2791
1.28
1.28
1.28
1.28
1.28
1.28
1.28
1.28
1.28
1.27921
1.28
1.28
1.28
1.28
1.28
1.28
1.28
1.28
1.28
1.27932
1.28
1.28
1.28
1.28
1.28
1.28
1.28
1.28
1.28
1.27944
1.28
1.28
1.28
1.28
1.28
1.28
1.28
1.28
1.28
1.27956
1.28
1.28
1.28
1.28
1.28
1.28
1.28
1.28
1.28
1.27968
1.28
1.28
1.28
1.28
1.28
1.28
1.28
1.28
1.28
1.27981
1.28
1.28
1.28
1.28
1.28
1.28
1.28
1.28
1.28
1.27993
1.28
1.28
1.28
1.28
1.28
1.28
1.28
1.28
1.27999
1.27878
1.28
1.28
1.28
1.28
1.28
1.28
1.28
1.28
1.27999
1.27889
1.28
1.28
1.28
1.28
1.28
1.28
1.28
1.28
1.27999
1.27901
1.28
1.28
1.28
1.28
1.28
1.28
1.28
1.28
1.28
1.27913
1.28
1.28
1.28
1.28
1.28
1.28
1.28
1.28
1.28
1.27925
1.28
1.28
1.28
1.28
1.28
1.28
1.28
1.28
1.28
1.27937
1.28
1.28
1.28
1.28
1.28
1.28
1.28
1.28
1.28
1.2795
1.28
1.28
1.28
1.28
1.28
1.28
1.28
1.28
1.28
1.27963
1.28
1.28
1.28
1.28
1.28
1.28
1.28
1.28
1.28
1.27977
1.28
1.28
1.28
1.28
1.28
1.28
1.28
1.28
1.28
1.27991
1.28
1.28
1.28
1.28
1.28
1.28
1.28
1.28
1.27999
1.27874
1.28
1.28
1.28
1.28
1.28
1.28
1.28
1.28
1.27999
1.27885
1.28
1.28
1.28
1.28
1.28
1.28
1.28
1.28
1.27999
1.27897
1.28
1.28
1.28
1.28
1.28
1.28
1.28
1.28
1.28
1.27908
1.28
1.28
1.28
1.28
1.28
1.28
1.28
1.28
1.28
1.27919
1.28
1.28
1.28
1.28
1.28
1.28
1.28
1.28
1.28
1.27931
1.28
1.28
1.28
1.28
1.28
1.28
1.28
1.28
1.28
1.27944
1.28
1.28
1.28
1.28
1.28
1.28
1.28
1.28
1.28
1.27957
1.28
1.28
1.28
1.28
1.28
1.28
1.28
1.28
1.28
1.27972
1.28
1.28
1.28
1.28
1.28
1.28
1.28
1.28
1.28
1.27989
1.28
1.28
1.28
1.28
1.28
1.28
1.28
1.28
1.28
1.27904
1.28
1.28
1.28
1.28
1.28
1.28
1.28
1.28
1.28
1.27913
1.28
1.28
1.28
1.28
1.28
1.28
1.28
1.28
1.28
1.27922
1.28
1.28
1.28
1.28
1.28
1.28
1.28
1.28
1.28
1.27931
1.28
1.28
1.28
1.28
1.28
1.28
1.28
1.28
1.28
1.2794
1.28
1.28
1.28
1.28
1.28
1.28
1.28
1.28
1.28
1.27949
1.28
1.28
1.28
1.28
1.28
1.28
1.28
1.28
1.28
1.27958
1.28
1.28
1.28
1.28
1.28
1.28
1.28
1.28
1.28
1.27968
1.28
1.28
1.28
1.28
1.28
1.28
1.28
1.28
1.28
1.27978
1.28
1.28
1.28
1.28
1.28
1.28
1.28
1.28
1.28
1.27993
1.28
1.28
1.28
1.28
1.28
1.28
1.28
1.28
1.28001
1.2803
1.28
1.28
1.28
1.28
1.28
1.28
1.28
1.28
1.28001
1.28033
1.28
1.28
1.28
1.28
1.28
1.28
1.28
1.28
1.28001
1.28034
1.28
1.28
1.28
1.28
1.28
1.28
1.28
1.28
1.28001
1.28043
1.28
1.28
1.28
1.28
1.28
1.28
1.28
1.28
1.28001
1.28052
1.28
1.28
1.28
1.28
1.28
1.28
1.28
1.28
1.28001
1.2806
1.28
1.28
1.28
1.28
1.28
1.28
1.28
1.28
1.28001
1.28065
1.28
1.28
1.28
1.28
1.28
1.28
1.28
1.28
1.28001
1.28068
1.28
1.28
1.28
1.28
1.28
1.28
1.28
1.28
1.28
1.28064
1.28001
1.28
1.28
1.28
1.28
1.28
1.28
1.28
1.28
1.28054
1.28
1.28
1.28
1.28
1.28
1.28
1.28
1.28
1.28001
1.28263
1.28
1.28
1.28
1.28
1.28
1.28
1.28
1.28
1.28001
1.28258
1.28
1.28
1.28
1.28
1.28
1.28
1.28
1.28
1.28001
1.28245
1.28
1.28
1.28
1.28
1.28
1.28
1.28
1.28
1.28001
1.28267
1.28
1.28
1.28
1.28
1.28
1.28
1.28
1.28
1.28001
1.28291
1.28
1.28
1.28
1.28
1.28
1.28
1.28
1.28
1.28002
1.28316
1.28
1.28
1.28
1.28
1.28
1.28
1.28
1.28
1.28002
1.28343
1.28
1.28
1.28
1.28
1.28
1.28
1.28
1.28
1.28002
1.28375
1.28
1.28
1.28
1.28
1.28
1.28
1.28
1.28
1.28002
1.28411
1.2801
1.28002
1.28
1.28
1.28
1.28
1.28
1.28
1.28002
1.28448
1.28
1.28
1.28
1.28
1.28
1.28
1.28
1.28
1.27997
1.28056
1.28
1.28
1.28
1.28
1.28
1.28
1.28
1.28
1.28
1.28064
1.28
1.28
1.28
1.28
1.28
1.28
1.28
1.28
1.28002
1.28082
1.28
1.28
1.28
1.28
1.28
1.28
1.28
1.28
1.28005
1.28088
1.28
1.28
1.28
1.28
1.28
1.28
1.28
1.28
1.28008
1.28095
1.28
1.28
1.28
1.28
1.28
1.28
1.28
1.28
1.28011
1.28102
1.28
1.28
1.28
1.28
1.28
1.28
1.28
1.28
1.28015
1.2811
1.28
1.28
1.28
1.28
1.28
1.28
1.28
1.28
1.28019
1.28148
1.28
1.28
1.28
1.28
1.28
1.28
1.28
1.28
1.28023
1.28179
1.28046
1.28014
1.28002
1.28
1.28
1.28
1.28
1.28
1.28028
1.28207
1.28
1.28
1.28
1.28
1.28
1.28
1.28
1.28
1.28003
1.28095
1.28
1.28
1.28
1.28
1.28
1.28
1.28
1.28
1.28006
1.28103
1.28
1.28
1.28
1.28
1.28
1.28
1.28
1.28
1.2801
1.28105
1.28
1.28
1.28
1.28
1.28
1.28
1.28
1.28
1.28014
1.28106
1.28
1.28
1.28
1.28
1.28
1.28
1.28
1.28
1.28018
1.28141
1.28
1.28
1.28
1.28
1.28
1.28
1.28
1.28
1.28023
1.28172
1.28
1.28
1.28
1.28
1.28
1.28
1.28
1.28
1.28028
1.28197
1.28
1.28
1.28
1.28
1.28
1.28
1.28
1.28
1.28034
1.28187
1.28
1.28
1.28
1.28
1.28
1.28
1.28
1.28
1.2804
1.28183
1.2802
1.28
1.28
1.28
1.28
1.28
1.28
1.28
1.28047
1.28183
1.28
1.28
1.28
1.28
1.28
1.28
1.28
1.28
1.28009
1.28094
1.28
1.28
1.28
1.28
1.28
1.28
1.28
1.28
1.28014
1.28098
1.28
1.28
1.28
1.28
1.28
1.28
1.28
1.28
1.28019
1.28138
1.28
1.28
1.28
1.28
1.28
1.28
1.28
1.28
1.28025
1.2817
1.28
1.28
1.28
1.28
1.28
1.28
1.28
1.28
1.28031
1.28162
1.28
1.28
1.28
1.28
1.28
1.28
1.28
1.28
1.28037
1.28156
1.28
1.28
1.28
1.28
1.28
1.28
1.28
1.28
1.28045
1.28155
1.28
1.28
1.28
1.28
1.28
1.28
1.28
1.28001
1.28053
1.28155
1.28
1.28
1.28
1.28
1.28
1.28
1.28
1.28001
1.28063
1.28158
1.27999
1.27999
1.28
1.28
1.28
1.28
1.28
1.28001
1.28073
1.28162
1.28
1.28
1.28
1.28
1.28
1.28
1.28
1.28
1.28016
1.28115
1.28
1.28
1.28
1.28
1.28
1.28
1.28
1.28
1.28022
1.28144
1.28
1.28
1.28
1.28
1.28
1.28
1.28
1.28
1.28029
1.28128
1.28
1.28
1.28
1.28
1.28
1.28
1.28
1.28
1.28036
1.28121
1.28
1.28
1.28
1.28
1.28
1.28
1.28
1.28001
1.28044
1.28117
1.28
1.28
1.28
1.28
1.28
1.28
1.28
1.28001
1.28054
1.28115
1.28
1.28
1.28
1.28
1.28
1.28
1.28
1.28001
1.28065
1.28115
1.28
1.28
1.28
1.28
1.28
1.28
1.28
1.28001
1.28078
1.28117
1.28
1.28
1.28
1.28
1.28
1.28
1.28
1.28002
1.28092
1.28121
1.27996
1.27999
1.28
1.28
1.28
1.28
1.28
1.28002
1.28109
1.28126
1.28
1.28
1.28
1.28
1.28
1.28
1.28
1.28
1.28023
1.28094
1.28
1.28
1.28
1.28
1.28
1.28
1.28
1.28
1.28029
1.28081
1.28
1.28
1.28
1.28
1.28
1.28
1.28
1.28001
1.28037
1.28072
1.28
1.28
1.28
1.28
1.28
1.28
1.28
1.28001
1.28046
1.28065
1.28
1.28
1.28
1.28
1.28
1.28
1.28
1.28001
1.28058
1.28059
1.28
1.28
1.28
1.28
1.28
1.28
1.28
1.28002
1.28071
1.28054
1.28
1.28
1.28
1.28
1.28
1.28
1.28
1.28002
1.28086
1.28051
1.28
1.28
1.28
1.28
1.28
1.28
1.28
1.28003
1.28104
1.2805
1.28
1.28
1.28
1.28
1.28
1.28
1.28
1.28003
1.28126
1.2805
1.27995
1.27999
1.28
1.28
1.28
1.28
1.28
1.28004
1.28151
1.28051
1.28
1.28
1.28
1.28
1.28
1.28
1.28
1.28001
1.28025
1.2803
1.28
1.28
1.28
1.28
1.28
1.28
1.28
1.28001
1.28032
1.28014
1.28
1.28
1.28
1.28
1.28
1.28
1.28
1.28001
1.28042
1.27999
1.28
1.28
1.28
1.28
1.28
1.28
1.28
1.28001
1.28053
1.27985
1.28
1.28
1.28
1.28
1.28
1.28
1.28
1.28002
1.28066
1.2797
1.28
1.28
1.28
1.28
1.28
1.28
1.28
1.28002
1.28082
1.27956
1.28
1.28
1.28
1.28
1.28
1.28
1.28
1.28003
1.28102
1.27941
1.28
1.28
1.28
1.28
1.28
1.28
1.28
1.28004
1.28126
1.27926
1.28
1.28
1.28
1.28
1.28
1.28
1.28
1.28006
1.28155
1.27913
1.27995
1.27999
1.28
1.28
1.28
1.28
1.28
1.28008
1.28191
1.27899
1.28
1.28
1.28
1.28
1.28
1.28
1.28
1.28
1.28023
1.27957
1.28
1.28
1.28
1.28
1.28
1.28
1.28
1.28001
1.2803
1.27931
1.28
1.28
1.28
1.28
1.28
1.28
1.28
1.28001
1.28038
1.27904
1.28
1.28
1.28
1.28
1.28
1.28
1.28
1.28001
1.28049
1.27874
1.28
1.28
1.28
1.28
1.28
1.28
1.28
1.28002
1.28062
1.27842
1.28
1.28
1.28
1.28
1.28
1.28
1.28
1.28003
1.28078
1.27806
1.28
1.28
1.28
1.28
1.28
1.28
1.28
1.28004
1.28099
1.27767
1.28
1.28
1.28
1.28
1.28
1.28
1.28
1.28006
1.28125
1.27723
1.28
1.28
1.28
1.28
1.28
1.28
1.28
1.28008
1.28158
1.27675
1.27995
1.27999
1.28
1.28
1.28
1.28
1.28
1.28011
1.282
1.2762
1.28
1.28
1.28
1.28
1.28
1.28
1.28
1.28
1.28014
1.27877
1.28
1.28
1.28
1.28
1.28
1.28
1.28
1.28001
1.28018
1.27836
1.28
1.28
1.28
1.28
1.28
1.28
1.28
1.28001
1.28024
1.27791
1.28
1.28
1.28
1.28
1.28
1.28
1.28
1.28001
1.28031
1.2774
1.28
1.28
1.28
1.28
1.28
1.28
1.28
1.28002
1.28039
1.27682
1.28
1.28
1.28
1.28
1.28
1.28
1.28
1.28003
1.28051
1.27614
1.28
1.28
1.28
1.28
1.28
1.28
1.28
1.28004
1.28065
1.27534
1.28
1.28
1.28
1.28
1.28
1.28
1.28
1.28006
1.28083
1.27441
1.28
1.28
1.28
1.28
1.28
1.28
1.28
1.28008
1.28107
1.2733
1.27997
1.28
1.28
1.28
1.28
1.28
1.28001
1.28012
1.28138
1.27195
1.28
1.28
1.28
1.28
1.28
1.28
1.28
1.28
1.28002
1.27804
1.28
1.28
1.28
1.28
1.28
1.28
1.28
1.28
1.28003
1.27748
1.28
1.28
1.28
1.28
1.28
1.28
1.28
1.28
1.28003
1.27685
1.28
1.28
1.28
1.28
1.28
1.28
1.28
1.28
1.28004
1.27611
1.28
1.28
1.28
1.28
1.28
1.28
1.28
1.28001
1.28004
1.27524
1.28
1.28
1.28
1.28
1.28
1.28
1.28
1.28001
1.28004
1.2742
1.28
1.28
1.28
1.28
1.28
1.28
1.28
1.28001
1.28004
1.27295
1.28
1.28
1.28
1.28
1.28
1.28
1.28
1.28002
1.28003
1.27142
1.28
1.28
1.28
1.28
1.28
1.28
1.28
1.28003
1.28
1.26954
1.28002
1.28
1.28
1.28
1.28
1.28
1.28
1.28004
1.27994
1.26716
1.28
1.28
1.28
1.28
1.28
1.28
1.28
1.28
1.27994
1.2776
1.28
1.28
1.28
1.28
1.28
1.28
1.28
1.28
1.27991
1.27694
1.28
1.28
1.28
1.28
1.28
1.28
1.28
1.28
1.27987
1.27619
1.28
1.28
1.28
1.28
1.28
1.28
1.28
1.27999
1.27982
1.2753
1.28
1.28
1.28
1.28
1.28
1.28
1.28
1.27999
1.27975
1.27424
1.28
1.28
1.28
1.28
1.28
1.28
1.28
1.27999
1.27966
1.27296
1.28
1.28
1.28
1.28
1.28
1.28
1.28
1.27998
1.27952
1.27139
1.28
1.28
1.28
1.28
1.28
1.28
1.28
1.27997
1.27932
1.26946
1.28
1.28
1.28
1.28
1.28
1.28
1.28
1.27995
1.27902
1.26704
1.28027
1.28003
1.28
1.28
1.28
1.28
1.28
1.27991
1.27857
1.26393
1.28
1.28
1.28
1.28
1.28
1.28
1.28
1.28
1.27993
1.27759
1.28
1.28
1.28
1.28
1.28
1.28
1.28
1.28
1.27991
1.27693
1.28
1.28
1.28
1.28
1.28
1.28
1.28
1.28
1.27987
1.27619
1.28
1.28
1.28
1.28
1.28
1.28
1.28
1.27999
1.27982
1.2753
1.28
1.28
1.28
1.28
1.28
1.28
1.28
1.27999
1.27975
1.27424
1.28
1.28
1.28
1.28
1.28
1.28
1.28
1.27999
1.27966
1.27295
1.28
1.28
1.28
1.28
1.28
1.28
1.28
1.27998
1.27952
1.27139
1.28
1.28
1.28
1.28
1.28
1.28
1.28
1.27997
1.27932
1.26946
1.28
1.28
1.28
1.28
1.28
1.28
1.28
1.27995
1.27902
1.26704
1.28027
1.28003
1.28
1.28
1.28
1.28
1.28
1.27991
1.27857
1.26393
1.28
1.28
1.28
1.28
1.28
1.28
1.28
1.28
1.28002
1.27803
1.28
1.28
1.28
1.28
1.28
1.28
1.28
1.28
1.28003
1.27747
1.28
1.28
1.28
1.28
1.28
1.28
1.28
1.28
1.28003
1.27684
1.28
1.28
1.28
1.28
1.28
1.28
1.28
1.28
1.28003
1.2761
1.28
1.28
1.28
1.28
1.28
1.28
1.28
1.28001
1.28004
1.27523
1.28
1.28
1.28
1.28
1.28
1.28
1.28
1.28001
1.28004
1.27419
1.28
1.28
1.28
1.28
1.28
1.28
1.28
1.28001
1.28004
1.27294
1.28
1.28
1.28
1.28
1.28
1.28
1.28
1.28002
1.28002
1.27141
1.28
1.28
1.28
1.28
1.28
1.28
1.28
1.28003
1.28
1.26953
1.28002
1.28
1.28
1.28
1.28
1.28
1.28
1.28004
1.27993
1.26715
1.28
1.28
1.28
1.28
1.28
1.28
1.28
1.28
1.28014
1.27876
1.28
1.28
1.28
1.28
1.28
1.28
1.28
1.28001
1.28018
1.27835
1.28
1.28
1.28
1.28
1.28
1.28
1.28
1.28001
1.28024
1.2779
1.28
1.28
1.28
1.28
1.28
1.28
1.28
1.28001
1.28031
1.27739
1.28
1.28
1.28
1.28
1.28
1.28
1.28
1.28002
1.28039
1.27681
1.28
1.28
1.28
1.28
1.28
1.28
1.28
1.28003
1.28051
1.27613
1.28
1.28
1.28
1.28
1.28
1.28
1.28
1.28004
1.28065
1.27533
1.28
1.28
1.28
1.28
1.28
1.28
1.28
1.28006
1.28083
1.2744
1.28
1.28
1.28
1.28
1.28
1.28
1.28
1.28008
1.28107
1.2733
1.27997
1.28
1.28
1.28
1.28
1.28
1.28001
1.28012
1.28138
1.27195
1.28
1.28
1.28
1.28
1.28
1.28
1.28
1.28
1.28023
1.27956
1.28
1.28
1.28
1.28
1.28
1.28
1.28
1.28001
1.2803
1.2793
1.28
1.28
1.28
1.28
1.28
1.28
1.28
1.28001
1.28038
1.27903
1.28
1.28
1.28
1.28
1.28
1.28
1.28
1.28001
1.28049
1.27874
1.28
1.28
1.28
1.28
1.28
1.28
1.28
1.28002
1.28062
1.27841
1.28
1.28
1.28
1.28
1.28
1.28
1.28
1.28003
1.28078
1.27806
1.28
1.28
1.28
1.28
1.28
1.28
1.28
1.28004
1.28099
1.27766
1.28
1.28
1.28
1.28
1.28
1.28
1.28
1.28006
1.28125
1.27723
1.28
1.28
1.28
1.28
1.28
1.28
1.28
1.28008
1.28158
1.27675
1.27995
1.27999
1.28
1.28
1.28
1.28
1.28
1.28011
1.282
1.2762
1.28
1.28
1.28
1.28
1.28
1.28
1.28
1.28001
1.28025
1.2803
1.28
1.28
1.28
1.28
1.28
1.28
1.28
1.28001
1.28033
1.28014
1.28
1.28
1.28
1.28
1.28
1.28
1.28
1.28001
1.28042
1.27999
1.28
1.28
1.28
1.28
1.28
1.28
1.28
1.28001
1.28053
1.27985
1.28
1.28
1.28
1.28
1.28
1.28
1.28
1.28002
1.28066
1.2797
1.28
1.28
1.28
1.28
1.28
1.28
1.28
1.28002
1.28082
1.27955
1.28
1.28
1.28
1.28
1.28
1.28
1.28
1.28003
1.28102
1.27941
1.28
1.28
1.28
1.28
1.28
1.28
1.28
1.28004
1.28126
1.27926
1.28
1.28
1.28
1.28
1.28
1.28
1.28
1.28006
1.28155
1.27913
1.27995
1.27999
1.28
1.28
1.28
1.28
1.28
1.28008
1.28191
1.27899
1.28
1.28
1.28
1.28
1.28
1.28
1.28
1.28
1.28023
1.28094
1.28
1.28
1.28
1.28
1.28
1.28
1.28
1.28
1.28029
1.28081
1.28
1.28
1.28
1.28
1.28
1.28
1.28
1.28001
1.28037
1.28072
1.28
1.28
1.28
1.28
1.28
1.28
1.28
1.28001
1.28047
1.28065
1.28
1.28
1.28
1.28
1.28
1.28
1.28
1.28001
1.28058
1.28059
1.28
1.28
1.28
1.28
1.28
1.28
1.28
1.28002
1.28071
1.28054
1.28
1.28
1.28
1.28
1.28
1.28
1.28
1.28002
1.28086
1.28051
1.28
1.28
1.28
1.28
1.28
1.28
1.28
1.28003
1.28104
1.2805
1.28
1.28
1.28
1.28
1.28
1.28
1.28
1.28003
1.28126
1.2805
1.27995
1.27999
1.28
1.28
1.28
1.28
1.28
1.28004
1.28151
1.28051
1.28
1.28
1.28
1.28
1.28
1.28
1.28
1.28
1.28017
1.28116
1.28
1.28
1.28
1.28
1.28
1.28
1.28
1.28
1.28023
1.28143
1.28
1.28
1.28
1.28
1.28
1.28
1.28
1.28
1.28029
1.28128
1.28
1.28
1.28
1.28
1.28
1.28
1.28
1.28
1.28036
1.28121
1.28
1.28
1.28
1.28
1.28
1.28
1.28
1.28001
1.28044
1.28117
1.28
1.28
1.28
1.28
1.28
1.28
1.28
1.28001
1.28054
1.28115
1.28
1.28
1.28
1.28
1.28
1.28
1.28
1.28001
1.28065
1.28116
1.28
1.28
1.28
1.28
1.28
1.28
1.28
1.28001
1.28078
1.28118
1.28
1.28
1.28
1.28
1.28
1.28
1.28
1.28002
1.28092
1.28121
1.27996
1.27999
1.28
1.28
1.28
1.28
1.28
1.28002
1.28109
1.28126
1.28
1.28
1.28
1.28
1.28
1.28
1.28
1.28
1.28009
1.28094
1.28
1.28
1.28
1.28
1.28
1.28
1.28
1.28
1.28014
1.28099
1.28
1.28
1.28
1.28
1.28
1.28
1.28
1.28
1.28019
1.28139
1.28
1.28
1.28
1.28
1.28
1.28
1.28
1.28
1.28025
1.28171
1.28
1.28
1.28
1.28
1.28
1.28
1.28
1.28
1.28031
1.28162
1.28
1.28
1.28
1.28
1.28
1.28
1.28
1.28
1.28038
1.28156
1.28
1.28
1.28
1.28
1.28
1.28
1.28
1.28
1.28045
1.28155
1.28
1.28
1.28
1.28
1.28
1.28
1.28
1.28001
1.28053
1.28156
1.28
1.28
1.28
1.28
1.28
1.28
1.28
1.28001
1.28063
1.28158
1.27999
1.27999
1.28
1.28
1.28
1.28
1.28
1.28001
1.28073
1.28162
1.28
1.28
1.28
1.28
1.28
1.28
1.28
1.28
1.28003
1.28095
1.28
1.28
1.28
1.28
1.28
1.28
1.28
1.28
1.28006
1.28104
1.28
1.28
1.28
1.28
1.28
1.28
1.28
1.28
1.2801
1.28105
1.28
1.28
1.28
1.28
1.28
1.28
1.28
1.28
1.28014
1.28107
1.28
1.28
1.28
1.28
1.28
1.28
1.28
1.28
1.28018
1.28141
1.28
1.28
1.28
1.28
1.28
1.28
1.28
1.28
1.28023
1.28172
1.28
1.28
1.28
1.28
1.28
1.28
1.28
1.28
1.28028
1.28197
1.28
1.28
1.28
1.28
1.28
1.28
1.28
1.28
1.28034
1.28187
1.28
1.28
1.28
1.28
1.28
1.28
1.28
1.28
1.2804
1.28183
1.2802
1.28
1.28
1.28
1.28
1.28
1.28
1.28
1.28047
1.28183
1.28
1.28
1.28
1.28
1.28
1.28
1.28
1.28
1.27998
1.28056
1.28
1.28
1.28
1.28
1.28
1.28
1.28
1.28
1.28
1.28064
1.28
1.28
1.28
1.28
1.28
1.28
1.28
1.28
1.28002
1.28082
1.28
1.28
1.28
1.28
1.28
1.28
1.28
1.28
1.28005
1.28089
1.28
1.28
1.28
1.28
1.28
1.28
1.28
1.28
1.28008
1.28095
1.28
1.28
1.28
1.28
1.28
1.28
1.28
1.28
1.28011
1.28102
1.28
1.28
1.28
1.28
1.28
1.28
1.28
1.28
1.28015
1.2811
1.28
1.28
1.28
1.28
1.28
1.28
1.28
1.28
1.28019
1.28148
1.28
1.28
1.28
1.28
1.28
1.28
1.28
1.28
1.28023
1.28179
1.28045
1.28014
1.28002
1.28
1.28
1.28
1.28
1.28
1.28028
1.28207
1.28
1.28
1.28
1.28
1.28
1.28
1.28
1.28
1.28001
1.28263
1.28
1.28
1.28
1.28
1.28
1.28
1.28
1.28
1.28001
1.28258
1.28
1.28
1.28
1.28
1.28
1.28
1.28
1.28
1.28001
1.28246
1.28
1.28
1.28
1.28
1.28
1.28
1.28
1.28
1.28001
1.28268
1.28
1.28
1.28
1.28
1.28
1.28
1.28
1.28
1.28001
1.28291
1.28
1.28
1.28
1.28
1.28
1.28
1.28
1.28
1.28002
1.28316
1.28
1.28
1.28
1.28
1.28
1.28
1.28
1.28
1.28002
1.28343
1.28
1.28
1.28
1.28
1.28
1.28
1.28
1.28
1.28002
1.28375
1.28
1.28
1.28
1.28
1.28
1.28
1.28
1.28
1.28002
1.28411
1.2801
1.28002
1.28
1.28
1.28
1.28
1.28
1.28
1.28002
1.28448
1.28
1.28
1.28
1.28
1.28
1.28
1.28
1.28
1.28001
1.2803
1.28
1.28
1.28
1.28
1.28
1.28
1.28
1.28
1.28001
1.28033
1.28
1.28
1.28
1.28
1.28
1.28
1.28
1.28
1.28001
1.28034
1.28
1.28
1.28
1.28
1.28
1.28
1.28
1.28
1.28001
1.28043
1.28
1.28
1.28
1.28
1.28
1.28
1.28
1.28
1.28001
1.28052
1.28
1.28
1.28
1.28
1.28
1.28
1.28
1.28
1.28001
1.2806
1.28
1.28
1.28
1.28
1.28
1.28
1.28
1.28
1.28001
1.28065
1.28
1.28
1.28
1.28
1.28
1.28
1.28
1.28
1.28001
1.28068
1.28
1.28
1.28
1.28
1.28
1.28
1.28
1.28
1.28
1.28064
1.28001
1.28
1.28
1.28
1.28
1.28
1.28
1.28
1.28
1.28054
1.28
1.28
1.28
1.28
1.28
1.28
1.28
1.28
1.28
1.27904
1.28
1.28
1.28
1.28
1.28
1.28
1.28
1.28
1.28
1.27913
1.28
1.28
1.28
1.28
1.28
1.28
1.28
1.28
1.28
1.27922
1.28
1.28
1.28
1.28
1.28
1.28
1.28
1.28
1.28
1.27931
1.28
1.28
1.28
1.28
1.28
1.28
1.28
1.28
1.28
1.2794
1.28
1.28
1.28
1.28
1.28
1.28
1.28
1.28
1.28
1.27949
1.28
1.28
1.28
1.28
1.28
1.28
1.28
1.28
1.28
1.27958
1.28
1.28
1.28
1.28
1.28
1.28
1.28
1.28
1.28
1.27968
1.28
1.28
1.28
1.28
1.28
1.28
1.28
1.28
1.28
1.27978
1.28
1.28
1.28
1.28
1.28
1.28
1.28
1.28
1.28
1.27993
1.28
1.28
1.28
1.28
1.28
1.28
1.28
1.28
1.27999
1.27874
1.28
1.28
1.28
1.28
1.28
1.28
1.28
1.28
1.27999
1.27885
1.28
1.28
1.28
1.28
1.28
1.28
1.28
1.28
1.27999
1.27897
1.28
1.28
1.28
1.28
1.28
1.28
1.28
1.28
1.28
1.27908
1.28
1.28
1.28
1.28
1.28
1.28
1.28
1.28
1.28
1.27919
1.28
1.28
1.28
1.28
1.28
1.28
1.28
1.28
1.28
1.27931
1.28
1.28
1.28
1.28
1.28
1.28
1.28
1.28
1.28
1.27944
1.28
1.28
1.28
1.28
1.28
1.28
1.28
1.28
1.28
1.27957
1.28
1.28
1.28
1.28
1.28
1.28
1.28
1.28
1.28
1.27972
1.28
1.28
1.28
1.28
1.28
1.28
1.28
1.28
1.28
1.27989
1.28
1.28
1.28
1.28
1.28
1.28
1.28
1.28
1.27999
1.27878
1.28
1.28
1.28
1.28
1.28
1.28
1.28
1.28
1.27999
1.27889
1.28
1.28
1.28
1.28
1.28
1.28
1.28
1.28
1.27999
1.27901
1.28
1.28
1.28
1.28
1.28
1.28
1.28
1.28
1.28
1.27913
1.28
1.28
1.28
1.28
1.28
1.28
1.28
1.28
1.28
1.27925
1.28
1.28
1.28
1.28
1.28
1.28
1.28
1.28
1.28
1.27937
1.28
1.28
1.28
1.28
1.28
1.28
1.28
1.28
1.28
1.2795
1.28
1.28
1.28
1.28
1.28
1.28
1.28
1.28
1.28
1.27963
1.28
1.28
1.28
1.28
1.28
1.28
1.28
1.28
1.28
1.27977
1.28
1.28
1.28
1.28
1.28
1.28
1.28
1.28
1.28
1.27991
1.28
1.28
1.28
1.28
1.28
1.28
1.28
1.28
1.27999
1.27888
1.28
1.28
1.28
1.28
1.28
1.28
1.28
1.28
1.27999
1.27899
1.28
1.28
1.28
1.28
1.28
1.28
1.28
1.28
1.27999
1.2791
1.28
1.28
1.28
1.28
1.28
1.28
1.28
1.28
1.28
1.27921
1.28
1.28
1.28
1.28
1.28
1.28
1.28
1.28
1.28
1.27932
1.28
1.28
1.28
1.28
1.28
1.28
1.28
1.28
1.28
1.27944
1.28
1.28
1.28
1.28
1.28
1.28
1.28
1.28
1.28
1.27956
1.28
1.28
1.28
1.28
1.28
1.28
1.28
1.28
1.28
1.27968
1.28
1.28
1.28
1.28
1.28
1.28
1.28
1.28
1.28
1.27981
1.28
1.28
1.28
1.28
1.28
1.28
1.28
1.28
1.28
1.27993
1.28
1.28
1.28
1.28
1.28
1.28
1.28
1.28
1.27999
1.27895
1.28
1.28
1.28
1.28
1.28
1.28
1.28
1.28
1.27999
1.27905
1.28
1.28
1.28
1.28
1.28
1.28
1.28
1.28
1.28
1.27915
1.28
1.28
1.28
1.28
1.28
1.28
1.28
1.28
1.28
1.27926
1.28
1.28
1.28
1.28
1.28
1.28
1.28
1.28
1.28
1.27936
1.28
1.28
1.28
1.28
1.28
1.28
1.28
1.28
1.28
1.27948
1.28
1.28
1.28
1.28
1.28
1.28
1.28
1.28
1.28
1.27959
1.28
1.28
1.28
1.28
1.28
1.28
1.28
1.28
1.28
1.27971
1.28
1.28
1.28
1.28
1.28
1.28
1.28
1.28
1.28
1.27982
1.28
1.28
1.28
1.28
1.28
1.28
1.28
1.28
1.28
1.27994
1.28
1.28
1.28
1.28
1.28
1.28
1.28
1.28
1.28
1.27894
1.28
1.28
1.28
1.28
1.28
1.28
1.28
1.28
1.28
1.27904
1.28
1.28
1.28
1.28
1.28
1.28
1.28
1.28
1.28
1.27914
1.28
1.28
1.28
1.28
1.28
1.28
1.28
1.28
1.28
1.27925
1.28
1.28
1.28
1.28
1.28
1.28
1.28
1.28
1.28
1.27935
1.28
1.28
1.28
1.28
1.28
1.28
1.28
1.28
1.28
1.27947
1.28
1.28
1.28
1.28
1.28
1.28
1.28
1.28
1.28
1.27958
1.28
1.28
1.28
1.28
1.28
1.28
1.28
1.28
1.28
1.2797
1.28
1.28
1.28
1.28
1.28
1.28
1.28
1.28
1.28
1.27981
1.28
1.28
1.28
1.28
1.28
1.28
1.28
1.28
1.28
1.27993
1.28003
1.28002
1.28002
1.28002
1.28002
1.28002
1.28002
1.28002
1.28002
1.27878
1.28002
1.28001
1.28001
1.28001
1.28002
1.28002
1.28002
1.28002
1.28002
1.27889
1.28002
1.28001
1.28001
1.28001
1.28001
1.28001
1.28001
1.28001
1.28001
1.27901
1.28002
1.28001
1.28001
1.28001
1.28001
1.28001
1.28001
1.28001
1.28
1.27913
1.28002
1.28001
1.28001
1.28001
1.28001
1.28001
1.28001
1.28
1.28
1.27925
1.28002
1.28
1.28
1.28
1.28
1.28
1.28
1.28
1.28
1.27938
1.28001
1.28
1.28
1.28
1.28
1.28
1.28
1.28
1.27999
1.2795
1.28001
1.28
1.28
1.28
1.28
1.28
1.27999
1.27999
1.27999
1.27964
1.28
1.28
1.28
1.27999
1.27999
1.27999
1.27999
1.27999
1.27999
1.27977
1.27999
1.27999
1.27999
1.27999
1.27999
1.27999
1.27999
1.27999
1.27999
1.27991
1.2803
1.27999
1.27998
1.27997
1.27996
1.27996
1.27995
1.27994
1.27991
1.27827
1.28026
1.27997
1.27996
1.27996
1.27996
1.27995
1.27995
1.27994
1.27992
1.27844
1.28024
1.27997
1.27996
1.27996
1.27996
1.27995
1.27995
1.27994
1.27993
1.27862
1.28021
1.27997
1.27996
1.27996
1.27996
1.27996
1.27995
1.27995
1.27994
1.27879
1.28019
1.27997
1.27996
1.27996
1.27996
1.27996
1.27995
1.27995
1.27994
1.27896
1.28016
1.27997
1.27996
1.27996
1.27996
1.27996
1.27996
1.27995
1.27995
1.27914
1.28012
1.27996
1.27996
1.27996
1.27996
1.27996
1.27996
1.27995
1.27995
1.27931
1.28008
1.27996
1.27996
1.27996
1.27996
1.27996
1.27996
1.27995
1.27995
1.27949
1.28004
1.27996
1.27996
1.27996
1.27996
1.27996
1.27996
1.27996
1.27995
1.27967
1.27994
1.27991
1.27992
1.27992
1.27993
1.27993
1.27994
1.27994
1.27995
1.27985
1.28
1.28
1.28
1.28
1.28
1.28
1.28
1.28
1.28
1.27885
1.28
1.28
1.28
1.28
1.28
1.28
1.28
1.28
1.28
1.27973
1.28
1.28
1.28
1.28
1.28
1.28
1.28
1.28
1.28
1.27988
1.28
1.28
1.28
1.28
1.28
1.28
1.28
1.28
1.28
1.27991
1.28
1.28
1.28
1.28
1.28
1.28
1.28
1.28
1.28
1.27992
1.28
1.28
1.28
1.28
1.28
1.28
1.28
1.28
1.28
1.27992
1.28
1.28
1.28
1.28
1.28
1.28
1.28
1.28
1.28
1.2799
1.28
1.28
1.28
1.28
1.28
1.28
1.28
1.28
1.28
1.27988
1.28
1.28
1.28
1.28
1.28
1.28
1.28
1.28
1.28
1.27973
1.28
1.28
1.28
1.28
1.28
1.28
1.28
1.28
1.28
1.2787
1.28
1.28
1.28
1.28
1.28
1.28
1.28
1.28
1.28
1.27973
1.28
1.28
1.28
1.28
1.28
1.28
1.28
1.28
1.28
1.28002
1.28
1.28
1.28
1.28
1.28
1.28
1.28
1.28
1.28
1.28005
1.28
1.28
1.28
1.28
1.28
1.28
1.28
1.28
1.28
1.28005
1.28
1.28
1.28
1.28
1.28
1.28
1.28
1.28
1.28
1.28005
1.28
1.28
1.28
1.28
1.28
1.28
1.28
1.28
1.28
1.28005
1.28
1.28
1.28
1.28
1.28
1.28
1.28
1.28
1.28
1.28005
1.28
1.28
1.28
1.28
1.28
1.28
1.28
1.28
1.28
1.28005
1.28
1.28
1.28
1.28
1.28
1.28
1.28
1.28
1.28
1.28001
1.28
1.28
1.28
1.28
1.28
1.28
1.28
1.28
1.28
1.27973
1.28
1.28
1.28
1.28
1.28
1.28
1.28
1.28
1.28
1.27988
1.28
1.28
1.28
1.28
1.28
1.28
1.28
1.28
1.28
1.28005
1.28
1.28
1.28
1.28
1.28
1.28
1.28
1.28
1.28
1.28006
1.28
1.28
1.28
1.28
1.28
1.28
1.28
1.28
1.28
1.28006
1.28
1.28
1.28
1.28
1.28
1.28
1.28
1.28
1.28
1.28006
1.28
1.28
1.28
1.28
1.28
1.28
1.28
1.28
1.28
1.28006
1.28
1.28
1.28
1.28
1.28
1.28
1.28
1.28
1.28
1.28006
1.28
1.28
1.28
1.28
1.28
1.28
1.28
1.28
1.28
1.28006
1.28
1.28
1.28
1.28
1.28
1.28
1.28
1.28
1.28
1.28005
1.28
1.28
1.28
1.28
1.28
1.28
1.28
1.28
1.28
1.27988
1.28
1.28
1.28
1.28
1.28
1.28
1.28
1.28
1.28
1.27991
1.28
1.28
1.28
1.28
1.28
1.28
1.28
1.28
1.28
1.28005
1.28
1.28
1.28
1.28
1.28
1.28
1.28
1.28
1.28
1.28006
1.28
1.28
1.28
1.28
1.28
1.28
1.28
1.28
1.28
1.28006
1.28
1.28
1.28
1.28
1.28
1.28
1.28
1.28
1.28
1.28006
1.28
1.28
1.28
1.28
1.28
1.28
1.28
1.28
1.28
1.28006
1.28
1.28
1.28
1.28
1.28
1.28
1.28
1.28
1.28
1.28006
1.28
1.28
1.28
1.28
1.28
1.28
1.28
1.28
1.28
1.28006
1.28
1.28
1.28
1.28
1.28
1.28
1.28
1.28
1.28
1.28005
1.28
1.28
1.28
1.28
1.28
1.28
1.28
1.28
1.28
1.27991
1.28
1.28
1.28
1.28
1.28
1.28
1.28
1.28
1.28
1.27992
1.28
1.28
1.28
1.28
1.28
1.28
1.28
1.28
1.28
1.28005
1.28
1.28
1.28
1.28
1.28
1.28
1.28
1.28
1.28
1.28006
1.28
1.28
1.28
1.28
1.28
1.28
1.28
1.28
1.28
1.28006
1.28
1.28
1.28
1.28
1.28
1.28
1.28
1.28
1.28
1.28006
1.28
1.28
1.28
1.28
1.28
1.28
1.28
1.28
1.28
1.28006
1.28
1.28
1.28
1.28
1.28
1.28
1.28
1.28
1.28
1.28006
1.28
1.28
1.28
1.28
1.28
1.28
1.28
1.28
1.28
1.28006
1.28
1.28
1.28
1.28
1.28
1.28
1.28
1.28
1.28
1.28005
1.28
1.28
1.28
1.28
1.28
1.28
1.28
1.28
1.28
1.27992
1.28
1.28
1.28
1.28
1.28
1.28
1.28
1.28
1.28
1.27992
1.28
1.28
1.28
1.28
1.28
1.28
1.28
1.28
1.28
1.28005
1.28
1.28
1.28
1.28
1.28
1.28
1.28
1.28
1.28
1.28006
1.28
1.28
1.28
1.28
1.28
1.28
1.28
1.28
1.28
1.28006
1.28
1.28
1.28
1.28
1.28
1.28
1.28
1.28
1.28
1.28006
1.28
1.28
1.28
1.28
1.28
1.28
1.28
1.28
1.28
1.28006
1.28
1.28
1.28
1.28
1.28
1.28
1.28
1.28
1.28
1.28006
1.28
1.28
1.28
1.28
1.28
1.28
1.28
1.28
1.28
1.28006
1.28
1.28
1.28
1.28
1.28
1.28
1.28
1.28
1.28
1.28005
1.28
1.28
1.28
1.28
1.28
1.28
1.28
1.28
1.28
1.27992
1.28
1.28
1.28
1.28
1.28
1.28
1.28
1.28
1.28
1.2799
1.28
1.28
1.28
1.28
1.28
1.28
1.28
1.28
1.28
1.28005
1.28
1.28
1.28
1.28
1.28
1.28
1.28
1.28
1.28
1.28006
1.28
1.28
1.28
1.28
1.28
1.28
1.28
1.28
1.28
1.28006
1.28
1.28
1.28
1.28
1.28
1.28
1.28
1.28
1.28
1.28006
1.28
1.28
1.28
1.28
1.28
1.28
1.28
1.28
1.28
1.28006
1.28
1.28
1.28
1.28
1.28
1.28
1.28
1.28
1.28
1.28006
1.28
1.28
1.28
1.28
1.28
1.28
1.28
1.28
1.28
1.28006
1.28
1.28
1.28
1.28
1.28
1.28
1.28
1.28
1.28
1.28005
1.28
1.28
1.28
1.28
1.28
1.28
1.28
1.28
1.28
1.27991
1.28
1.28
1.28
1.28
1.28
1.28
1.28
1.28
1.28
1.27988
1.28
1.28
1.28
1.28
1.28
1.28
1.28
1.28
1.28
1.28005
1.28
1.28
1.28
1.28
1.28
1.28
1.28
1.28
1.28
1.28006
1.28
1.28
1.28
1.28
1.28
1.28
1.28
1.28
1.28
1.28006
1.28
1.28
1.28
1.28
1.28
1.28
1.28
1.28
1.28
1.28006
1.28
1.28
1.28
1.28
1.28
1.28
1.28
1.28
1.28
1.28006
1.28
1.28
1.28
1.28
1.28
1.28
1.28
1.28
1.28
1.28006
1.28
1.28
1.28
1.28
1.28
1.28
1.28
1.28
1.28
1.28006
1.28
1.28
1.28
1.28
1.28
1.28
1.28
1.28
1.28
1.28005
1.28
1.28
1.28
1.28
1.28
1.28
1.28
1.28
1.28
1.27988
1.28
1.28
1.28
1.28
1.28
1.28
1.28
1.28
1.28
1.27973
1.28
1.28
1.28
1.28
1.28
1.28
1.28
1.28
1.28
1.28001
1.28
1.28
1.28
1.28
1.28
1.28
1.28
1.28
1.28
1.28005
1.28
1.28
1.28
1.28
1.28
1.28
1.28
1.28
1.28
1.28005
1.28
1.28
1.28
1.28
1.28
1.28
1.28
1.28
1.28
1.28005
1.28
1.28
1.28
1.28
1.28
1.28
1.28
1.28
1.28
1.28005
1.28
1.28
1.28
1.28
1.28
1.28
1.28
1.28
1.28
1.28005
1.28
1.28
1.28
1.28
1.28
1.28
1.28
1.28
1.28
1.28005
1.28
1.28
1.28
1.28
1.28
1.28
1.28
1.28
1.28
1.28002
1.28
1.28
1.28
1.28
1.28
1.28
1.28
1.28
1.28
1.27973
1.28
1.28
1.28
1.28
1.28
1.28
1.28
1.28
1.28
1.2787
1.28
1.28
1.28
1.28
1.28
1.28
1.28
1.28
1.28
1.27973
1.28
1.28
1.28
1.28
1.28
1.28
1.28
1.28
1.28
1.27988
1.28
1.28
1.28
1.28
1.28
1.28
1.28
1.28
1.28
1.2799
1.28
1.28
1.28
1.28
1.28
1.28
1.28
1.28
1.28
1.27991
1.28
1.28
1.28
1.28
1.28
1.28
1.28
1.28
1.28
1.27992
1.28
1.28
1.28
1.28
1.28
1.28
1.28
1.28
1.28
1.27991
1.28
1.28
1.28
1.28
1.28
1.28
1.28
1.28
1.28
1.27988
1.28
1.28
1.28
1.28
1.28
1.28
1.28
1.28
1.28
1.27973
1.28
1.28
1.28
1.28
1.28
1.28
1.28
1.28
1.28
1.27884
)
;

boundaryField
{
    walls
    {
        type            zeroGradient;
    }
    nozzleExt
    {
        type            zeroGradient;
    }
    nozzleInt
    {
        type            zeroGradient;
    }
    inlet
    {
        type            fixedValue;
        value           uniform 5;
    }
    outlet
    {
        type            zeroGradient;
    }
    defaultFaces
    {
        type            empty;
    }
}


// ************************************************************************* //
