/*--------------------------------*- C++ -*----------------------------------*\
| =========                 |                                                 |
| \\      /  F ield         | OpenFOAM: The Open Source CFD Toolbox           |
|  \\    /   O peration     | Version:  4.1                                   |
|   \\  /    A nd           | Web:      www.OpenFOAM.org                      |
|    \\/     M anipulation  |                                                 |
\*---------------------------------------------------------------------------*/
FoamFile
{
    version     2.0;
    format      ascii;
    class       volScalarField;
    location    "0.92";
    object      p;
}
// * * * * * * * * * * * * * * * * * * * * * * * * * * * * * * * * * * * * * //

dimensions      [1 -1 -2 0 0 0 0];

internalField   nonuniform List<scalar> 
18000
(
1.28
1.28
1.28
1.28
1.28
1.28
1.28
1.28
1.28
1.28
1.28
1.28
1.28
1.28
1.28
1.28
1.28
1.28
1.28
1.28
1.28
1.28
1.28
1.28
1.28
1.28
1.28
1.28
1.28
1.28
1.28
1.28
1.28
1.28
1.28
1.28
1.28
1.28
1.28
1.28
1.28
1.28
1.28
1.28
1.28
1.28
1.28
1.28
1.28
1.28
1.28
1.28
1.28
1.28
1.28
1.28
1.28
1.28
1.28
1.28
1.28
1.28
1.28
1.28
1.28
1.28
1.28
1.28
1.28
1.28
1.28
1.28
1.28
1.28
1.28
1.28
1.28
1.28
1.28
1.28
1.28
1.28
1.28
1.28
1.28
1.28
1.28
1.28
1.28
1.28
1.28001
1.28001
1.28001
1.28001
1.28001
1.28001
1.28001
1.28001
1.28001
1.28001
1.28
1.28
1.28
1.28
1.28
1.28
1.28
1.28
1.28
1.28
1.28
1.28
1.28
1.28
1.28
1.28
1.28
1.28
1.28
1.28
1.28
1.28
1.28
1.28
1.28
1.28
1.28
1.28
1.28
1.28
1.28
1.28
1.28
1.28
1.28
1.28
1.28
1.28
1.28
1.28
1.28
1.28
1.28
1.28
1.28
1.28
1.28
1.28
1.28
1.28
1.28
1.28
1.28
1.28
1.28
1.28
1.28
1.28
1.28
1.28
1.28
1.28
1.28
1.28
1.28
1.28
1.28
1.28
1.28
1.28
1.28
1.28
1.28
1.28
1.28
1.28
1.28
1.28
1.28
1.28
1.28
1.28
1.28
1.28
1.28
1.28
1.28
1.28
1.28
1.28
1.28
1.28
1.28
1.28
1.28
1.28
1.28
1.28
1.28
1.28
1.28
1.28
1.28
1.28
1.28
1.28
1.28
1.28
1.28
1.28
1.28
1.28
1.28
1.28
1.28
1.28
1.28
1.28
1.28
1.28
1.28
1.28
1.28
1.28
1.28
1.28
1.28
1.28
1.28
1.28
1.28
1.28
1.28
1.28
1.28
1.28
1.28
1.28
1.28
1.28
1.28
1.28
1.28
1.28
1.28
1.28
1.28
1.28
1.28
1.28
1.28
1.28
1.28
1.28
1.28
1.28
1.28
1.28
1.28
1.28
1.28
1.28
1.28
1.28
1.28
1.28
1.28
1.28
1.28
1.28
1.28
1.28
1.28
1.28
1.28
1.28
1.28
1.28
1.28
1.28
1.28
1.28
1.28
1.28
1.28
1.28
1.28
1.28
1.28
1.28
1.28
1.28
1.28
1.28
1.28
1.28
1.28
1.28
1.28
1.28
1.28
1.28
1.28
1.28
1.28
1.28
1.28
1.28
1.28
1.28
1.28
1.28
1.28
1.28
1.28
1.28
1.28
1.28
1.28
1.28
1.28
1.28
1.28
1.28
1.28
1.28
1.28
1.28
1.28
1.28
1.28
1.28
1.28
1.28
1.28
1.28
1.28
1.28
1.28
1.28
1.28
1.28
1.28
1.28
1.28
1.28
1.28
1.28
1.28
1.28
1.28
1.28
1.28
1.28
1.28
1.28
1.28
1.28
1.28
1.28
1.28
1.28
1.28
1.28
1.28
1.28
1.28
1.28
1.28
1.28
1.28
1.28
1.28
1.28
1.28
1.28
1.28
1.28
1.28
1.28
1.28
1.28
1.28
1.28
1.28
1.28
1.28
1.28
1.28
1.28
1.28
1.28
1.28
1.28
1.28
1.28
1.28
1.28
1.28
1.28
1.28
1.28
1.28
1.28
1.28
1.28
1.28
1.28
1.28
1.28
1.28
1.28
1.28
1.28
1.28
1.28
1.28
1.28
1.28
1.28
1.28
1.28
1.28
1.28
1.28
1.28
1.28
1.28
1.28
1.28
1.28
1.28
1.28
1.28
1.28
1.28
1.28
1.28
1.28
1.28
1.28
1.28
1.28
1.28
1.28
1.28
1.28
1.28
1.28
1.28
1.28
1.28
1.28
1.28
1.28
1.28
1.28
1.28
1.28
1.28
1.28
1.28
1.28
1.28
1.28
1.28
1.28
1.28
1.28
1.28
1.28
1.28
1.28
1.28
1.28
1.28
1.28
1.28
1.28
1.28
1.28
1.28
1.28
1.28
1.28
1.28
1.28
1.28
1.28
1.28
1.28
1.28
1.28
1.28
1.28
1.28
1.28
1.28
1.28
1.28
1.28
1.28
1.28
1.28
1.28
1.28
1.28
1.28
1.28
1.28
1.28
1.28
1.28
1.28
1.28
1.28
1.28
1.28
1.28
1.28
1.28
1.28
1.28
1.28
1.28
1.28
1.28
1.28
1.28
1.28
1.28
1.28
1.28
1.28
1.28
1.28
1.28
1.28
1.28
1.28
1.28
1.28
1.28
1.28
1.28
1.28
1.28
1.28
1.28
1.28
1.28
1.28
1.28
1.28
1.28
1.28
1.28
1.28
1.28
1.28
1.28
1.28
1.28
1.28
1.28
1.28
1.28
1.28
1.28
1.28
1.28
1.28
1.28
1.28
1.28
1.28
1.28
1.28
1.28
1.28
1.28
1.28
1.28
1.28
1.28
1.28
1.28
1.28
1.28
1.28
1.28
1.28
1.28
1.28
1.28
1.28
1.28
1.28
1.28
1.28
1.28
1.28
1.28
1.28
1.28
1.28
1.28
1.28
1.28
1.28
1.28
1.28
1.28
1.28
1.28
1.28
1.28
1.28
1.28
1.28
1.28
1.28
1.28
1.28
1.28
1.28
1.28
1.28
1.28
1.28
1.28
1.28
1.28
1.28
1.28
1.28
1.28
1.28
1.28
1.28
1.28
1.28
1.28
1.28
1.28
1.28
1.28
1.28
1.28
1.28
1.28
1.28
1.28
1.28
1.28
1.28
1.28
1.28
1.28
1.28
1.28
1.28
1.28
1.28
1.28
1.28
1.28
1.28
1.28
1.28
1.28
1.28
1.28
1.28
1.28
1.28
1.28
1.28
1.28
1.28
1.28
1.28
1.28
1.28
1.28
1.28
1.28
1.28
1.28
1.28
1.28
1.28
1.28
1.28
1.28
1.28
1.28
1.28
1.28
1.28
1.28
1.28
1.28
1.28
1.28
1.28
1.28
1.28
1.28
1.28
1.28
1.28
1.28
1.28
1.28
1.28
1.28
1.28
1.28
1.28
1.28
1.28
1.28
1.28
1.28
1.28
1.28
1.28
1.28
1.28
1.28
1.28
1.28
1.28
1.28
1.28
1.28
1.28
1.28
1.28
1.28
1.28
1.28
1.28
1.28
1.28
1.28
1.28
1.28
1.28
1.28
1.28
1.28
1.28
1.28
1.28
1.28
1.28
1.28
1.28
1.28
1.28
1.28
1.28
1.28
1.28
1.28
1.28
1.28
1.28
1.28
1.28
1.28
1.28
1.28
1.28
1.28
1.28
1.28
1.28
1.28
1.28
1.28
1.28
1.28
1.28
1.28
1.28
1.28
1.28
1.28
1.28
1.28
1.28
1.28
1.28
1.28
1.28
1.28
1.28
1.28
1.28
1.28
1.28
1.28
1.28
1.28
1.28
1.28
1.28
1.28
1.28
1.28
1.28
1.28
1.28
1.28
1.28
1.28
1.28
1.28
1.28
1.28
1.28
1.28
1.28
1.28
1.28
1.28
1.28
1.28
1.28
1.28
1.28
1.28
1.28
1.28
1.28
1.28
1.28
1.28
1.28
1.28
1.28
1.28
1.28
1.28
1.28
1.28
1.28
1.28
1.28
1.28
1.28
1.28
1.28
1.28
1.28
1.28
1.28
1.28
1.28
1.28
1.28
1.28
1.28
1.28
1.28
1.28
1.28
1.28
1.28
1.28
1.28
1.28
1.28
1.28
1.28
1.28
1.28
1.28
1.28
1.28
1.28
1.28
1.28
1.28
1.28
1.28
1.28
1.28
1.28
1.28
1.28
1.28
1.28
1.28
1.28
1.28
1.28
1.28
1.28
1.28
1.28
1.28
1.28
1.28
1.28
1.28
1.28
1.28
1.28
1.28
1.28
1.28
1.28
1.28
1.28
1.28
1.28
1.28
1.28
1.28
1.28
1.28
1.28
1.28
1.28
1.28
1.28
1.28
1.28
1.28
1.28
1.28
1.28
1.28
1.28
1.28
1.28
1.28
1.28
1.28
1.28
1.28
1.28
1.28
1.28
1.28
1.28
1.28
1.28
1.28
1.28
1.28
1.28
1.28
1.28
1.28
1.28
1.28
1.28
1.28
1.28
1.28
1.28
1.28
1.28
1.28
1.28
1.28
1.28
1.28
1.28
1.28
1.28
1.28
1.28
1.28
1.28
1.28
1.28
1.28
1.28
1.28
1.28
1.28
1.28
1.28
1.28
1.28
1.28
1.28
1.28
1.28
1.28
1.28
1.28
1.28
1.28
1.28
1.28
1.28
1.28
1.28
1.28
1.28
1.28
1.28
1.28
1.28
1.28
1.28
1.28
1.28
1.28
1.28
1.28
1.28
1.28
1.28
1.28
1.28
1.28
1.28
1.28
1.28
1.28
1.28
1.28
1.28
1.28
1.28
1.28
1.28
1.28
1.28
1.28
1.28
1.28
1.28
1.28
1.28
1.28
1.28
1.28
1.28
1.28
1.28
1.28
1.28
1.28
1.28
1.28
1.28
1.28
1.28
1.28
1.28
1.28
1.28
1.28
1.28
1.28
1.28
1.28
1.28
1.28
1.28
1.28
1.28
1.28
1.28
1.28
1.28
1.28
1.28
1.28
1.28
1.28
1.28
1.28
1.28
1.28
1.28
1.28
1.28
1.28
1.28
1.28
1.28
1.28
1.28
1.28
1.28
1.28
1.28
1.28
1.28
1.28
1.28
1.28
1.28
1.28
1.28
1.28
1.28
1.28
1.28
1.28
1.28
1.28
1.28
1.28
1.28
1.28
1.28
1.28
1.28
1.28
1.28
1.28
1.28
1.28
1.28
1.28
1.28
1.28
1.28
1.28
1.28
1.28
1.28
1.28
1.28
1.28
1.28
1.28
1.28
1.28
1.28
1.28
1.28
1.28
1.28
1.28
1.28
1.28
1.28
1.28
1.28
1.28
1.28
1.28
1.28
1.28
1.28
1.28
1.28
1.28
1.28
1.28
1.28
1.28
1.28
1.28
1.28
1.28
1.28
1.28
1.28
1.28
1.28
1.28
1.28
1.28
1.28
1.28
1.28
1.28
1.28
1.28
1.28
1.28
1.28
1.28
1.28
1.28
1.28
1.28
1.28
1.28
1.28
1.28
1.28
1.28
1.28
1.28
1.28
1.28
1.28
1.28
1.28
1.28
1.28
1.28
1.28
1.28
1.28
1.28
1.28
1.28
1.28
1.28
1.28
1.28
1.28
1.28
1.28
1.28
1.28
1.28
1.28
1.28
1.28
1.28
1.28
1.28
1.28
1.28
1.28
1.28
1.28
1.28
1.28
1.28
1.28
1.28
1.28
1.28
1.28
1.28
1.28
1.28
1.28
1.28
1.28
1.28
1.28
1.28
1.28
1.28
1.28
1.28
1.28
1.28
1.28
1.28
1.28
1.28
1.28
1.28
1.28
1.28
1.28
1.28
1.28
1.28
1.28
1.28
1.28
1.28
1.28
1.28
1.28
1.28
1.28
1.28
1.28
1.28
1.28
1.28
1.28
1.28
1.28
1.28
1.28
1.28
1.28
1.28
1.28
1.28
1.28
1.28
1.28
1.28
1.28
1.28
1.28
1.28
1.28
1.28
1.28
1.28
1.28
1.28
1.28
1.28
1.28
1.28
1.28
1.28
1.28
1.28
1.28
1.28
1.28
1.28
1.28
1.28
1.28
1.28
1.28
1.28
1.28
1.28
1.28
1.28
1.28
1.28
1.28
1.28
1.28
1.28
1.28
1.28
1.28
1.28
1.28
1.28
1.28
1.28
1.28
1.28
1.28
1.28
1.28
1.28
1.28
1.28
1.28
1.28
1.28
1.28
1.28
1.28
1.28
1.28
1.28
1.28
1.28
1.28
1.28
1.28
1.28
1.28
1.28
1.28
1.28
1.28
1.28
1.28
1.28
1.28
1.28
1.28
1.28
1.28
1.28
1.28
1.28
1.28
1.28
1.28
1.28
1.28
1.28
1.28
1.28
1.28
1.28
1.28
1.28
1.28
1.28
1.28
1.28
1.28
1.28
1.28
1.28
1.28
1.28
1.28
1.28
1.28
1.28
1.28
1.28
1.28
1.28
1.28
1.28
1.28
1.28
1.28
1.28
1.28
1.28
1.28
1.28
1.28
1.28
1.28
1.28
1.28
1.28
1.28
1.28
1.28
1.28
1.28
1.28
1.28
1.28
1.28
1.28
1.28
1.28
1.28
1.28
1.28
1.28
1.28
1.28
1.28
1.28
1.28
1.28
1.28
1.28
1.28
1.28
1.28
1.28
1.28
1.28
1.28
1.28
1.28
1.28
1.28
1.28
1.28
1.28
1.28
1.28
1.28
1.28
1.28
1.28
1.28
1.28
1.28
1.28
1.28
1.28
1.28
1.28
1.28
1.28
1.28
1.28
1.28
1.28
1.28
1.28
1.28
1.28
1.28
1.28
1.28
1.28
1.28
1.28
1.28
1.28
1.28
1.28
1.28
1.28
1.28
1.28
1.28
1.28
1.28
1.28
1.28
1.28
1.28
1.28
1.28
1.28
1.28
1.28
1.28
1.28
1.28
1.28
1.28
1.28
1.28
1.28
1.28
1.28
1.28
1.28
1.28
1.28
1.28
1.28
1.28
1.28
1.28
1.28
1.28
1.28
1.28
1.28
1.28
1.28
1.28
1.28
1.28
1.28
1.28
1.28
1.28
1.28
1.28
1.28
1.28
1.28
1.28
1.28
1.28
1.28
1.28
1.28
1.28
1.28
1.28
1.28
1.28
1.28
1.28
1.28
1.28
1.28
1.28
1.28
1.28
1.28
1.28
1.28
1.28
1.28
1.28
1.28
1.28
1.28
1.28
1.28
1.28
1.28
1.28
1.28
1.28
1.28
1.28
1.28
1.28
1.28
1.28
1.28
1.28
1.28
1.28
1.28
1.28
1.28
1.28
1.28
1.28
1.28
1.28
1.28
1.28
1.28
1.28
1.28
1.28
1.28
1.28
1.28
1.28
1.28
1.28
1.28
1.28
1.28
1.28
1.28
1.28
1.28
1.28
1.28
1.28
1.28
1.28
1.28
1.28
1.28
1.28
1.28
1.28
1.28
1.28
1.28
1.28
1.28
1.28
1.28
1.28
1.28
1.28
1.28
1.28
1.28
1.28
1.28
1.28
1.28
1.28
1.28
1.28
1.28
1.28
1.28
1.28
1.28
1.28
1.28
1.28
1.28
1.28
1.28
1.28
1.28
1.28
1.28
1.28
1.28
1.28
1.28
1.28
1.28
1.28
1.28
1.28
1.28
1.28
1.28
1.28
1.28
1.28
1.28
1.28
1.28
1.28
1.28001
1.28
1.28
1.28
1.28
1.28
1.28
1.28
1.28
1.28
1.28
1.28
1.28
1.28
1.28
1.28
1.28
1.28
1.28
1.28
1.28
1.28
1.28
1.28
1.28
1.28
1.28
1.28
1.28
1.28
1.28
1.28
1.28
1.28
1.28
1.28
1.28
1.28
1.28
1.28
1.28
1.28
1.28
1.28
1.28
1.28
1.28
1.28
1.28
1.28
1.28
1.28
1.28
1.28
1.28
1.28
1.28
1.28
1.28
1.28
1.28
1.28
1.28
1.28
1.28
1.28
1.28
1.28
1.28
1.28
1.28
1.28
1.28
1.28
1.28
1.28
1.28
1.28
1.28
1.28
1.28
1.28
1.28
1.28
1.28
1.28
1.28
1.28
1.28
1.28
1.28
1.28
1.28
1.28
1.28
1.28
1.28
1.28
1.28
1.28
1.28001
1.28
1.28
1.28
1.28
1.28
1.28
1.28
1.28
1.28
1.28
1.28
1.28
1.28
1.28
1.28
1.28
1.28
1.28
1.28
1.28
1.28
1.28
1.28
1.28
1.28
1.28
1.28
1.28
1.28
1.28
1.28
1.28
1.28
1.28
1.28
1.28
1.28
1.28
1.28
1.28
1.28
1.28
1.28
1.28
1.28
1.28
1.28
1.28
1.28
1.28
1.28
1.28
1.28
1.28
1.28
1.28
1.28
1.28
1.28
1.28
1.28
1.28
1.28
1.28
1.28
1.28
1.28
1.28
1.28
1.28
1.28
1.28
1.28
1.28
1.28
1.28
1.28
1.28
1.28
1.28
1.28
1.28
1.28
1.28
1.28
1.28
1.28
1.28
1.28
1.28
1.28
1.28
1.28
1.28
1.28
1.28
1.28
1.28
1.28
1.28001
1.28
1.28
1.28
1.28
1.28
1.28
1.28
1.28
1.28
1.28
1.28
1.28
1.28
1.28
1.28
1.28
1.28
1.28
1.28
1.28
1.28
1.28
1.28
1.28
1.28
1.28
1.28
1.28
1.28
1.28
1.28
1.28
1.28
1.28
1.28
1.28
1.28
1.28
1.28
1.28
1.28
1.28
1.28
1.28
1.28
1.28
1.28
1.28
1.28
1.28
1.28
1.28
1.28
1.28
1.28
1.28
1.28
1.28
1.28
1.28
1.28
1.28
1.28
1.28
1.28
1.28
1.28
1.28
1.28
1.28
1.28
1.28
1.28
1.28
1.28
1.28
1.28
1.28
1.28
1.28
1.28
1.28
1.28
1.28
1.28
1.28
1.28
1.28
1.28
1.28
1.28
1.28
1.28
1.28
1.28
1.28
1.28
1.28
1.28
1.28001
1.28
1.28
1.28
1.28
1.28
1.28
1.28
1.28
1.28
1.28
1.28
1.28
1.28
1.28
1.28
1.28
1.28
1.28
1.28
1.28
1.28
1.28
1.28
1.28
1.28
1.28
1.28
1.28
1.28
1.28
1.28
1.28
1.28
1.28
1.28
1.28
1.28
1.28
1.28
1.28
1.28
1.28
1.28
1.28
1.28
1.28
1.28
1.28
1.28
1.28
1.28
1.28
1.28
1.28
1.28
1.28
1.28
1.28
1.28
1.28
1.28
1.28
1.28
1.28
1.28
1.28
1.28
1.28
1.28
1.28
1.28
1.28
1.28
1.28
1.28
1.28
1.28
1.28
1.28
1.28
1.28
1.28
1.28
1.28
1.28
1.28
1.28
1.28
1.28
1.28
1.28
1.28
1.28
1.28
1.28
1.28
1.28
1.28
1.28
1.28001
1.28
1.28
1.28
1.28
1.28
1.28
1.28
1.28
1.28
1.28
1.28
1.28
1.28
1.28
1.28
1.28
1.28
1.28
1.28
1.28
1.28
1.28
1.28
1.28
1.28
1.28
1.28
1.28
1.28
1.28
1.28
1.28
1.28
1.28
1.28
1.28
1.28
1.28
1.28
1.28
1.28
1.28
1.28
1.28
1.28
1.28
1.28
1.28
1.28
1.28
1.28
1.28
1.28
1.28
1.28
1.28
1.28
1.28
1.28
1.28
1.28
1.28
1.28
1.28
1.28
1.28
1.28
1.28
1.28
1.28
1.28
1.28
1.28
1.28
1.28
1.28
1.28
1.28
1.28
1.28
1.28
1.28
1.28
1.28
1.28
1.28
1.28
1.28
1.28
1.28
1.28
1.28
1.28
1.28
1.28
1.28
1.28
1.28
1.28
1.28001
1.28
1.28
1.28
1.28
1.28
1.28
1.28
1.28
1.28
1.28
1.28
1.28
1.28
1.28
1.28
1.28
1.28
1.28
1.28
1.28
1.28
1.28
1.28
1.28
1.28
1.28
1.28
1.28
1.28
1.28
1.28
1.28
1.28
1.28
1.28
1.28
1.28
1.28
1.28
1.28
1.28
1.28
1.28
1.28
1.28
1.28
1.28
1.28
1.28
1.28
1.28
1.28
1.28
1.28
1.28
1.28
1.28
1.28
1.28
1.28
1.28
1.28
1.28
1.28
1.28
1.28
1.28
1.28
1.28
1.28
1.28
1.28
1.28
1.28
1.28
1.28
1.28
1.28
1.28
1.28
1.28
1.28
1.28
1.28
1.28
1.28
1.28
1.28
1.28
1.28
1.28
1.28
1.28
1.28
1.28
1.28
1.28
1.28
1.28
1.28001
1.28
1.28
1.28
1.28
1.28
1.28
1.28
1.28
1.28
1.28
1.28
1.28
1.28
1.28
1.28
1.28
1.28
1.28
1.28
1.28
1.28
1.28
1.28
1.28
1.28
1.28
1.28
1.28
1.28
1.28
1.28
1.28
1.28
1.28
1.28
1.28
1.28
1.28
1.28
1.28
1.28
1.28
1.28
1.28
1.28
1.28
1.28
1.28
1.28
1.28
1.28
1.28
1.28
1.28
1.28
1.28
1.28
1.28
1.28
1.28
1.28
1.28
1.28
1.28
1.28
1.28
1.28
1.28
1.28
1.28
1.28
1.28
1.28
1.28
1.28
1.28
1.28
1.28
1.28
1.28
1.28
1.28
1.28
1.28
1.28
1.28
1.28
1.28
1.28
1.28
1.28
1.28
1.28
1.28
1.28
1.28
1.28
1.28
1.28
1.28001
1.28
1.28
1.28
1.28
1.28
1.28
1.28
1.28
1.28
1.28
1.28
1.28
1.28
1.28
1.28
1.28
1.28
1.28
1.28
1.28
1.28
1.28
1.28
1.28
1.28
1.28
1.28
1.28
1.28
1.28
1.28
1.28
1.28
1.28
1.28
1.28
1.28
1.28
1.28
1.28
1.28
1.28
1.28
1.28
1.28
1.28
1.28
1.28
1.28
1.28
1.28
1.28
1.28
1.28
1.28
1.28
1.28
1.28
1.28
1.28
1.28
1.28
1.28
1.28
1.28
1.28
1.28
1.28
1.28
1.28
1.28
1.28
1.28
1.28
1.28
1.28
1.28
1.28
1.28
1.28
1.28
1.28
1.28
1.28
1.28
1.28
1.28
1.28
1.28
1.28
1.28
1.28
1.28
1.28
1.28
1.28
1.28
1.28
1.28
1.28
1.28
1.28
1.28
1.28
1.28
1.28
1.28
1.28
1.28
1.28
1.28
1.28
1.28
1.28
1.28
1.28
1.28
1.28
1.28
1.28
1.28
1.28
1.28
1.28
1.28
1.28
1.28
1.28
1.28
1.28
1.28
1.28
1.28
1.28
1.28
1.28
1.28
1.28
1.28
1.28
1.28
1.28
1.28
1.28
1.28
1.28
1.28
1.28
1.28
1.28
1.28
1.28
1.28
1.28
1.28
1.28
1.28
1.28
1.28
1.28
1.28
1.28
1.28
1.28
1.28
1.28
1.28
1.28
1.28
1.28
1.28
1.28
1.28
1.28
1.28
1.28
1.28
1.28
1.28
1.28
1.28
1.28
1.28
1.28
1.28
1.28
1.28
1.28
1.28
1.28
1.28
1.28
1.28
1.28
1.28
1.28
1.28
1.28
1.28
1.28
1.28
1.28
1.28
1.28
1.28
1.28
1.28
1.28
1.28
1.28
1.28
1.28
1.28
1.28
1.28
1.28
1.28
1.28
1.28
1.28
1.28
1.28
1.28
1.28
1.28
1.28
1.28
1.28
1.28
1.28
1.28
1.28
1.28
1.28
1.28
1.28
1.28
1.28
1.28
1.28
1.28
1.28
1.28
1.28
1.28
1.28
1.28
1.28
1.28
1.28
1.28
1.28
1.28
1.28
1.28
1.28
1.28
1.28
1.28
1.28
1.28
1.28
1.28
1.28
1.28
1.28
1.28
1.28
1.28
1.28
1.28
1.28
1.28
1.28
1.28
1.28
1.28
1.28
1.28
1.28
1.28
1.28
1.28
1.28
1.28
1.28
1.28
1.28
1.28
1.28
1.28
1.28
1.28
1.28
1.28
1.28
1.28
1.28
1.28
1.28
1.28
1.28
1.28
1.28
1.28
1.28
1.28
1.28
1.28
1.28
1.28
1.28
1.28
1.28
1.28
1.28
1.28
1.28
1.28
1.28
1.28
1.28
1.28
1.28
1.28
1.28
1.28
1.28
1.28
1.28
1.28
1.28
1.28
1.28
1.28
1.28
1.28
1.28
1.28
1.28
1.28
1.28
1.28
1.28
1.28
1.28
1.28
1.28
1.28
1.28
1.28
1.28
1.28
1.28
1.28
1.28
1.28
1.28
1.28
1.28
1.28
1.28
1.28
1.28
1.28
1.28
1.28
1.28
1.28
1.28
1.28
1.28
1.28
1.28
1.28
1.28
1.28
1.28
1.28
1.28
1.28
1.28
1.28
1.28
1.28
1.28
1.28
1.28
1.28
1.28
1.28
1.28
1.28
1.28
1.28
1.28
1.28
1.28
1.28
1.28
1.28
1.28
1.28
1.28
1.28
1.28
1.28
1.28
1.28
1.28
1.28
1.28
1.28
1.28
1.28
1.28
1.28
1.28
1.28
1.28
1.28
1.28
1.28
1.28
1.28
1.28
1.28
1.28
1.28
1.28
1.28
1.28
1.28
1.28
1.28
1.28
1.28
1.28
1.28
1.28
1.28
1.28
1.28
1.28
1.28
1.28
1.28
1.28
1.28
1.28
1.28
1.28
1.28
1.28
1.28
1.28
1.28
1.28
1.28
1.28
1.28
1.28
1.28
1.28
1.28
1.28
1.28
1.28
1.28
1.28
1.28
1.28
1.28
1.28
1.28
1.28
1.28
1.28
1.28
1.28
1.28
1.28
1.28
1.28
1.28
1.28
1.28
1.28
1.28
1.28
1.28
1.28
1.28
1.28
1.28
1.28
1.28
1.28
1.28
1.28
1.28
1.28
1.28
1.28
1.28
1.28
1.28
1.28
1.28
1.28
1.28
1.28
1.28
1.28
1.28
1.28
1.28
1.28
1.28
1.28
1.28
1.28
1.28
1.28
1.28
1.28
1.28
1.28
1.28
1.28
1.28
1.28
1.28
1.28
1.28
1.28
1.28
1.28
1.28
1.28
1.28
1.28
1.28
1.28
1.28
1.28
1.28
1.28
1.28
1.28
1.28
1.28
1.28
1.28
1.28
1.28
1.28
1.28
1.28
1.28
1.28
1.28
1.28
1.28
1.28
1.28
1.28
1.28
1.28
1.28
1.28
1.28
1.28
1.28
1.28
1.28
1.28
1.28
1.28
1.28
1.28
1.28
1.28
1.28
1.28
1.28
1.28
1.28
1.28
1.28
1.28
1.28
1.28
1.28
1.28
1.28
1.28
1.28
1.28
1.28
1.28
1.28
1.28
1.28
1.28
1.28
1.28
1.28
1.28
1.28
1.28
1.28
1.28
1.28
1.28
1.28
1.28
1.28
1.28
1.28
1.28
1.28
1.28
1.28
1.28
1.28
1.28
1.28
1.28
1.28
1.28
1.28
1.28
1.28
1.28
1.28
1.28
1.28
1.28
1.28
1.28
1.28
1.28
1.28
1.28
1.28
1.28
1.28
1.28
1.28
1.28
1.28
1.28
1.28
1.28
1.28
1.28
1.28
1.28
1.28
1.28
1.28
1.28
1.28
1.28
1.28
1.28
1.28
1.28
1.28
1.28
1.28
1.28
1.28
1.28
1.28
1.28
1.28
1.28
1.28
1.28
1.28
1.28
1.28
1.28
1.28
1.28
1.28
1.28
1.28
1.28
1.28
1.28
1.28
1.28
1.28
1.28
1.28
1.28
1.28
1.28
1.28
1.28
1.28
1.28
1.28
1.28
1.28
1.28
1.28
1.28
1.28
1.28
1.28
1.28
1.28
1.28
1.28
1.28
1.28
1.28
1.28
1.28
1.28
1.28
1.28
1.28
1.28
1.28
1.28
1.28
1.28
1.28
1.28
1.28
1.28
1.28
1.28
1.28
1.28
1.28
1.28
1.28
1.28
1.28
1.28
1.28
1.28
1.28
1.28
1.28
1.28
1.28
1.28
1.28
1.28
1.28
1.28
1.28
1.28
1.28
1.28
1.28
1.28
1.28
1.28
1.28
1.28
1.28
1.28
1.28
1.28
1.28
1.28
1.28
1.28
1.28
1.28
1.28
1.28
1.28
1.28
1.28
1.28
1.28
1.28
1.28
1.28
1.28
1.28
1.28
1.28
1.28
1.28
1.28
1.28
1.28
1.28
1.28
1.28
1.28
1.28
1.28
1.28
1.28
1.28
1.28
1.28
1.28
1.28
1.28
1.28
1.28
1.28
1.28
1.28
1.28
1.28
1.28
1.28
1.28
1.28
1.28
1.28
1.28
1.28
1.28
1.28
1.28
1.28
1.28
1.28
1.28
1.28
1.28
1.28
1.28
1.28
1.28
1.28
1.28
1.28
1.28
1.28
1.28
1.28
1.28
1.28
1.28
1.28
1.28
1.28
1.28
1.28
1.28
1.28
1.28
1.28
1.28
1.28
1.28
1.28
1.28
1.28
1.28
1.28
1.28
1.28
1.28
1.28
1.28
1.28
1.28
1.28
1.28
1.28
1.28
1.28
1.28
1.28
1.28
1.28
1.28
1.28
1.28
1.28
1.28
1.28
1.28
1.28
1.28
1.28
1.28
1.28
1.28
1.28
1.28
1.28
1.28
1.28
1.28
1.28
1.28
1.28
1.28
1.28
1.28
1.28
1.28
1.28
1.28
1.28
1.28
1.28
1.28
1.28
1.28
1.28
1.28
1.28
1.28
1.28
1.28
1.28
1.28
1.28
1.28
1.28
1.28
1.28
1.28
1.28
1.28
1.28
1.28
1.28
1.28
1.28
1.28
1.28
1.28
1.28
1.28
1.28
1.28
1.28
1.28
1.28
1.28
1.28
1.28
1.28
1.28
1.28
1.28
1.28
1.28
1.28
1.28
1.28
1.28
1.28
1.28
1.28
1.28
1.28
1.28
1.28
1.28
1.28
1.28
1.28
1.28
1.28
1.28
1.28
1.28
1.28
1.28
1.28
1.28
1.28
1.28
1.28
1.28
1.28
1.28
1.28
1.28
1.28
1.28
1.28
1.28
1.28
1.28
1.28
1.28
1.28
1.28
1.28
1.28
1.28
1.28
1.28
1.28
1.28
1.28
1.28
1.28
1.28
1.28
1.28
1.28
1.28
1.28
1.28
1.28
1.28
1.28
1.28
1.28
1.28
1.28
1.28
1.28
1.28
1.28
1.28
1.28
1.28
1.28
1.28
1.28
1.28
1.28
1.28
1.28
1.28
1.28
1.28
1.28
1.28
1.28
1.28
1.28
1.28
1.28
1.28
1.28
1.28
1.28
1.28
1.28
1.28
1.28
1.28
1.28
1.28
1.28
1.28
1.28
1.28
1.28
1.28
1.28
1.28
1.28
1.28
1.28
1.28
1.28
1.28
1.28
1.28
1.28
1.28
1.28
1.28
1.28
1.28
1.28
1.28
1.28
1.28
1.28
1.28
1.28
1.28
1.28
1.28
1.28
1.28
1.28
1.28
1.28
1.28
1.28
1.28
1.28
1.28
1.28
1.28
1.28
1.28
1.28
1.28
1.28
1.28
1.28
1.28
1.28
1.28
1.28
1.28
1.28
1.28
1.28
1.28
1.28
1.28
1.28
1.28
1.28
1.28
1.28
1.28
1.28
1.28
1.28
1.28
1.28
1.28
1.28
1.28
1.28
1.28
1.28
1.28
1.28
1.28
1.28
1.28
1.28
1.28
1.28
1.28
1.28
1.28
1.28
1.28
1.28
1.28
1.28
1.28
1.28
1.28
1.28
1.28
1.28
1.28
1.28
1.28
1.28
1.28
1.28
1.28
1.28
1.28
1.28
1.28
1.28
1.28
1.28
1.28
1.28
1.28
1.28
1.28
1.28
1.28
1.28
1.28
1.28
1.28
1.28
1.28
1.28
1.28
1.28
1.28
1.28
1.28
1.28
1.28
1.28
1.28
1.28
1.28
1.28
1.28
1.28
1.28
1.28
1.28
1.28
1.28
1.28
1.28
1.28
1.28
1.28
1.28
1.28
1.28
1.28
1.28
1.28
1.28
1.28
1.28
1.28
1.28
1.28
1.28
1.28
1.28
1.28
1.28
1.28
1.28
1.28
1.28
1.28
1.28
1.28
1.28
1.28
1.28
1.28
1.28
1.28
1.28
1.28
1.28
1.28
1.28
1.28
1.28
1.28
1.28
1.28
1.28
1.28
1.28
1.28
1.28
1.28
1.28
1.28
1.28
1.28
1.28
1.28
1.28
1.28
1.28
1.28
1.28
1.28
1.28
1.28
1.28
1.28
1.28
1.28
1.28
1.28
1.28
1.28
1.28
1.28
1.28
1.28
1.28
1.28
1.28
1.28
1.28
1.28
1.28
1.28
1.28
1.28
1.28
1.28
1.28
1.28
1.28
1.28
1.28
1.28
1.28
1.28
1.28
1.28
1.28
1.28
1.28
1.28
1.28
1.28
1.28
1.28
1.28
1.28
1.28
1.28
1.28
1.28
1.28
1.28
1.28
1.28
1.28
1.28
1.28
1.28
1.28
1.28
1.28
1.28
1.28
1.28
1.28
1.28
1.28
1.28
1.28
1.28
1.28
1.28
1.28
1.28
1.28
1.28
1.28
1.28
1.28
1.28
1.28
1.28
1.28
1.28
1.28
1.28
1.28
1.28
1.28
1.28
1.28
1.28
1.28
1.28
1.28
1.28
1.28
1.28
1.28
1.28
1.28
1.28
1.28
1.28
1.28
1.28
1.28
1.28
1.28
1.28
1.28
1.28
1.28
1.28
1.28
1.28
1.28
1.28
1.28
1.28
1.28
1.28
1.28
1.28
1.28
1.28
1.28
1.28
1.28
1.28
1.28
1.28
1.28
1.28
1.28
1.28
1.28
1.28
1.28
1.28
1.28
1.28
1.28
1.28
1.28
1.28
1.28
1.28
1.28
1.28
1.28
1.28
1.28
1.28
1.28
1.28
1.28
1.28
1.28
1.28
1.28
1.28
1.28
1.28
1.28
1.28
1.28
1.28
1.28
1.28
1.28
1.28
1.28
1.28
1.28
1.28
1.28
1.28
1.28
1.28
1.28
1.28
1.28
1.28
1.28
1.28
1.28
1.28
1.28
1.28
1.28
1.28
1.28
1.28
1.28
1.28
1.28
1.28
1.28
1.28
1.28
1.28
1.28
1.28
1.28
1.28
1.28
1.28
1.28
1.28
1.28
1.28
1.28
1.28
1.28
1.28
1.28
1.28
1.28
1.28
1.28
1.28
1.28
1.28
1.28
1.28
1.28
1.28
1.28
1.28
1.28
1.28
1.28
1.28
1.28
1.28
1.28
1.28
1.28
1.28
1.28
1.28
1.28
1.28
1.28
1.28
1.28
1.28
1.28
1.28
1.28
1.28
1.28
1.28
1.28
1.28
1.28
1.28
1.28
1.28
1.28
1.28
1.28
1.28
1.28
1.28
1.28
1.28
1.28
1.28
1.28
1.28
1.28
1.28
1.28
1.28
1.28
1.28
1.28
1.28
1.28
1.28
1.28
1.28
1.28
1.28
1.28
1.28
1.28
1.28
1.28
1.28
1.28
1.28
1.28
1.28
1.28
1.28
1.28
1.28
1.28
1.28
1.28
1.28
1.28
1.28
1.28
1.28
1.28
1.28
1.28
1.28
1.28
1.28
1.28
1.28
1.28
1.28
1.28
1.28
1.28
1.28
1.28
1.28
1.28
1.28
1.28
1.28
1.28
1.28
1.28001
1.28001
1.28001
1.28001
1.28001
1.28001
1.28001
1.28001
1.28001
1.28001
1.28
1.28
1.28
1.28
1.28
1.28
1.28
1.28
1.28
1.28
1.28
1.28
1.28
1.28
1.28
1.28
1.28
1.28
1.28
1.28
1.28
1.28
1.28
1.28
1.28
1.28
1.28
1.28
1.28
1.28
1.28
1.28
1.28
1.28
1.28
1.28
1.28
1.28
1.28
1.28
1.28
1.28
1.28
1.28
1.28
1.28
1.28
1.28
1.28
1.28
1.28
1.28
1.28
1.28
1.28
1.28
1.28
1.28
1.28
1.28
1.28
1.28
1.28
1.28
1.28
1.28
1.28
1.28
1.28
1.28
1.28
1.28
1.28
1.28
1.28
1.28
1.28
1.28
1.28
1.28
1.28
1.28
1.28
1.28
1.28
1.28
1.28
1.28
1.28
1.28
1.28001
1.28001
1.28001
1.28001
1.28001
1.28001
1.28001
1.28001
1.28001
1.28001
1.28
1.28
1.28
1.28
1.28
1.28
1.28
1.28
1.28
1.28
1.28
1.28
1.28
1.28
1.28
1.28
1.28
1.28
1.28
1.28
1.28
1.28
1.28
1.28
1.28
1.28
1.28
1.28
1.28
1.28
1.28
1.28
1.28
1.28
1.28
1.28
1.28
1.28
1.28
1.28
1.28
1.28
1.28
1.28
1.28
1.28
1.28
1.28
1.28
1.28
1.28
1.28
1.28
1.28
1.28
1.28
1.28
1.28
1.28
1.28
1.28
1.28
1.28
1.28
1.28
1.28
1.28
1.28
1.28
1.28
1.28
1.28
1.28
1.28
1.28
1.28
1.28
1.28
1.28
1.28
1.28
1.28
1.28
1.28
1.28
1.28
1.28
1.28
1.28
1.28
1.28
1.28
1.28
1.28
1.28
1.28
1.28
1.28
1.28
1.28
1.28
1.28
1.28
1.28
1.28
1.28
1.28
1.28
1.28
1.28
1.28
1.28
1.28
1.28
1.28
1.28
1.28
1.28
1.28
1.28
1.28
1.28
1.28
1.28
1.28
1.28
1.28
1.28
1.28
1.28
1.28
1.28
1.28
1.28
1.28
1.28
1.28
1.28
1.28
1.28
1.28
1.28
1.28
1.28
1.28
1.28
1.28
1.28
1.28
1.28
1.28
1.28
1.28
1.28
1.28
1.28
1.28
1.28
1.28
1.28
1.28
1.28
1.28
1.28
1.28
1.28
1.28
1.28
1.28
1.28
1.28
1.28
1.28
1.28
1.28
1.28
1.28
1.28
1.28
1.28
1.28
1.28
1.28
1.28
1.28
1.28
1.28
1.28
1.28
1.28
1.28
1.28
1.28
1.28
1.28
1.28
1.28
1.28
1.28
1.28
1.28
1.28
1.28
1.28
1.28
1.28
1.28
1.28
1.28
1.28
1.28
1.28
1.28
1.28
1.28
1.28
1.28
1.28
1.28
1.28
1.28
1.28
1.28
1.28
1.28
1.28
1.28
1.28
1.28
1.28
1.28
1.28
1.28
1.28
1.28
1.28
1.28
1.28
1.28
1.28
1.28
1.28
1.28
1.28
1.28
1.28
1.28
1.28
1.28
1.28
1.28
1.28
1.28
1.28
1.28
1.28
1.28
1.28
1.28
1.28
1.28
1.28
1.28
1.28
1.28
1.28
1.28
1.28
1.28
1.28
1.28
1.28
1.28
1.28
1.28
1.28
1.28
1.28
1.28
1.28
1.28
1.28
1.28
1.28
1.28
1.28
1.28
1.28
1.28
1.28
1.28
1.28
1.28
1.28
1.28
1.28
1.28
1.28
1.28
1.28
1.28
1.28
1.28
1.28
1.28
1.28
1.28
1.28
1.28
1.28
1.28
1.28
1.28
1.28
1.28
1.28
1.28
1.28
1.28
1.28
1.28
1.28
1.28
1.28
1.28
1.28
1.28
1.28
1.28
1.28
1.28
1.28
1.28
1.28
1.28
1.28
1.28
1.28
1.28
1.28
1.28
1.28
1.28
1.28
1.28
1.28
1.28
1.28
1.28
1.28
1.28
1.28
1.28
1.28
1.28
1.28
1.28
1.28
1.28
1.28
1.28
1.28
1.28
1.28
1.28
1.28
1.28
1.28
1.28
1.28
1.28
1.28
1.28
1.28
1.28
1.28
1.28
1.28
1.28
1.28
1.28
1.28
1.28
1.28
1.28
1.28
1.28
1.28
1.28
1.28
1.28
1.28
1.28
1.28
1.28
1.28
1.28
1.28
1.28
1.28
1.28
1.28
1.28
1.28
1.28
1.28
1.28
1.28
1.28
1.28
1.28
1.28
1.28
1.28
1.28
1.28
1.28
1.28
1.28
1.28
1.28
1.28
1.28
1.28
1.28
1.28
1.28
1.28
1.28
1.28
1.28
1.28
1.28
1.28
1.28
1.28
1.28
1.28
1.28
1.28
1.28
1.28
1.28
1.28
1.28
1.28
1.28
1.28
1.28
1.28
1.28
1.28
1.28
1.28
1.28
1.28
1.28
1.28
1.28
1.28
1.28
1.28
1.28
1.28
1.28
1.28
1.28
1.28
1.28
1.28
1.28
1.28
1.28
1.28
1.28
1.28
1.28
1.28
1.28
1.28
1.28
1.28
1.28
1.28
1.28
1.28
1.28
1.28
1.28
1.28
1.28
1.28
1.28
1.28
1.28
1.28
1.28
1.28
1.28
1.28
1.28
1.28
1.28
1.28
1.28
1.28
1.28
1.28
1.28
1.28
1.28
1.28
1.28
1.28
1.28
1.28
1.28
1.28
1.28
1.28
1.28
1.28
1.28
1.28
1.28
1.28
1.28
1.28
1.28
1.28
1.28
1.28
1.28
1.28
1.28
1.28
1.28
1.28
1.28
1.28
1.28
1.28
1.28
1.28
1.28
1.28
1.28
1.28
1.28
1.28
1.28
1.28
1.28
1.28
1.28
1.28
1.28
1.28
1.28
1.28
1.28
1.28
1.28
1.28
1.28
1.28
1.28
1.28
1.28
1.28
1.28
1.28
1.28
1.28
1.28
1.28
1.28
1.28
1.28
1.28
1.28
1.28
1.28
1.28
1.28
1.28
1.28
1.28
1.28
1.28
1.28
1.28
1.28
1.28
1.28
1.28
1.28
1.28
1.28
1.28
1.28
1.28
1.28
1.28
1.28
1.28
1.28
1.28
1.28
1.28
1.28
1.28
1.28
1.28
1.28
1.28
1.28
1.28
1.28
1.28
1.28
1.28
1.28
1.28
1.28
1.28
1.28
1.28
1.28
1.28
1.28
1.28
1.28
1.28
1.28
1.28
1.28
1.28
1.28
1.28
1.28
1.28
1.28
1.28
1.28
1.28
1.28
1.28
1.28
1.28
1.28
1.28
1.28
1.28
1.28
1.28
1.28
1.28
1.28
1.28
1.28
1.28
1.28
1.28
1.28
1.28
1.28
1.28
1.28
1.28
1.28
1.28
1.28
1.28
1.28
1.28
1.28
1.28
1.28
1.28
1.28
1.28
1.28
1.28
1.28
1.28
1.28
1.28
1.28
1.28
1.28
1.28
1.28
1.28
1.28
1.28
1.28
1.28
1.28
1.28
1.28
1.28
1.28
1.28
1.28
1.28
1.28
1.28
1.28
1.28
1.28
1.28
1.28
1.28
1.28
1.28
1.28
1.28
1.28
1.28
1.28
1.28
1.28
1.28
1.28
1.28
1.28
1.28
1.28
1.28
1.28
1.28
1.28
1.28
1.28
1.28
1.28
1.28
1.28
1.28
1.28
1.28
1.28
1.28
1.28
1.28
1.28
1.28
1.28
1.28
1.28
1.28
1.28
1.28
1.28
1.28
1.28
1.28
1.28
1.28
1.28
1.28
1.28
1.28
1.28
1.28
1.28
1.28
1.28
1.28
1.28
1.28
1.28
1.28
1.28
1.28
1.28
1.28
1.28
1.28
1.28
1.28
1.28
1.28
1.28
1.28
1.28
1.28
1.28
1.28
1.28
1.28
1.28
1.28
1.28
1.28
1.28
1.28
1.28
1.28
1.28
1.28
1.28
1.28
1.28
1.28
1.28
1.28
1.28
1.28
1.28
1.28
1.28
1.28
1.28
1.28
1.28
1.28
1.28
1.28
1.28
1.28
1.28
1.28
1.28
1.28
1.28
1.28
1.28
1.28
1.28
1.28
1.28
1.28
1.28
1.28
1.28
1.28
1.28
1.28
1.28
1.28
1.28
1.28
1.28
1.28
1.28
1.28
1.28
1.28
1.28
1.28
1.28
1.28
1.28
1.28
1.28
1.28
1.28
1.28
1.28
1.28
1.28
1.28
1.28
1.28
1.28
1.28
1.28
1.28
1.28
1.28
1.28
1.28
1.28
1.28
1.28
1.28
1.28
1.28
1.28
1.28
1.28
1.28
1.28
1.28
1.28
1.28
1.28
1.28
1.28
1.28
1.28
1.28
1.28
1.28
1.28
1.28
1.28
1.28
1.28
1.28
1.28
1.28
1.28
1.28
1.28
1.28
1.28
1.28
1.28
1.28
1.28
1.28
1.28
1.28
1.28
1.28
1.28
1.28
1.28
1.28
1.28
1.28
1.28
1.28
1.28
1.28
1.28
1.28
1.28
1.28
1.28
1.28
1.28
1.28
1.28
1.28
1.28
1.28
1.28
1.28
1.28
1.28
1.28
1.28
1.28
1.28
1.28
1.28
1.28
1.28
1.28
1.28
1.28
1.28
1.28
1.28
1.28
1.28
1.28
1.28
1.28
1.28
1.28
1.28
1.28
1.28
1.28
1.28
1.28
1.28
1.28
1.28
1.28
1.28
1.28
1.28
1.28
1.28
1.28
1.28
1.28
1.28
1.28
1.28
1.28
1.28
1.28
1.28
1.28
1.28
1.28
1.28
1.28
1.28
1.28
1.28
1.28
1.28
1.28
1.28
1.28
1.28
1.28
1.28
1.28
1.28
1.28
1.28
1.28
1.28
1.28
1.28
1.28
1.28
1.28
1.28
1.28
1.28
1.28
1.28
1.28
1.28
1.28
1.28
1.28
1.28
1.28
1.28
1.28
1.28
1.28
1.28
1.28
1.28
1.28
1.28
1.28
1.28
1.28
1.28
1.28
1.28
1.28
1.28
1.28
1.28
1.28
1.28
1.28
1.28
1.28
1.28
1.28
1.28
1.28
1.28
1.28
1.28
1.28
1.28
1.28
1.28
1.28
1.28
1.28
1.28
1.28
1.28
1.28
1.28
1.28
1.28
1.28
1.28
1.28
1.28
1.28
1.28
1.28
1.28
1.28
1.28
1.28
1.28
1.28
1.28
1.28
1.28
1.28
1.28
1.28
1.28
1.28
1.28
1.28
1.28
1.28
1.28
1.28
1.28
1.28
1.28
1.28
1.28
1.28
1.28
1.28
1.28
1.28
1.28
1.28
1.28
1.28
1.28
1.28
1.28
1.28
1.28
1.28
1.28
1.28
1.28
1.28
1.28
1.28
1.28
1.28
1.28
1.28
1.28
1.28
1.28
1.28
1.28
1.28
1.28
1.28
1.28
1.28
1.28
1.28
1.28
1.28
1.28
1.28
1.28
1.28
1.28
1.28
1.28
1.28
1.28
1.28
1.28
1.28
1.28
1.28
1.28
1.28
1.28
1.28
1.28
1.28
1.28
1.28
1.28
1.28
1.28
1.28
1.28
1.28
1.28
1.28
1.28
1.28
1.28
1.28
1.28
1.28
1.28
1.28
1.28
1.28
1.28
1.28
1.28
1.28
1.28
1.28
1.28
1.28
1.28
1.28
1.28
1.28
1.28
1.28
1.28
1.28
1.28
1.28
1.28
1.28
1.28
1.28
1.28
1.28
1.28
1.28
1.28
1.28
1.28
1.28
1.28
1.28
1.28
1.28
1.28
1.28
1.28
1.28
1.28
1.28
1.28
1.28
1.28
1.28
1.28
1.28
1.28
1.28
1.28
1.28
1.28
1.28
1.28
1.28
1.28
1.28
1.28
1.28
1.28
1.28
1.28
1.28
1.28
1.28
1.28
1.28
1.28
1.28
1.28
1.28
1.28
1.28
1.28
1.28
1.28
1.28
1.28
1.28
1.28
1.28
1.28
1.28
1.28
1.28
1.28
1.28
1.28
1.28
1.28
1.28
1.28
1.28
1.28
1.28
1.28
1.28
1.28
1.28
1.28
1.28
1.28
1.28
1.28
1.28
1.28
1.28
1.28
1.28
1.28
1.28
1.28
1.28
1.28
1.28
1.28
1.28
1.28
1.28
1.28
1.28
1.28
1.28
1.28
1.28
1.28
1.28
1.28
1.28
1.28
1.28
1.28
1.28
1.28
1.28
1.28
1.28
1.28
1.28
1.28
1.28
1.28
1.28
1.28
1.28
1.28
1.28
1.28
1.28
1.28
1.28
1.28
1.28
1.28
1.28
1.28
1.28
1.28
1.28
1.28
1.28
1.28
1.28
1.28
1.28
1.28
1.28
1.28
1.28
1.28
1.28
1.28
1.28
1.28
1.28
1.28
1.28
1.28
1.28
1.28
1.28
1.28
1.28
1.28
1.28
1.28
1.28
1.28
1.28
1.28
1.28
1.28
1.28
1.28
1.28
1.28
1.28
1.28
1.28
1.28
1.28
1.28
1.28
1.28
1.28
1.28
1.28
1.28
1.28
1.28
1.28
1.28
1.28
1.28
1.28
1.28
1.28
1.28
1.28
1.28
1.28
1.28
1.28
1.28
1.28
1.28
1.28
1.28
1.28
1.28
1.28
1.28
1.28
1.28
1.28
1.28
1.28
1.28
1.28
1.28
1.28
1.28
1.28
1.28
1.28
1.28
1.28
1.28
1.28
1.28
1.28
1.28
1.28
1.28
1.28
1.28
1.28
1.28
1.28
1.28
1.28
1.28
1.28
1.28
1.28
1.28
1.28
1.28
1.28
1.28
1.28
1.28
1.28
1.28
1.28
1.28
1.28
1.28
1.28
1.28
1.28
1.28
1.28
1.28
1.28
1.28
1.28
1.28
1.28
1.28
1.28
1.28
1.28
1.28
1.28
1.28
1.28
1.28
1.28
1.28
1.28
1.28
1.28
1.28
1.28
1.28
1.28
1.28
1.28
1.28
1.28
1.28
1.28
1.28
1.28
1.28
1.28
1.28
1.28
1.28
1.28
1.28
1.28
1.28
1.28
1.28
1.28
1.28
1.28
1.28
1.28
1.28
1.28
1.28
1.28
1.28
1.28
1.28
1.28
1.28
1.28
1.28
1.28
1.28
1.28
1.28
1.28
1.28
1.28
1.28
1.28
1.28
1.28
1.28
1.28
1.28
1.28
1.28
1.28
1.28
1.28
1.28
1.28
1.28
1.28
1.28
1.28
1.28
1.28
1.28
1.28
1.28
1.28
1.28
1.28
1.28
1.28
1.28
1.28
1.28
1.28
1.28
1.28
1.28
1.28
1.28
1.28
1.28
1.28
1.28
1.28
1.28
1.28
1.28
1.28
1.28
1.28
1.28
1.28
1.28
1.28
1.28
1.28
1.28
1.28
1.28
1.28
1.28
1.28
1.28
1.28
1.28
1.28
1.28
1.28
1.28001
1.28
1.28
1.28
1.28
1.28
1.28
1.28
1.28
1.28
1.28
1.28
1.28
1.28
1.28
1.28
1.28
1.28
1.28
1.28
1.28
1.28
1.28
1.28
1.28
1.28
1.28
1.28
1.28
1.28
1.28
1.28
1.28
1.28
1.28
1.28
1.28
1.28
1.28
1.28
1.28
1.28
1.28
1.28
1.28
1.28
1.28
1.28
1.28
1.28
1.28
1.28
1.28
1.28
1.28
1.28
1.28
1.28
1.28
1.28
1.28
1.28
1.28
1.28
1.28
1.28
1.28
1.28
1.28
1.28
1.28
1.28
1.28
1.28
1.28
1.28
1.28
1.28
1.28
1.28
1.28
1.28
1.28
1.28
1.28
1.28
1.28
1.28
1.28
1.28
1.28
1.28
1.28
1.28
1.28
1.28
1.28
1.28
1.28
1.28
1.28001
1.28
1.28
1.28
1.28
1.28
1.28
1.28
1.28
1.28
1.28
1.28
1.28
1.28
1.28
1.28
1.28
1.28
1.28
1.28
1.28
1.28
1.28
1.28
1.28
1.28
1.28
1.28
1.28
1.28
1.28
1.28
1.28
1.28
1.28
1.28
1.28
1.28
1.28
1.28
1.28
1.28
1.28
1.28
1.28
1.28
1.28
1.28
1.28
1.28
1.28
1.28
1.28
1.28
1.28
1.28
1.28
1.28
1.28
1.28
1.28
1.28
1.28
1.28
1.28
1.28
1.28
1.28
1.28
1.28
1.28
1.28
1.28
1.28
1.28
1.28
1.28
1.28
1.28
1.28
1.28
1.28
1.28
1.28
1.28
1.28
1.28
1.28
1.28
1.28
1.28
1.28
1.28
1.28
1.28
1.28
1.28
1.28
1.28
1.28
1.28001
1.28
1.28
1.28
1.28
1.28
1.28
1.28
1.28
1.28
1.28
1.28
1.28
1.28
1.28
1.28
1.28
1.28
1.28
1.28
1.28
1.28
1.28
1.28
1.28
1.28
1.28
1.28
1.28
1.28
1.28
1.28
1.28
1.28
1.28
1.28
1.28
1.28
1.28
1.28
1.28
1.28
1.28
1.28
1.28
1.28
1.28
1.28
1.28
1.28
1.28
1.28
1.28
1.28
1.28
1.28
1.28
1.28
1.28
1.28
1.28
1.28
1.28
1.28
1.28
1.28
1.28
1.28
1.28
1.28
1.28
1.28
1.28
1.28
1.28
1.28
1.28
1.28
1.28
1.28
1.28
1.28
1.28
1.28
1.28
1.28
1.28
1.28
1.28
1.28
1.28
1.28
1.28
1.28
1.28
1.28
1.28
1.28
1.28
1.28
1.28001
1.28
1.28
1.28
1.28
1.28
1.28
1.28
1.28
1.28
1.28
1.28
1.28
1.28
1.28
1.28
1.28
1.28
1.28
1.28
1.28
1.28
1.28
1.28
1.28
1.28
1.28
1.28
1.28
1.28
1.28
1.28
1.28
1.28
1.28
1.28
1.28
1.28
1.28
1.28
1.28
1.28
1.28
1.28
1.28
1.28
1.28
1.28
1.28
1.28
1.28
1.28
1.28
1.28
1.28
1.28
1.28
1.28
1.28
1.28
1.28
1.28
1.28
1.28
1.28
1.28
1.28
1.28
1.28
1.28
1.28
1.28
1.28
1.28
1.28
1.28
1.28
1.28
1.28
1.28
1.28
1.28
1.28
1.28
1.28
1.28
1.28
1.28
1.28
1.28
1.28
1.28
1.28
1.28
1.28
1.28
1.28
1.28
1.28
1.28
1.28001
1.28
1.28
1.28
1.28
1.28
1.28
1.28
1.28
1.28
1.28
1.28
1.28
1.28
1.28
1.28
1.28
1.28
1.28
1.28
1.28
1.28
1.28
1.28
1.28
1.28
1.28
1.28
1.28
1.28
1.28
1.28
1.28
1.28
1.28
1.28
1.28
1.28
1.28
1.28
1.28
1.28
1.28
1.28
1.28
1.28
1.28
1.28
1.28
1.28
1.28
1.28
1.28
1.28
1.28
1.28
1.28
1.28
1.28
1.28
1.28
1.28
1.28
1.28
1.28
1.28
1.28
1.28
1.28
1.28
1.28
1.28
1.28
1.28
1.28
1.28
1.28
1.28
1.28
1.28
1.28
1.28
1.28
1.28
1.28
1.28
1.28
1.28
1.28
1.28
1.28
1.28
1.28
1.28
1.28
1.28
1.28
1.28
1.28
1.28
1.28001
1.28
1.28
1.28
1.28
1.28
1.28
1.28
1.28
1.28
1.28
1.28
1.28
1.28
1.28
1.28
1.28
1.28
1.28
1.28
1.28
1.28
1.28
1.28
1.28
1.28
1.28
1.28
1.28
1.28
1.28
1.28
1.28
1.28
1.28
1.28
1.28
1.28
1.28
1.28
1.28
1.28
1.28
1.28
1.28
1.28
1.28
1.28
1.28
1.28
1.28
1.28
1.28
1.28
1.28
1.28
1.28
1.28
1.28
1.28
1.28
1.28
1.28
1.28
1.28
1.28
1.28
1.28
1.28
1.28
1.28
1.28
1.28
1.28
1.28
1.28
1.28
1.28
1.28
1.28
1.28
1.28
1.28
1.28
1.28
1.28
1.28
1.28
1.28
1.28
1.28
1.28
1.28
1.28
1.28
1.28
1.28
1.28
1.28
1.28
1.28001
1.28
1.28
1.28
1.28
1.28
1.28
1.28
1.28
1.28
1.28
1.28
1.28
1.28
1.28
1.28
1.28
1.28
1.28
1.28
1.28
1.28
1.28
1.28
1.28
1.28
1.28
1.28
1.28
1.28
1.28
1.28
1.28
1.28
1.28
1.28
1.28
1.28
1.28
1.28
1.28
1.28
1.28
1.28
1.28
1.28
1.28
1.28
1.28
1.28
1.28
1.28
1.28
1.28
1.28
1.28
1.28
1.28
1.28
1.28
1.28
1.28
1.28
1.28
1.28
1.28
1.28
1.28
1.28
1.28
1.28
1.28
1.28
1.28
1.28
1.28
1.28
1.28
1.28
1.28
1.28
1.28
1.28
1.28
1.28
1.28
1.28
1.28
1.28
1.28
1.28
1.28
1.28
1.28
1.28
1.28
1.28
1.28
1.28
1.28
1.28001
1.28
1.28
1.28
1.28
1.28
1.28
1.28
1.28
1.28
1.28
1.28
1.28
1.28
1.28
1.28
1.28
1.28
1.28
1.28
1.28
1.28
1.28
1.28
1.28
1.28
1.28
1.28
1.28
1.28
1.28
1.28
1.28
1.28
1.28
1.28
1.28
1.28
1.28
1.28
1.28
1.28
1.28
1.28
1.28
1.28
1.28
1.28
1.28
1.28
1.28
1.28
1.28
1.28
1.28
1.28
1.28
1.28
1.28
1.28
1.28
1.28
1.28
1.28
1.28
1.28
1.28
1.28
1.28
1.28
1.28
1.28
1.28
1.28
1.28
1.28
1.28
1.28
1.28
1.28
1.28
1.28
1.28
1.28
1.28
1.28
1.28
1.28
1.28
1.28
1.28
1.28
1.28
1.28
1.28
1.28
1.28
1.28
1.28
1.28
1.28
1.28
1.28
1.28
1.28
1.28
1.28
1.28
1.28
1.28
1.28
1.28
1.28
1.28
1.28
1.28
1.28
1.28
1.28
1.28
1.28
1.28
1.28
1.28
1.28
1.28
1.28
1.28
1.28
1.28
1.28
1.28
1.28
1.28
1.28
1.28
1.28
1.28
1.28
1.28
1.28
1.28
1.28
1.28
1.28
1.28
1.28
1.28
1.28
1.28
1.28
1.28
1.28
1.28
1.28
1.28
1.28
1.28
1.28
1.28
1.28
1.28
1.28
1.28
1.28
1.28
1.28
1.28
1.28
1.28
1.28
1.28
1.28
1.28
1.28
1.28
1.28
1.28
1.28
1.28
1.28
1.28
1.28
1.28
1.28
1.28
1.28
1.28
1.28
1.28
1.28
1.28
1.28
1.28
1.28
1.28
1.28
1.28
1.28
1.28
1.28
1.28
1.28
1.28
1.28
1.28
1.28
1.28
1.28
1.28
1.28
1.28
1.28
1.28
1.28
1.28
1.28
1.28
1.28
1.28
1.28
1.28
1.28
1.28
1.28
1.28
1.28
1.28
1.28
1.28
1.28
1.28
1.28
1.28
1.28
1.28
1.28
1.28
1.28
1.28
1.28
1.28
1.28
1.28
1.28
1.28
1.28
1.28
1.28
1.28
1.28
1.28
1.28
1.28
1.28
1.28
1.28
1.28
1.28
1.28
1.28
1.28
1.28
1.28
1.28
1.28
1.28
1.28
1.28
1.28
1.28
1.28
1.28
1.28
1.28
1.28
1.28
1.28
1.28
1.28
1.28
1.28
1.28
1.28
1.28
1.28
1.28
1.28
1.28
1.28
1.28
1.28
1.28
1.28
1.28
1.28
1.28
1.28
1.28
1.28
1.28
1.28
1.28
1.28
1.28
1.28
1.28
1.28
1.28
1.28
1.28
1.28
1.28
1.28
1.28
1.28
1.28
1.28
1.28
1.28
1.28
1.28
1.28
1.28
1.28
1.28
1.28
1.28
1.28
1.28
1.28
1.28
1.28
1.28
1.28
1.28
1.28
1.28
1.28
1.28
1.28
1.28
1.28
1.28
1.28
1.28
1.28
1.28
1.28
1.28
1.28
1.28
1.28
1.28
1.28
1.28
1.28
1.28
1.28
1.28
1.28
1.28
1.28
1.28
1.28
1.28
1.28
1.28
1.28
1.28
1.28
1.28
1.28
1.28
1.28
1.28
1.28
1.28
1.28
1.28
1.28
1.28
1.28
1.28
1.28
1.28
1.28
1.28
1.28
1.28
1.28
1.28
1.28
1.28
1.28
1.28
1.28
1.28
1.28
1.28
1.28
1.28
1.28
1.28
1.28
1.28
1.28
1.28
1.28
1.28
1.28
1.28
1.28
1.28
1.28
1.28
1.28
1.28
1.28
1.28
1.28
1.28
1.28
1.28
1.28
1.28
1.28
1.28
1.28
1.28
1.28
1.28
1.28
1.28
1.28
1.28
1.28
1.28
1.28
1.28
1.28
1.28
1.28
1.28
1.28
1.28
1.28
1.28
1.28
1.28
1.28
1.28
1.28
1.28
1.28
1.28
1.28
1.28
1.28
1.28
1.28
1.28
1.28
1.28
1.28
1.28
1.28
1.28
1.28
1.28
1.28
1.28
1.28
1.28
1.28
1.28
1.28
1.28
1.28
1.28
1.28
1.28
1.28
1.28
1.28
1.28
1.28
1.28
1.28
1.28
1.28
1.28
1.28
1.28
1.28
1.28
1.28
1.28
1.28
1.28
1.28
1.28
1.28
1.28
1.28
1.28
1.28
1.28
1.28
1.28
1.28
1.28
1.28
1.28
1.28
1.28
1.28
1.28
1.28
1.28
1.28
1.28
1.28
1.28
1.28
1.28
1.28
1.28
1.28
1.28
1.28
1.28
1.28
1.28
1.28
1.28
1.28
1.28
1.28
1.28
1.28
1.28
1.28
1.28
1.28
1.28
1.28
1.28
1.28
1.28
1.28
1.28
1.28
1.28
1.28
1.28
1.28
1.28
1.28
1.28
1.28
1.28
1.28
1.28
1.28
1.28
1.28
1.28
1.28
1.28
1.28
1.28
1.28
1.28
1.28
1.28
1.28
1.28
1.28
1.28
1.28
1.28
1.28
1.28
1.28
1.28
1.28
1.28
1.28
1.28
1.28
1.28
1.28
1.28
1.28
1.28
1.28
1.28
1.28
1.28
1.28
1.28
1.28
1.28
1.28
1.28
1.28
1.28
1.28
1.28
1.28
1.28
1.28
1.28
1.28
1.28
1.28
1.28
1.28
1.28
1.28
1.28
1.28
1.28
1.28
1.28
1.28
1.28
1.28
1.28
1.28
1.28
1.28
1.28
1.28
1.28
1.28
1.28
1.28
1.28
1.28
1.28
1.28
1.28
1.28
1.28
1.28
1.28
1.28
1.28
1.28
1.28
1.28
1.28
1.28
1.28
1.28
1.28
1.28
1.28
1.28
1.28
1.28
1.28
1.28
1.28
1.28
1.28
1.28
1.28
1.28
1.28
1.28
1.28
1.28
1.28
1.28
1.28
1.28
1.28
1.28
1.28
1.28
1.28
1.28
1.28
1.28
1.28
1.28
1.28
1.28
1.28
1.28
1.28
1.28
1.28
1.28
1.28
1.28
1.28
1.28
1.28
1.28
1.28
1.28
1.28
1.28
1.28
1.28
1.28
1.28
1.28
1.28
1.28
1.28
1.28
1.28
1.28
1.28
1.28
1.28
1.28
1.28
1.28
1.28
1.28
1.28
1.28
1.28
1.28
1.28
1.28
1.28
1.28
1.28
1.28
1.28
1.28
1.28
1.28
1.28
1.28
1.28
1.28
1.28
1.28
1.28
1.28
1.28
1.28
1.28
1.28
1.28
1.28
1.28
1.28
1.28
1.28
1.28
1.28
1.28
1.28
1.28
1.28
1.28
1.28
1.28
1.28
1.28
1.28
1.28
1.28
1.28
1.28
1.28
1.28
1.28
1.28
1.28
1.28
1.28
1.28
1.28
1.28
1.28
1.28
1.28
1.28
1.28
1.28
1.28
1.28
1.28
1.28
1.28
1.28
1.28
1.28
1.28
1.28
1.28
1.28
1.28
1.28
1.28
1.28
1.28
1.28
1.28
1.28
1.28
1.28
1.28
1.28
1.28
1.28
1.28
1.28
1.28
1.28
1.28
1.28
1.28
1.28
1.28
1.28
1.28
1.28
1.28
1.28
1.28
1.28
1.28
1.28
1.28
1.28
1.28
1.28
1.28
1.28
1.28
1.28
1.28
1.28
1.28
1.28
1.28
1.28
1.28
1.28
1.28
1.28
1.28
1.28
1.28
1.28
1.28
1.28
1.28
1.28
1.28
1.28
1.28
1.28
1.28
1.28
1.28
1.28
1.28
1.28
1.28
1.28
1.28
1.28
1.28
1.28
1.28
1.28
1.28
1.28
1.28
1.28
1.28
1.28
1.28
1.28
1.28
1.28
1.28
1.28
1.28
1.28
1.28
1.28
1.28
1.28
1.28
1.28
1.28
1.28
1.28
1.28
1.28
1.28
1.28
1.28
1.28
1.28
1.28
1.28
1.28
1.28
1.28
1.28
1.28
1.28
1.28
1.28
1.28
1.28
1.28
1.28
1.28
1.28
1.28
1.28
1.28
1.28
1.28
1.28
1.28
1.28
1.28
1.28
1.28
1.28
1.28
1.28
1.28
1.28
1.28
1.28
1.28
1.28
1.28
1.28
1.28
1.28
1.28
1.28
1.28
1.28
1.28
1.28
1.28
1.28
1.28
1.28
1.28
1.28
1.28
1.28
1.28
1.28
1.28
1.28
1.28
1.28
1.28
1.28
1.28
1.28
1.28
1.28
1.28
1.28
1.28
1.28
1.28
1.28
1.28
1.28
1.28
1.28
1.28
1.28
1.28
1.28
1.28
1.28
1.28
1.28
1.28
1.28
1.28
1.28
1.28
1.28
1.28
1.28
1.28
1.28
1.28
1.28
1.28
1.28
1.28
1.28
1.28
1.28
1.28
1.28
1.28
1.28
1.28
1.28
1.28
1.28
1.28
1.28
1.28
1.28
1.28
1.28
1.28
1.28
1.28
1.28
1.28
1.28
1.28
1.28
1.28
1.28
1.28
1.28
1.28
1.28
1.28
1.28
1.28
1.28
1.28
1.28
1.28
1.28
1.28
1.28
1.28
1.28
1.28
1.28
1.28
1.28
1.28
1.28
1.28
1.28
1.28
1.28
1.28
1.28
1.28
1.28
1.28
1.28
1.28
1.28
1.28
1.28
1.28
1.28
1.28
1.28
1.28
1.28
1.28
1.28
1.28
1.28
1.28
1.28
1.28
1.28
1.28
1.28
1.28
1.28
1.28
1.28
1.28
1.28
1.28
1.28
1.28
1.28
1.28
1.28
1.28
1.28
1.28
1.28
1.28
1.28
1.28
1.28
1.28
1.28
1.28
1.28
1.28
1.28
1.28
1.28
1.28
1.28
1.28
1.28
1.28
1.28
1.28
1.28
1.28
1.28
1.28
1.28
1.28
1.28
1.28
1.28
1.28
1.28
1.28
1.28
1.28
1.28
1.28
1.28
1.28
1.28
1.28
1.28
1.28
1.28
1.28
1.28
1.28
1.28
1.28
1.28
1.28
1.28
1.28
1.28
1.28
1.28
1.28
1.28
1.28
1.28
1.28
1.28
1.28
1.28
1.28
1.28
1.28
1.28
1.28
1.28
1.28
1.28
1.28
1.28
1.28
1.28
1.28
1.28
1.28
1.28
1.28
1.28
1.28
1.28
1.28
1.28
1.28
1.28
1.28
1.28
1.28
1.28
1.28
1.28
1.28
1.28
1.28
1.28
1.28
1.28
1.28
1.28
1.28
1.28
1.28
1.28
1.28
1.28
1.28
1.28
1.28
1.28
1.28
1.28
1.28
1.28
1.28
1.28
1.28
1.28
1.28
1.28
1.28
1.28
1.28
1.28
1.28
1.28
1.28
1.28
1.28
1.28
1.28
1.28
1.28
1.28
1.28
1.28
1.28
1.28
1.28
1.28
1.28
1.28
1.28
1.28
1.28
1.28
1.28
1.28
1.28
1.28
1.28
1.28
1.28
1.28
1.28
1.28
1.28
1.28
1.28
1.28
1.28
1.28
1.28
1.28
1.28
1.28
1.28
1.28
1.28
1.28
1.28
1.28
1.28
1.28
1.28
1.28
1.28
1.28
1.28
1.28
1.28
1.28
1.28
1.28
1.28
1.28
1.28
1.28
1.28
1.28
1.28
1.28
1.28
1.28
1.28
1.28
1.28
1.28
1.28
1.28
1.28
1.28
1.28
1.28
1.28
1.28
1.28
1.28
1.28
1.28
1.28
1.28
1.28
1.28
1.28
1.28
1.28
1.28
1.28
1.28
1.28
1.28
1.28
1.28
1.28
1.28
1.28
1.28
1.28
1.28
1.28
1.28
1.28
1.28
1.28
1.28
1.28
1.28
1.28
1.28
1.28
1.28
1.28
1.28
1.28
1.28
1.28
1.28
1.28
1.28
1.28
1.28
1.28
1.28
1.28
1.28
1.28
1.28
1.28
1.28
1.28
1.28
1.28
1.28
1.28
1.28
1.28
1.28
1.28
1.28
1.28
1.28
1.28
1.28
1.28
1.28
1.28
1.28
1.28
1.28
1.28
1.28
1.28
1.28
1.28
1.28
1.28
1.28
1.28
1.28
1.28
1.28
1.28
1.28
1.28
1.28
1.28
1.28
1.28
1.28
1.28
1.28
1.28
1.28
1.28
1.28
1.28
1.28
1.28
1.28
1.28
1.28
1.28
1.28
1.28
1.28
1.28
1.28
1.28
1.28
1.28
1.28
1.28
1.28
1.28
1.28
1.28
1.28
1.28
1.28
1.28
1.28
1.28
1.28
1.28
1.28
1.28
1.28
1.28
1.28
1.28
1.28
1.28
1.28
1.28
1.28
1.28
1.28
1.28
1.28
1.28
1.28
1.28
1.28
1.28
1.28
1.28
1.28
1.28
1.28
1.28
1.28
1.28
1.28
1.28
1.28
1.28
1.28
1.28
1.28
1.28
1.28
1.28
1.28
1.28
1.28
1.28
1.28
1.28
1.28
1.28
1.28
1.28
1.28
1.28
1.28
1.28
1.28
1.28
1.28
1.28
1.28
1.28
1.28
1.28
1.28
1.28
1.28
1.28
1.28
1.28
1.28
1.28
1.28
1.28
1.28
1.28
1.28
1.28
1.28
1.28
1.28
1.28
1.28
1.28
1.28
1.28
1.28
1.28
1.28
1.28
1.28
1.28
1.28
1.28
1.28
1.28
1.28
1.28
1.28
1.28
1.28
1.28
1.28
1.28
1.28
1.28
1.28
1.28
1.28
1.28
1.28
1.28
1.28
1.28
1.28
1.28
1.28
1.28
1.28
1.28
1.28
1.28
1.28
1.28
1.28
1.28
1.28
1.28
1.28
1.28
1.28
1.28
1.28
1.28
1.28
1.28
1.28
1.28
1.28
1.28
1.28
1.28
1.28
1.28
1.28
1.28
1.28
1.28
1.28
1.28
1.28
1.28
1.28
1.28
1.28
1.28
1.28
1.28
1.28001
1.28001
1.28001
1.28001
1.28001
1.28001
1.28001
1.28001
1.28001
1.28001
8.51899
1.28163
1.27999
1.28
1.28
1.28
1.28
1.28
1.28
1.28
8.5511
1.29207
1.28
1.28
1.28
1.28
1.28
1.28
1.28
1.28
8.56978
1.29537
1.28001
1.28
1.28
1.28
1.28
1.28
1.28
1.28
8.57733
1.29599
1.28001
1.28
1.28
1.28
1.28
1.28
1.28
1.28
8.58084
1.2962
1.28001
1.28
1.28
1.28
1.28
1.28
1.28
1.28
8.58219
1.29619
1.28001
1.28
1.28
1.28
1.28
1.28
1.28
1.28
8.58185
1.29603
1.28001
1.28
1.28
1.28
1.28
1.28
1.28
1.28
8.5789
1.29546
1.28001
1.28
1.28
1.28
1.28
1.28
1.28
1.28
8.56893
1.29236
1.28
1.28
1.28
1.28
1.28
1.28
1.28
1.28
8.54823
1.28255
1.27999
1.28
1.28
1.28
1.28
1.28
1.28
1.28
8.54953
1.29204
1.28
1.28
1.28
1.28
1.28
1.28
1.28
1.28
8.5692
1.29752
1.28001
1.28
1.28
1.28
1.28
1.28
1.28
1.28
8.57917
1.29867
1.28001
1.28
1.28
1.28
1.28
1.28
1.28
1.28
8.58341
1.29875
1.28001
1.28
1.28
1.28
1.28
1.28
1.28
1.28
8.58546
1.29877
1.28001
1.28
1.28
1.28
1.28
1.28
1.28
1.28
8.58609
1.29877
1.28001
1.28
1.28
1.28
1.28
1.28
1.28
1.28
8.58548
1.29876
1.28001
1.28
1.28
1.28
1.28
1.28
1.28
1.28
8.58318
1.29869
1.28001
1.28
1.28
1.28
1.28
1.28
1.28
1.28
8.57643
1.29754
1.28001
1.28
1.28
1.28
1.28
1.28
1.28
1.28
8.562
1.29221
1.28
1.28
1.28
1.28
1.28
1.28
1.28
1.28
8.56681
1.29533
1.28001
1.28
1.28
1.28
1.28
1.28
1.28
1.28
8.57788
1.29867
1.28001
1.28
1.28
1.28
1.28
1.28
1.28
1.28
8.58327
1.29914
1.28002
1.28
1.28
1.28
1.28
1.28
1.28
1.28
8.58569
1.2991
1.28002
1.28
1.28
1.28
1.28
1.28
1.28
1.28
8.58683
1.29909
1.28002
1.28
1.28
1.28
1.28
1.28
1.28
1.28
8.58696
1.29909
1.28002
1.28
1.28
1.28
1.28
1.28
1.28
1.28
8.5861
1.29911
1.28002
1.28
1.28
1.28
1.28
1.28
1.28
1.28
8.58405
1.29915
1.28002
1.28
1.28
1.28
1.28
1.28
1.28
1.28
8.57925
1.29867
1.28001
1.28
1.28
1.28
1.28
1.28
1.28
1.28
8.56906
1.29532
1.28001
1.28
1.28
1.28
1.28
1.28
1.28
1.28
8.57305
1.29594
1.28001
1.28
1.28
1.28
1.28
1.28
1.28
1.28
8.5811
1.29874
1.28001
1.28
1.28
1.28
1.28
1.28
1.28
1.28
8.58483
1.2991
1.28002
1.28
1.28
1.28
1.28
1.28
1.28
1.28
8.5865
1.29907
1.28002
1.28
1.28
1.28
1.28
1.28
1.28
1.28
8.58719
1.29905
1.28002
1.28
1.28
1.28
1.28
1.28
1.28
1.28
8.58702
1.29906
1.28002
1.28
1.28
1.28
1.28
1.28
1.28
1.28
8.58596
1.29907
1.28002
1.28
1.28
1.28
1.28
1.28
1.28
1.28
8.58388
1.29909
1.28002
1.28
1.28
1.28
1.28
1.28
1.28
1.28
8.57968
1.29872
1.28001
1.28
1.28
1.28
1.28
1.28
1.28
1.28
8.57102
1.29591
1.28001
1.28
1.28
1.28
1.28
1.28
1.28
1.28
8.57528
1.29614
1.28001
1.28
1.28
1.28
1.28
1.28
1.28
1.28
8.58235
1.29875
1.28001
1.28
1.28
1.28
1.28
1.28
1.28
1.28
8.58549
1.29908
1.28002
1.28
1.28
1.28
1.28
1.28
1.28
1.28
8.58685
1.29905
1.28002
1.28
1.28
1.28
1.28
1.28
1.28
1.28
8.58734
1.29904
1.28002
1.28
1.28
1.28
1.28
1.28
1.28
1.28
8.58703
1.29904
1.28002
1.28
1.28
1.28
1.28
1.28
1.28
1.28
8.58586
1.29903
1.28002
1.28
1.28
1.28
1.28
1.28
1.28
1.28
8.58376
1.29905
1.28002
1.28
1.28
1.28
1.28
1.28
1.28
1.28
8.57975
1.29872
1.28001
1.28
1.28
1.28
1.28
1.28
1.28
1.28
8.57159
1.29608
1.28001
1.28
1.28
1.28
1.28
1.28
1.28
1.28
8.57528
1.29614
1.28001
1.28
1.28
1.28
1.28
1.28
1.28
1.28
8.58235
1.29875
1.28001
1.28
1.28
1.28
1.28
1.28
1.28
1.28
8.58549
1.29908
1.28002
1.28
1.28
1.28
1.28
1.28
1.28
1.28
8.58685
1.29905
1.28002
1.28
1.28
1.28
1.28
1.28
1.28
1.28
8.58734
1.29904
1.28002
1.28
1.28
1.28
1.28
1.28
1.28
1.28
8.58703
1.29904
1.28002
1.28
1.28
1.28
1.28
1.28
1.28
1.28
8.58586
1.29903
1.28002
1.28
1.28
1.28
1.28
1.28
1.28
1.28
8.58376
1.29905
1.28002
1.28
1.28
1.28
1.28
1.28
1.28
1.28
8.57975
1.29872
1.28001
1.28
1.28
1.28
1.28
1.28
1.28
1.28
8.57159
1.29608
1.28001
1.28
1.28
1.28
1.28
1.28
1.28
1.28
8.57305
1.29594
1.28001
1.28
1.28
1.28
1.28
1.28
1.28
1.28
8.5811
1.29874
1.28001
1.28
1.28
1.28
1.28
1.28
1.28
1.28
8.58483
1.2991
1.28002
1.28
1.28
1.28
1.28
1.28
1.28
1.28
8.5865
1.29907
1.28002
1.28
1.28
1.28
1.28
1.28
1.28
1.28
8.58719
1.29905
1.28002
1.28
1.28
1.28
1.28
1.28
1.28
1.28
8.58702
1.29906
1.28002
1.28
1.28
1.28
1.28
1.28
1.28
1.28
8.58596
1.29907
1.28002
1.28
1.28
1.28
1.28
1.28
1.28
1.28
8.58388
1.29909
1.28002
1.28
1.28
1.28
1.28
1.28
1.28
1.28
8.57968
1.29872
1.28001
1.28
1.28
1.28
1.28
1.28
1.28
1.28
8.57102
1.29591
1.28001
1.28
1.28
1.28
1.28
1.28
1.28
1.28
8.56681
1.29533
1.28001
1.28
1.28
1.28
1.28
1.28
1.28
1.28
8.57788
1.29867
1.28001
1.28
1.28
1.28
1.28
1.28
1.28
1.28
8.58327
1.29914
1.28002
1.28
1.28
1.28
1.28
1.28
1.28
1.28
8.58569
1.2991
1.28002
1.28
1.28
1.28
1.28
1.28
1.28
1.28
8.58683
1.29909
1.28002
1.28
1.28
1.28
1.28
1.28
1.28
1.28
8.58696
1.29909
1.28002
1.28
1.28
1.28
1.28
1.28
1.28
1.28
8.5861
1.29911
1.28002
1.28
1.28
1.28
1.28
1.28
1.28
1.28
8.58405
1.29915
1.28002
1.28
1.28
1.28
1.28
1.28
1.28
1.28
8.57925
1.29867
1.28001
1.28
1.28
1.28
1.28
1.28
1.28
1.28
8.56906
1.29532
1.28001
1.28
1.28
1.28
1.28
1.28
1.28
1.28
8.54954
1.29204
1.28
1.28
1.28
1.28
1.28
1.28
1.28
1.28
8.5692
1.29752
1.28001
1.28
1.28
1.28
1.28
1.28
1.28
1.28
8.57917
1.29867
1.28001
1.28
1.28
1.28
1.28
1.28
1.28
1.28
8.58341
1.29875
1.28001
1.28
1.28
1.28
1.28
1.28
1.28
1.28
8.58546
1.29877
1.28001
1.28
1.28
1.28
1.28
1.28
1.28
1.28
8.58609
1.29877
1.28001
1.28
1.28
1.28
1.28
1.28
1.28
1.28
8.58548
1.29876
1.28001
1.28
1.28
1.28
1.28
1.28
1.28
1.28
8.58318
1.29869
1.28001
1.28
1.28
1.28
1.28
1.28
1.28
1.28
8.57643
1.29754
1.28001
1.28
1.28
1.28
1.28
1.28
1.28
1.28
8.562
1.29221
1.28
1.28
1.28
1.28
1.28
1.28
1.28
1.28
8.51899
1.28163
1.27999
1.28
1.28
1.28
1.28
1.28
1.28
1.28
8.5511
1.29207
1.28
1.28
1.28
1.28
1.28
1.28
1.28
1.28
8.56978
1.29537
1.28001
1.28
1.28
1.28
1.28
1.28
1.28
1.28
8.57733
1.29599
1.28001
1.28
1.28
1.28
1.28
1.28
1.28
1.28
8.58084
1.2962
1.28001
1.28
1.28
1.28
1.28
1.28
1.28
1.28
8.58219
1.29619
1.28001
1.28
1.28
1.28
1.28
1.28
1.28
1.28
8.58185
1.29603
1.28001
1.28
1.28
1.28
1.28
1.28
1.28
1.28
8.5789
1.29546
1.28001
1.28
1.28
1.28
1.28
1.28
1.28
1.28
8.56892
1.29236
1.28
1.28
1.28
1.28
1.28
1.28
1.28
1.28
8.54823
1.28255
1.27999
1.28
1.28
1.28
1.28
1.28
1.28
1.28
1.27837
1.27992
1.27994
1.27995
1.27996
1.27997
1.27997
1.27998
1.27998
1.28028
1.27853
1.27993
1.27994
1.27995
1.27995
1.27996
1.27996
1.27996
1.27997
1.28024
1.27869
1.27993
1.27994
1.27995
1.27995
1.27996
1.27996
1.27996
1.27997
1.28022
1.27886
1.27994
1.27995
1.27995
1.27996
1.27996
1.27996
1.27996
1.27997
1.2802
1.27902
1.27994
1.27995
1.27995
1.27996
1.27996
1.27996
1.27996
1.27997
1.28018
1.27918
1.27995
1.27995
1.27996
1.27996
1.27996
1.27996
1.27996
1.27997
1.28015
1.27935
1.27995
1.27995
1.27996
1.27996
1.27996
1.27996
1.27996
1.27996
1.28011
1.27952
1.27995
1.27995
1.27996
1.27996
1.27996
1.27996
1.27996
1.27996
1.28008
1.27969
1.27995
1.27995
1.27996
1.27996
1.27996
1.27996
1.27996
1.27996
1.28003
1.27986
1.27995
1.27994
1.27994
1.27993
1.27993
1.27992
1.27992
1.27991
1.27994
1.27885
1.28002
1.28002
1.28002
1.28002
1.28002
1.28002
1.28002
1.28002
1.28002
1.27896
1.28001
1.28002
1.28002
1.28002
1.28001
1.28001
1.28001
1.28001
1.28002
1.27907
1.28001
1.28001
1.28001
1.28001
1.28001
1.28001
1.28001
1.28001
1.28002
1.27918
1.28
1.28001
1.28001
1.28001
1.28001
1.28001
1.28001
1.28001
1.28002
1.2793
1.28
1.28
1.28
1.28001
1.28001
1.28001
1.28001
1.28001
1.28002
1.27941
1.28
1.28
1.28
1.28
1.28
1.28
1.28
1.28
1.28001
1.27954
1.27999
1.28
1.28
1.28
1.28
1.28
1.28
1.28
1.28001
1.27966
1.27999
1.27999
1.28
1.28
1.28
1.28
1.28
1.28
1.28001
1.27979
1.27999
1.27999
1.27999
1.27999
1.27999
1.27999
1.28
1.28
1.28
1.27992
1.27999
1.27999
1.27999
1.27999
1.27999
1.27999
1.27999
1.27999
1.27999
1.27901
1.28
1.28
1.28
1.28
1.28
1.28
1.28
1.28
1.28
1.2791
1.28
1.28
1.28
1.28
1.28
1.28
1.28
1.28
1.28
1.27919
1.28
1.28
1.28
1.28
1.28
1.28
1.28
1.28
1.28
1.27929
1.28
1.28
1.28
1.28
1.28
1.28
1.28
1.28
1.28
1.2794
1.28
1.28
1.28
1.28
1.28
1.28
1.28
1.28
1.28
1.2795
1.28
1.28
1.28
1.28
1.28
1.28
1.28
1.28
1.28
1.27961
1.28
1.28
1.28
1.28
1.28
1.28
1.28
1.28
1.28
1.27971
1.28
1.28
1.28
1.28
1.28
1.28
1.28
1.28
1.28
1.27983
1.28
1.28
1.28
1.28
1.28
1.28
1.28
1.28
1.28
1.27994
1.28
1.28
1.28
1.28
1.28
1.28
1.28
1.28
1.28
1.27901
1.28
1.28
1.28
1.28
1.28
1.28
1.28
1.28
1.28
1.27911
1.28
1.28
1.28
1.28
1.28
1.28
1.28
1.28
1.28
1.2792
1.28
1.28
1.28
1.28
1.28
1.28
1.28
1.28
1.28
1.2793
1.28
1.28
1.28
1.28
1.28
1.28
1.28
1.28
1.28
1.27941
1.28
1.28
1.28
1.28
1.28
1.28
1.28
1.28
1.28
1.27951
1.28
1.28
1.28
1.28
1.28
1.28
1.28
1.28
1.28
1.27962
1.28
1.28
1.28
1.28
1.28
1.28
1.28
1.28
1.28
1.27972
1.28
1.28
1.28
1.28
1.28
1.28
1.28
1.28
1.28
1.27983
1.28
1.28
1.28
1.28
1.28
1.28
1.28
1.28
1.28
1.27994
1.28
1.28
1.28
1.28
1.28
1.28
1.28
1.28
1.28
1.27895
1.27999
1.28
1.28
1.28
1.28
1.28
1.28
1.28
1.28
1.27905
1.27999
1.28
1.28
1.28
1.28
1.28
1.28
1.28
1.28
1.27915
1.28
1.28
1.28
1.28
1.28
1.28
1.28
1.28
1.28
1.27926
1.28
1.28
1.28
1.28
1.28
1.28
1.28
1.28
1.28
1.27937
1.28
1.28
1.28
1.28
1.28
1.28
1.28
1.28
1.28
1.27948
1.28
1.28
1.28
1.28
1.28
1.28
1.28
1.28
1.28
1.27959
1.28
1.28
1.28
1.28
1.28
1.28
1.28
1.28
1.28
1.2797
1.28
1.28
1.28
1.28
1.28
1.28
1.28
1.28
1.28
1.27982
1.28
1.28
1.28
1.28
1.28
1.28
1.28
1.28
1.28
1.27994
1.28
1.28
1.28
1.28
1.28
1.28
1.28
1.28
1.28
1.27886
1.27999
1.28
1.28
1.28
1.28
1.28
1.28
1.28
1.28
1.27896
1.27999
1.28
1.28
1.28
1.28
1.28
1.28
1.28
1.28
1.27907
1.28
1.28
1.28
1.28
1.28
1.28
1.28
1.28
1.28
1.27918
1.28
1.28
1.28
1.28
1.28
1.28
1.28
1.28
1.28
1.2793
1.28
1.28
1.28
1.28
1.28
1.28
1.28
1.28
1.28
1.27941
1.28
1.28
1.28
1.28
1.28
1.28
1.28
1.28
1.28
1.27953
1.28
1.28
1.28
1.28
1.28
1.28
1.28
1.28
1.28
1.27965
1.28
1.28
1.28
1.28
1.28
1.28
1.28
1.28
1.28
1.27978
1.28
1.28
1.28
1.28
1.28
1.28
1.28
1.28
1.28
1.27992
1.28
1.28
1.28
1.28
1.28
1.28
1.28
1.28
1.28
1.27881
1.27999
1.28
1.28
1.28
1.28
1.28
1.28
1.28
1.28
1.27892
1.27999
1.28
1.28
1.28
1.28
1.28
1.28
1.28
1.28
1.27903
1.28
1.28
1.28
1.28
1.28
1.28
1.28
1.28
1.28
1.27913
1.28
1.28
1.28
1.28
1.28
1.28
1.28
1.28
1.28
1.27924
1.28
1.28
1.28
1.28
1.28
1.28
1.28
1.28
1.28
1.27935
1.28
1.28
1.28
1.28
1.28
1.28
1.28
1.28
1.28
1.27947
1.28
1.28
1.28
1.28
1.28
1.28
1.28
1.28
1.28
1.2796
1.28
1.28
1.28
1.28
1.28
1.28
1.28
1.28
1.28
1.27974
1.28
1.28
1.28
1.28
1.28
1.28
1.28
1.28
1.28
1.2799
1.28
1.28
1.28
1.28
1.28
1.28
1.28
1.28
1.28
1.27908
1.28
1.28
1.28
1.28
1.28
1.28
1.28
1.28
1.28
1.27917
1.28
1.28
1.28
1.28
1.28
1.28
1.28
1.28
1.28
1.27925
1.28
1.28
1.28
1.28
1.28
1.28
1.28
1.28
1.28
1.27934
1.28
1.28
1.28
1.28
1.28
1.28
1.28
1.28
1.28
1.27942
1.28
1.28
1.28
1.28
1.28
1.28
1.28
1.28
1.28
1.27951
1.28
1.28
1.28
1.28
1.28
1.28
1.28
1.28
1.28
1.2796
1.28
1.28
1.28
1.28
1.28
1.28
1.28
1.28
1.28
1.27969
1.28
1.28
1.28
1.28
1.28
1.28
1.28
1.28
1.28
1.27979
1.28
1.28
1.28
1.28
1.28
1.28
1.28
1.28
1.28
1.27993
1.28
1.28
1.28
1.28
1.28
1.28
1.28
1.28
1.28
1.28027
1.28001
1.28
1.28
1.28
1.28
1.28
1.28
1.28
1.28
1.28029
1.28001
1.28
1.28
1.28
1.28
1.28
1.28
1.28
1.28
1.2803
1.28
1.28
1.28
1.28
1.28
1.28
1.28
1.28
1.28
1.28039
1.28
1.28
1.28
1.28
1.28
1.28
1.28
1.28
1.28
1.28047
1.28
1.28
1.28
1.28
1.28
1.28
1.28
1.28
1.28
1.28054
1.28
1.28
1.28
1.28
1.28
1.28
1.28
1.28
1.28
1.2806
1.28
1.28
1.28
1.28
1.28
1.28
1.28
1.28
1.28
1.28062
1.28
1.28
1.28
1.28
1.28
1.28
1.28
1.28
1.28
1.28059
1.28
1.28
1.28
1.28
1.28
1.28
1.28
1.28
1.28
1.28049
1.28
1.28
1.28
1.28
1.28
1.28
1.28
1.28
1.28001
1.2825
1.28001
1.28
1.28
1.28
1.28
1.28
1.28
1.28
1.28
1.28245
1.28001
1.28
1.28
1.28
1.28
1.28
1.28
1.28
1.28
1.28233
1.28001
1.28
1.28
1.28
1.28
1.28
1.28
1.28
1.28
1.28254
1.28001
1.28
1.28
1.28
1.28
1.28
1.28
1.28
1.28
1.28276
1.28001
1.28
1.28
1.28
1.28
1.28
1.28
1.28
1.28
1.28299
1.28001
1.28
1.28
1.28
1.28
1.28
1.28
1.28
1.28
1.28325
1.28002
1.28
1.28
1.28
1.28
1.28
1.28
1.28
1.28
1.28355
1.28002
1.28
1.28
1.28
1.28
1.28
1.28
1.28
1.28
1.28389
1.28002
1.28
1.28
1.28
1.28
1.28
1.28
1.28
1.28
1.28424
1.28002
1.28
1.28
1.28
1.28
1.28
1.28
1.28002
1.28009
1.28053
1.27998
1.28
1.28
1.28
1.28
1.28
1.28
1.28
1.28
1.2806
1.28
1.28
1.28
1.28
1.28
1.28
1.28
1.28
1.28
1.28077
1.28002
1.28
1.28
1.28
1.28
1.28
1.28
1.28
1.28
1.28083
1.28005
1.28
1.28
1.28
1.28
1.28
1.28
1.28
1.28
1.28089
1.28008
1.28
1.28
1.28
1.28
1.28
1.28
1.28
1.28
1.28095
1.28011
1.28
1.28
1.28
1.28
1.28
1.28
1.28
1.28
1.28103
1.28014
1.28
1.28
1.28
1.28
1.28
1.28
1.28
1.28
1.28139
1.28018
1.28
1.28
1.28
1.28
1.28
1.28
1.28
1.28
1.28168
1.28022
1.28
1.28
1.28
1.28
1.28
1.28
1.28
1.28
1.28194
1.28026
1.28
1.28
1.28
1.28
1.28
1.28002
1.28014
1.28046
1.28089
1.28003
1.28
1.28
1.28
1.28
1.28
1.28
1.28
1.28
1.28097
1.28006
1.28
1.28
1.28
1.28
1.28
1.28
1.28
1.28
1.28098
1.28009
1.28
1.28
1.28
1.28
1.28
1.28
1.28
1.28
1.281
1.28013
1.28
1.28
1.28
1.28
1.28
1.28
1.28
1.28
1.28132
1.28017
1.28
1.28
1.28
1.28
1.28
1.28
1.28
1.28
1.28161
1.28022
1.28
1.28
1.28
1.28
1.28
1.28
1.28
1.28
1.28185
1.28027
1.28
1.28
1.28
1.28
1.28
1.28
1.28
1.28
1.28175
1.28032
1.28
1.28
1.28
1.28
1.28
1.28
1.28
1.28
1.28172
1.28038
1.28
1.28
1.28
1.28
1.28
1.28
1.28
1.28
1.28172
1.28044
1.28
1.28
1.28
1.28
1.28
1.28
1.27999
1.28019
1.28088
1.28009
1.28
1.28
1.28
1.28
1.28
1.28
1.28
1.28
1.28092
1.28013
1.28
1.28
1.28
1.28
1.28
1.28
1.28
1.28
1.2813
1.28018
1.28
1.28
1.28
1.28
1.28
1.28
1.28
1.28
1.2816
1.28023
1.28
1.28
1.28
1.28
1.28
1.28
1.28
1.28
1.28152
1.28029
1.28
1.28
1.28
1.28
1.28
1.28
1.28
1.28
1.28147
1.28035
1.28
1.28
1.28
1.28
1.28
1.28
1.28
1.28
1.28145
1.28042
1.28
1.28
1.28
1.28
1.28
1.28
1.28
1.28
1.28146
1.2805
1.28
1.28
1.28
1.28
1.28
1.28
1.28
1.28
1.28148
1.28059
1.28001
1.28
1.28
1.28
1.28
1.28
1.28
1.28
1.28152
1.28069
1.28001
1.28
1.28
1.28
1.28
1.28
1.27999
1.27999
1.28108
1.28015
1.28
1.28
1.28
1.28
1.28
1.28
1.28
1.28
1.28135
1.28021
1.28
1.28
1.28
1.28
1.28
1.28
1.28
1.28
1.2812
1.28027
1.28
1.28
1.28
1.28
1.28
1.28
1.28
1.28
1.28113
1.28034
1.28
1.28
1.28
1.28
1.28
1.28
1.28
1.28
1.2811
1.28042
1.28001
1.28
1.28
1.28
1.28
1.28
1.28
1.28
1.28108
1.28051
1.28001
1.28
1.28
1.28
1.28
1.28
1.28
1.28
1.28108
1.28061
1.28001
1.28
1.28
1.28
1.28
1.28
1.28
1.28
1.2811
1.28073
1.28001
1.28
1.28
1.28
1.28
1.28
1.28
1.28
1.28114
1.28086
1.28002
1.28
1.28
1.28
1.28
1.28
1.28
1.28
1.28118
1.28102
1.28002
1.28
1.28
1.28
1.28
1.28
1.27999
1.27996
1.28088
1.28021
1.28
1.28
1.28
1.28
1.28
1.28
1.28
1.28
1.28076
1.28027
1.28
1.28
1.28
1.28
1.28
1.28
1.28
1.28
1.28067
1.28035
1.28001
1.28
1.28
1.28
1.28
1.28
1.28
1.28
1.28061
1.28044
1.28001
1.28
1.28
1.28
1.28
1.28
1.28
1.28
1.28055
1.28054
1.28001
1.28
1.28
1.28
1.28
1.28
1.28
1.28
1.28051
1.28066
1.28001
1.28
1.28
1.28
1.28
1.28
1.28
1.28
1.28048
1.28081
1.28002
1.28
1.28
1.28
1.28
1.28
1.28
1.28
1.28046
1.28098
1.28002
1.28
1.28
1.28
1.28
1.28
1.28
1.28
1.28047
1.28118
1.28003
1.28
1.28
1.28
1.28
1.28
1.28
1.28
1.28048
1.28142
1.28004
1.28
1.28
1.28
1.28
1.28
1.27999
1.27995
1.28028
1.28023
1.28
1.28
1.28
1.28
1.28
1.28
1.28
1.28
1.28013
1.28031
1.28001
1.28
1.28
1.28
1.28
1.28
1.28
1.28
1.27999
1.28039
1.28001
1.28
1.28
1.28
1.28
1.28
1.28
1.28
1.27986
1.28049
1.28001
1.28
1.28
1.28
1.28
1.28
1.28
1.28
1.27972
1.28062
1.28002
1.28
1.28
1.28
1.28
1.28
1.28
1.28
1.27958
1.28077
1.28002
1.28
1.28
1.28
1.28
1.28
1.28
1.28
1.27944
1.28096
1.28003
1.28
1.28
1.28
1.28
1.28
1.28
1.28
1.27931
1.28118
1.28004
1.28
1.28
1.28
1.28
1.28
1.28
1.28
1.27918
1.28146
1.28005
1.28
1.28
1.28
1.28
1.28
1.28
1.28
1.27904
1.2818
1.28007
1.28
1.28
1.28
1.28
1.28
1.27999
1.27995
1.2796
1.28021
1.28
1.28
1.28
1.28
1.28
1.28
1.28
1.28
1.27935
1.28028
1.28001
1.28
1.28
1.28
1.28
1.28
1.28
1.28
1.27909
1.28036
1.28001
1.28
1.28
1.28
1.28
1.28
1.28
1.28
1.27882
1.28046
1.28001
1.28
1.28
1.28
1.28
1.28
1.28
1.28
1.27851
1.28058
1.28002
1.28
1.28
1.28
1.28
1.28
1.28
1.28
1.27818
1.28074
1.28003
1.28
1.28
1.28
1.28
1.28
1.28
1.28
1.27781
1.28094
1.28004
1.28
1.28
1.28
1.28
1.28
1.28
1.28
1.27739
1.28118
1.28005
1.28
1.28
1.28
1.28
1.28
1.28
1.28
1.27694
1.2815
1.28007
1.28
1.28
1.28
1.28
1.28
1.28
1.28
1.27642
1.2819
1.2801
1.28
1.28
1.28
1.28
1.28
1.27999
1.27996
1.27884
1.28013
1.28
1.28
1.28
1.28
1.28
1.28
1.28
1.28
1.27845
1.28018
1.28001
1.28
1.28
1.28
1.28
1.28
1.28
1.28
1.27803
1.28023
1.28001
1.28
1.28
1.28
1.28
1.28
1.28
1.28
1.27756
1.28029
1.28001
1.28
1.28
1.28
1.28
1.28
1.28
1.28
1.277
1.28038
1.28002
1.28
1.28
1.28
1.28
1.28
1.28
1.28
1.27636
1.28049
1.28002
1.28
1.28
1.28
1.28
1.28
1.28
1.28
1.27561
1.28062
1.28003
1.28
1.28
1.28
1.28
1.28
1.28
1.28
1.27473
1.2808
1.28005
1.28
1.28
1.28
1.28
1.28
1.28
1.28
1.27369
1.28103
1.28007
1.28
1.28
1.28
1.28
1.28
1.28
1.28
1.27241
1.28133
1.28011
1.28
1.28
1.28
1.28
1.28
1.28
1.27997
1.27816
1.28003
1.28
1.28
1.28
1.28
1.28
1.28
1.28
1.28
1.27763
1.28003
1.28
1.28
1.28
1.28
1.28
1.28
1.28
1.28
1.27704
1.28004
1.28
1.28
1.28
1.28
1.28
1.28
1.28
1.28
1.27634
1.28004
1.28
1.28
1.28
1.28
1.28
1.28
1.28
1.28
1.27552
1.28005
1.28001
1.28
1.28
1.28
1.28
1.28
1.28
1.28
1.27454
1.28005
1.28001
1.28
1.28
1.28
1.28
1.28
1.28
1.28
1.27335
1.28006
1.28001
1.28
1.28
1.28
1.28
1.28
1.28
1.28
1.27191
1.28006
1.28002
1.28
1.28
1.28
1.28
1.28
1.28
1.28
1.27013
1.28004
1.28003
1.28
1.28
1.28
1.28
1.28
1.28
1.28
1.26787
1.28
1.28004
1.28
1.28
1.28
1.28
1.28
1.28
1.28002
1.27774
1.27994
1.28
1.28
1.28
1.28
1.28
1.28
1.28
1.28
1.27712
1.27992
1.28
1.28
1.28
1.28
1.28
1.28
1.28
1.28
1.27641
1.27989
1.28
1.28
1.28
1.28
1.28
1.28
1.28
1.28
1.27558
1.27984
1.28
1.28
1.28
1.28
1.28
1.28
1.28
1.28
1.27458
1.27978
1.27999
1.28
1.28
1.28
1.28
1.28
1.28
1.28
1.27337
1.2797
1.27999
1.28
1.28
1.28
1.28
1.28
1.28
1.28
1.27189
1.27958
1.27998
1.28
1.28
1.28
1.28
1.28
1.28
1.28
1.27006
1.2794
1.27997
1.28
1.28
1.28
1.28
1.28
1.28
1.28
1.26777
1.27913
1.27996
1.28
1.28
1.28
1.28
1.28
1.28
1.28
1.26482
1.27873
1.27992
1.28
1.28
1.28
1.28
1.28
1.28003
1.28026
1.27774
1.27994
1.28
1.28
1.28
1.28
1.28
1.28
1.28
1.28
1.27712
1.27992
1.28
1.28
1.28
1.28
1.28
1.28
1.28
1.28
1.27641
1.27989
1.28
1.28
1.28
1.28
1.28
1.28
1.28
1.28
1.27558
1.27984
1.28
1.28
1.28
1.28
1.28
1.28
1.28
1.28
1.27458
1.27978
1.27999
1.28
1.28
1.28
1.28
1.28
1.28
1.28
1.27337
1.2797
1.27999
1.28
1.28
1.28
1.28
1.28
1.28
1.28
1.27189
1.27958
1.27998
1.28
1.28
1.28
1.28
1.28
1.28
1.28
1.27006
1.2794
1.27997
1.28
1.28
1.28
1.28
1.28
1.28
1.28
1.26777
1.27913
1.27996
1.28
1.28
1.28
1.28
1.28
1.28
1.28
1.26482
1.27873
1.27992
1.28
1.28
1.28
1.28
1.28
1.28003
1.28026
1.27816
1.28003
1.28
1.28
1.28
1.28
1.28
1.28
1.28
1.28
1.27763
1.28003
1.28
1.28
1.28
1.28
1.28
1.28
1.28
1.28
1.27704
1.28004
1.28
1.28
1.28
1.28
1.28
1.28
1.28
1.28
1.27634
1.28004
1.28
1.28
1.28
1.28
1.28
1.28
1.28
1.28
1.27552
1.28005
1.28001
1.28
1.28
1.28
1.28
1.28
1.28
1.28
1.27454
1.28005
1.28001
1.28
1.28
1.28
1.28
1.28
1.28
1.28
1.27335
1.28006
1.28001
1.28
1.28
1.28
1.28
1.28
1.28
1.28
1.27191
1.28006
1.28002
1.28
1.28
1.28
1.28
1.28
1.28
1.28
1.27013
1.28004
1.28003
1.28
1.28
1.28
1.28
1.28
1.28
1.28
1.26787
1.28
1.28004
1.28
1.28
1.28
1.28
1.28
1.28
1.28002
1.27884
1.28013
1.28
1.28
1.28
1.28
1.28
1.28
1.28
1.28
1.27845
1.28018
1.28001
1.28
1.28
1.28
1.28
1.28
1.28
1.28
1.27803
1.28023
1.28001
1.28
1.28
1.28
1.28
1.28
1.28
1.28
1.27756
1.28029
1.28001
1.28
1.28
1.28
1.28
1.28
1.28
1.28
1.277
1.28038
1.28002
1.28
1.28
1.28
1.28
1.28
1.28
1.28
1.27636
1.28049
1.28002
1.28
1.28
1.28
1.28
1.28
1.28
1.28
1.27561
1.28062
1.28003
1.28
1.28
1.28
1.28
1.28
1.28
1.28
1.27473
1.2808
1.28005
1.28
1.28
1.28
1.28
1.28
1.28
1.28
1.27369
1.28103
1.28007
1.28
1.28
1.28
1.28
1.28
1.28
1.28
1.27241
1.28133
1.28011
1.28
1.28
1.28
1.28
1.28
1.28
1.27997
1.2796
1.28021
1.28
1.28
1.28
1.28
1.28
1.28
1.28
1.28
1.27935
1.28028
1.28001
1.28
1.28
1.28
1.28
1.28
1.28
1.28
1.27909
1.28036
1.28001
1.28
1.28
1.28
1.28
1.28
1.28
1.28
1.27882
1.28046
1.28001
1.28
1.28
1.28
1.28
1.28
1.28
1.28
1.27851
1.28058
1.28002
1.28
1.28
1.28
1.28
1.28
1.28
1.28
1.27818
1.28074
1.28003
1.28
1.28
1.28
1.28
1.28
1.28
1.28
1.27781
1.28094
1.28004
1.28
1.28
1.28
1.28
1.28
1.28
1.28
1.27739
1.28118
1.28005
1.28
1.28
1.28
1.28
1.28
1.28
1.28
1.27694
1.2815
1.28007
1.28
1.28
1.28
1.28
1.28
1.28
1.28
1.27642
1.2819
1.2801
1.28
1.28
1.28
1.28
1.28
1.27999
1.27996
1.28028
1.28023
1.28
1.28
1.28
1.28
1.28
1.28
1.28
1.28
1.28013
1.28031
1.28001
1.28
1.28
1.28
1.28
1.28
1.28
1.28
1.27999
1.28039
1.28001
1.28
1.28
1.28
1.28
1.28
1.28
1.28
1.27986
1.28049
1.28001
1.28
1.28
1.28
1.28
1.28
1.28
1.28
1.27972
1.28062
1.28002
1.28
1.28
1.28
1.28
1.28
1.28
1.28
1.27958
1.28077
1.28002
1.28
1.28
1.28
1.28
1.28
1.28
1.28
1.27944
1.28096
1.28003
1.28
1.28
1.28
1.28
1.28
1.28
1.28
1.27931
1.28118
1.28004
1.28
1.28
1.28
1.28
1.28
1.28
1.28
1.27918
1.28146
1.28005
1.28
1.28
1.28
1.28
1.28
1.28
1.28
1.27904
1.2818
1.28007
1.28
1.28
1.28
1.28
1.28
1.27999
1.27995
1.28088
1.28021
1.28
1.28
1.28
1.28
1.28
1.28
1.28
1.28
1.28076
1.28027
1.28
1.28
1.28
1.28
1.28
1.28
1.28
1.28
1.28067
1.28035
1.28001
1.28
1.28
1.28
1.28
1.28
1.28
1.28
1.28061
1.28044
1.28001
1.28
1.28
1.28
1.28
1.28
1.28
1.28
1.28055
1.28054
1.28001
1.28
1.28
1.28
1.28
1.28
1.28
1.28
1.28051
1.28066
1.28001
1.28
1.28
1.28
1.28
1.28
1.28
1.28
1.28048
1.28081
1.28002
1.28
1.28
1.28
1.28
1.28
1.28
1.28
1.28046
1.28098
1.28002
1.28
1.28
1.28
1.28
1.28
1.28
1.28
1.28047
1.28118
1.28003
1.28
1.28
1.28
1.28
1.28
1.28
1.28
1.28048
1.28142
1.28004
1.28
1.28
1.28
1.28
1.28
1.27999
1.27995
1.28108
1.28015
1.28
1.28
1.28
1.28
1.28
1.28
1.28
1.28
1.28135
1.28021
1.28
1.28
1.28
1.28
1.28
1.28
1.28
1.28
1.2812
1.28027
1.28
1.28
1.28
1.28
1.28
1.28
1.28
1.28
1.28113
1.28034
1.28
1.28
1.28
1.28
1.28
1.28
1.28
1.28
1.2811
1.28042
1.28001
1.28
1.28
1.28
1.28
1.28
1.28
1.28
1.28108
1.28051
1.28001
1.28
1.28
1.28
1.28
1.28
1.28
1.28
1.28108
1.28061
1.28001
1.28
1.28
1.28
1.28
1.28
1.28
1.28
1.2811
1.28073
1.28001
1.28
1.28
1.28
1.28
1.28
1.28
1.28
1.28114
1.28086
1.28002
1.28
1.28
1.28
1.28
1.28
1.28
1.28
1.28118
1.28102
1.28002
1.28
1.28
1.28
1.28
1.28
1.27999
1.27996
1.28088
1.28009
1.28
1.28
1.28
1.28
1.28
1.28
1.28
1.28
1.28092
1.28013
1.28
1.28
1.28
1.28
1.28
1.28
1.28
1.28
1.2813
1.28018
1.28
1.28
1.28
1.28
1.28
1.28
1.28
1.28
1.2816
1.28023
1.28
1.28
1.28
1.28
1.28
1.28
1.28
1.28
1.28152
1.28029
1.28
1.28
1.28
1.28
1.28
1.28
1.28
1.28
1.28147
1.28035
1.28
1.28
1.28
1.28
1.28
1.28
1.28
1.28
1.28145
1.28042
1.28
1.28
1.28
1.28
1.28
1.28
1.28
1.28
1.28146
1.2805
1.28
1.28
1.28
1.28
1.28
1.28
1.28
1.28
1.28148
1.28059
1.28001
1.28
1.28
1.28
1.28
1.28
1.28
1.28
1.28152
1.28069
1.28001
1.28
1.28
1.28
1.28
1.28
1.27999
1.27999
1.28089
1.28003
1.28
1.28
1.28
1.28
1.28
1.28
1.28
1.28
1.28097
1.28006
1.28
1.28
1.28
1.28
1.28
1.28
1.28
1.28
1.28098
1.28009
1.28
1.28
1.28
1.28
1.28
1.28
1.28
1.28
1.281
1.28013
1.28
1.28
1.28
1.28
1.28
1.28
1.28
1.28
1.28132
1.28017
1.28
1.28
1.28
1.28
1.28
1.28
1.28
1.28
1.28161
1.28022
1.28
1.28
1.28
1.28
1.28
1.28
1.28
1.28
1.28185
1.28027
1.28
1.28
1.28
1.28
1.28
1.28
1.28
1.28
1.28175
1.28032
1.28
1.28
1.28
1.28
1.28
1.28
1.28
1.28
1.28172
1.28038
1.28
1.28
1.28
1.28
1.28
1.28
1.28
1.28
1.28172
1.28044
1.28
1.28
1.28
1.28
1.28
1.28
1.28
1.28019
1.28053
1.27998
1.28
1.28
1.28
1.28
1.28
1.28
1.28
1.28
1.2806
1.28
1.28
1.28
1.28
1.28
1.28
1.28
1.28
1.28
1.28077
1.28002
1.28
1.28
1.28
1.28
1.28
1.28
1.28
1.28
1.28083
1.28005
1.28
1.28
1.28
1.28
1.28
1.28
1.28
1.28
1.28089
1.28008
1.28
1.28
1.28
1.28
1.28
1.28
1.28
1.28
1.28095
1.28011
1.28
1.28
1.28
1.28
1.28
1.28
1.28
1.28
1.28103
1.28014
1.28
1.28
1.28
1.28
1.28
1.28
1.28
1.28
1.28139
1.28018
1.28
1.28
1.28
1.28
1.28
1.28
1.28
1.28
1.28168
1.28022
1.28
1.28
1.28
1.28
1.28
1.28
1.28
1.28
1.28194
1.28026
1.28
1.28
1.28
1.28
1.28
1.28002
1.28014
1.28046
1.2825
1.28001
1.28
1.28
1.28
1.28
1.28
1.28
1.28
1.28
1.28245
1.28001
1.28
1.28
1.28
1.28
1.28
1.28
1.28
1.28
1.28233
1.28001
1.28
1.28
1.28
1.28
1.28
1.28
1.28
1.28
1.28254
1.28001
1.28
1.28
1.28
1.28
1.28
1.28
1.28
1.28
1.28276
1.28001
1.28
1.28
1.28
1.28
1.28
1.28
1.28
1.28
1.28299
1.28001
1.28
1.28
1.28
1.28
1.28
1.28
1.28
1.28
1.28325
1.28002
1.28
1.28
1.28
1.28
1.28
1.28
1.28
1.28
1.28355
1.28002
1.28
1.28
1.28
1.28
1.28
1.28
1.28
1.28
1.28389
1.28002
1.28
1.28
1.28
1.28
1.28
1.28
1.28
1.28
1.28424
1.28002
1.28
1.28
1.28
1.28
1.28
1.28
1.28002
1.28009
1.28027
1.28001
1.28
1.28
1.28
1.28
1.28
1.28
1.28
1.28
1.28029
1.28001
1.28
1.28
1.28
1.28
1.28
1.28
1.28
1.28
1.2803
1.28
1.28
1.28
1.28
1.28
1.28
1.28
1.28
1.28
1.28039
1.28
1.28
1.28
1.28
1.28
1.28
1.28
1.28
1.28
1.28047
1.28
1.28
1.28
1.28
1.28
1.28
1.28
1.28
1.28
1.28054
1.28
1.28
1.28
1.28
1.28
1.28
1.28
1.28
1.28
1.2806
1.28
1.28
1.28
1.28
1.28
1.28
1.28
1.28
1.28
1.28062
1.28
1.28
1.28
1.28
1.28
1.28
1.28
1.28
1.28
1.28059
1.28
1.28
1.28
1.28
1.28
1.28
1.28
1.28
1.28
1.28049
1.28
1.28
1.28
1.28
1.28
1.28
1.28
1.28
1.28001
1.27908
1.28
1.28
1.28
1.28
1.28
1.28
1.28
1.28
1.28
1.27917
1.28
1.28
1.28
1.28
1.28
1.28
1.28
1.28
1.28
1.27925
1.28
1.28
1.28
1.28
1.28
1.28
1.28
1.28
1.28
1.27934
1.28
1.28
1.28
1.28
1.28
1.28
1.28
1.28
1.28
1.27942
1.28
1.28
1.28
1.28
1.28
1.28
1.28
1.28
1.28
1.27951
1.28
1.28
1.28
1.28
1.28
1.28
1.28
1.28
1.28
1.2796
1.28
1.28
1.28
1.28
1.28
1.28
1.28
1.28
1.28
1.27969
1.28
1.28
1.28
1.28
1.28
1.28
1.28
1.28
1.28
1.27979
1.28
1.28
1.28
1.28
1.28
1.28
1.28
1.28
1.28
1.27993
1.28
1.28
1.28
1.28
1.28
1.28
1.28
1.28
1.28
1.27881
1.27999
1.28
1.28
1.28
1.28
1.28
1.28
1.28
1.28
1.27892
1.27999
1.28
1.28
1.28
1.28
1.28
1.28
1.28
1.28
1.27903
1.28
1.28
1.28
1.28
1.28
1.28
1.28
1.28
1.28
1.27913
1.28
1.28
1.28
1.28
1.28
1.28
1.28
1.28
1.28
1.27924
1.28
1.28
1.28
1.28
1.28
1.28
1.28
1.28
1.28
1.27935
1.28
1.28
1.28
1.28
1.28
1.28
1.28
1.28
1.28
1.27947
1.28
1.28
1.28
1.28
1.28
1.28
1.28
1.28
1.28
1.2796
1.28
1.28
1.28
1.28
1.28
1.28
1.28
1.28
1.28
1.27974
1.28
1.28
1.28
1.28
1.28
1.28
1.28
1.28
1.28
1.2799
1.28
1.28
1.28
1.28
1.28
1.28
1.28
1.28
1.28
1.27886
1.27999
1.28
1.28
1.28
1.28
1.28
1.28
1.28
1.28
1.27896
1.27999
1.28
1.28
1.28
1.28
1.28
1.28
1.28
1.28
1.27907
1.28
1.28
1.28
1.28
1.28
1.28
1.28
1.28
1.28
1.27918
1.28
1.28
1.28
1.28
1.28
1.28
1.28
1.28
1.28
1.2793
1.28
1.28
1.28
1.28
1.28
1.28
1.28
1.28
1.28
1.27941
1.28
1.28
1.28
1.28
1.28
1.28
1.28
1.28
1.28
1.27953
1.28
1.28
1.28
1.28
1.28
1.28
1.28
1.28
1.28
1.27965
1.28
1.28
1.28
1.28
1.28
1.28
1.28
1.28
1.28
1.27978
1.28
1.28
1.28
1.28
1.28
1.28
1.28
1.28
1.28
1.27992
1.28
1.28
1.28
1.28
1.28
1.28
1.28
1.28
1.28
1.27895
1.27999
1.28
1.28
1.28
1.28
1.28
1.28
1.28
1.28
1.27905
1.27999
1.28
1.28
1.28
1.28
1.28
1.28
1.28
1.28
1.27915
1.28
1.28
1.28
1.28
1.28
1.28
1.28
1.28
1.28
1.27926
1.28
1.28
1.28
1.28
1.28
1.28
1.28
1.28
1.28
1.27937
1.28
1.28
1.28
1.28
1.28
1.28
1.28
1.28
1.28
1.27948
1.28
1.28
1.28
1.28
1.28
1.28
1.28
1.28
1.28
1.27959
1.28
1.28
1.28
1.28
1.28
1.28
1.28
1.28
1.28
1.2797
1.28
1.28
1.28
1.28
1.28
1.28
1.28
1.28
1.28
1.27982
1.28
1.28
1.28
1.28
1.28
1.28
1.28
1.28
1.28
1.27994
1.28
1.28
1.28
1.28
1.28
1.28
1.28
1.28
1.28
1.27901
1.28
1.28
1.28
1.28
1.28
1.28
1.28
1.28
1.28
1.27911
1.28
1.28
1.28
1.28
1.28
1.28
1.28
1.28
1.28
1.2792
1.28
1.28
1.28
1.28
1.28
1.28
1.28
1.28
1.28
1.2793
1.28
1.28
1.28
1.28
1.28
1.28
1.28
1.28
1.28
1.27941
1.28
1.28
1.28
1.28
1.28
1.28
1.28
1.28
1.28
1.27951
1.28
1.28
1.28
1.28
1.28
1.28
1.28
1.28
1.28
1.27962
1.28
1.28
1.28
1.28
1.28
1.28
1.28
1.28
1.28
1.27972
1.28
1.28
1.28
1.28
1.28
1.28
1.28
1.28
1.28
1.27983
1.28
1.28
1.28
1.28
1.28
1.28
1.28
1.28
1.28
1.27994
1.28
1.28
1.28
1.28
1.28
1.28
1.28
1.28
1.28
1.27901
1.28
1.28
1.28
1.28
1.28
1.28
1.28
1.28
1.28
1.2791
1.28
1.28
1.28
1.28
1.28
1.28
1.28
1.28
1.28
1.27919
1.28
1.28
1.28
1.28
1.28
1.28
1.28
1.28
1.28
1.27929
1.28
1.28
1.28
1.28
1.28
1.28
1.28
1.28
1.28
1.2794
1.28
1.28
1.28
1.28
1.28
1.28
1.28
1.28
1.28
1.2795
1.28
1.28
1.28
1.28
1.28
1.28
1.28
1.28
1.28
1.27961
1.28
1.28
1.28
1.28
1.28
1.28
1.28
1.28
1.28
1.27971
1.28
1.28
1.28
1.28
1.28
1.28
1.28
1.28
1.28
1.27983
1.28
1.28
1.28
1.28
1.28
1.28
1.28
1.28
1.28
1.27994
1.28
1.28
1.28
1.28
1.28
1.28
1.28
1.28
1.28
1.27885
1.28002
1.28002
1.28002
1.28002
1.28002
1.28002
1.28002
1.28002
1.28002
1.27896
1.28001
1.28002
1.28002
1.28002
1.28001
1.28001
1.28001
1.28001
1.28002
1.27907
1.28001
1.28001
1.28001
1.28001
1.28001
1.28001
1.28001
1.28001
1.28002
1.27918
1.28
1.28001
1.28001
1.28001
1.28001
1.28001
1.28001
1.28001
1.28002
1.2793
1.28
1.28
1.28
1.28001
1.28001
1.28001
1.28001
1.28001
1.28002
1.27941
1.28
1.28
1.28
1.28
1.28
1.28
1.28
1.28
1.28001
1.27954
1.27999
1.28
1.28
1.28
1.28
1.28
1.28
1.28
1.28001
1.27966
1.27999
1.27999
1.28
1.28
1.28
1.28
1.28
1.28
1.28001
1.27979
1.27999
1.27999
1.27999
1.27999
1.27999
1.27999
1.28
1.28
1.28
1.27992
1.27999
1.27999
1.27999
1.27999
1.27999
1.27999
1.27999
1.27999
1.27999
1.27837
1.27992
1.27994
1.27995
1.27996
1.27997
1.27997
1.27998
1.27998
1.28028
1.27853
1.27993
1.27994
1.27995
1.27995
1.27996
1.27996
1.27996
1.27997
1.28024
1.27869
1.27993
1.27994
1.27995
1.27995
1.27996
1.27996
1.27996
1.27997
1.28022
1.27886
1.27994
1.27995
1.27995
1.27996
1.27996
1.27996
1.27996
1.27997
1.2802
1.27902
1.27994
1.27995
1.27995
1.27996
1.27996
1.27996
1.27996
1.27997
1.28018
1.27918
1.27995
1.27995
1.27996
1.27996
1.27996
1.27996
1.27996
1.27997
1.28015
1.27935
1.27995
1.27995
1.27996
1.27996
1.27996
1.27996
1.27996
1.27996
1.28011
1.27952
1.27995
1.27995
1.27996
1.27996
1.27996
1.27996
1.27996
1.27996
1.28008
1.27969
1.27995
1.27995
1.27996
1.27996
1.27996
1.27996
1.27996
1.27996
1.28003
1.27986
1.27995
1.27994
1.27994
1.27993
1.27993
1.27992
1.27992
1.27991
1.27994
1.28028
1.27998
1.27998
1.27997
1.27997
1.27996
1.27995
1.27994
1.27992
1.27837
1.28024
1.27997
1.27996
1.27996
1.27996
1.27995
1.27995
1.27994
1.27993
1.27853
1.28022
1.27997
1.27996
1.27996
1.27996
1.27995
1.27995
1.27994
1.27993
1.27869
1.2802
1.27997
1.27996
1.27996
1.27996
1.27996
1.27995
1.27995
1.27994
1.27886
1.28018
1.27997
1.27996
1.27996
1.27996
1.27996
1.27995
1.27995
1.27994
1.27902
1.28015
1.27997
1.27996
1.27996
1.27996
1.27996
1.27996
1.27995
1.27995
1.27918
1.28011
1.27996
1.27996
1.27996
1.27996
1.27996
1.27996
1.27995
1.27995
1.27935
1.28008
1.27996
1.27996
1.27996
1.27996
1.27996
1.27996
1.27995
1.27995
1.27952
1.28003
1.27996
1.27996
1.27996
1.27996
1.27996
1.27996
1.27995
1.27995
1.27969
1.27994
1.27991
1.27992
1.27992
1.27993
1.27993
1.27994
1.27994
1.27995
1.27986
1.28002
1.28002
1.28002
1.28002
1.28002
1.28002
1.28002
1.28002
1.28002
1.27885
1.28002
1.28001
1.28001
1.28001
1.28001
1.28002
1.28002
1.28002
1.28001
1.27896
1.28002
1.28001
1.28001
1.28001
1.28001
1.28001
1.28001
1.28001
1.28001
1.27907
1.28002
1.28001
1.28001
1.28001
1.28001
1.28001
1.28001
1.28001
1.28
1.27918
1.28002
1.28001
1.28001
1.28001
1.28001
1.28001
1.28
1.28
1.28
1.2793
1.28001
1.28
1.28
1.28
1.28
1.28
1.28
1.28
1.28
1.27941
1.28001
1.28
1.28
1.28
1.28
1.28
1.28
1.28
1.27999
1.27954
1.28001
1.28
1.28
1.28
1.28
1.28
1.28
1.27999
1.27999
1.27966
1.28
1.28
1.28
1.27999
1.27999
1.27999
1.27999
1.27999
1.27999
1.27979
1.27999
1.27999
1.27999
1.27999
1.27999
1.27999
1.27999
1.27999
1.27999
1.27992
1.28
1.28
1.28
1.28
1.28
1.28
1.28
1.28
1.28
1.27901
1.28
1.28
1.28
1.28
1.28
1.28
1.28
1.28
1.28
1.2791
1.28
1.28
1.28
1.28
1.28
1.28
1.28
1.28
1.28
1.27919
1.28
1.28
1.28
1.28
1.28
1.28
1.28
1.28
1.28
1.27929
1.28
1.28
1.28
1.28
1.28
1.28
1.28
1.28
1.28
1.2794
1.28
1.28
1.28
1.28
1.28
1.28
1.28
1.28
1.28
1.2795
1.28
1.28
1.28
1.28
1.28
1.28
1.28
1.28
1.28
1.27961
1.28
1.28
1.28
1.28
1.28
1.28
1.28
1.28
1.28
1.27971
1.28
1.28
1.28
1.28
1.28
1.28
1.28
1.28
1.28
1.27983
1.28
1.28
1.28
1.28
1.28
1.28
1.28
1.28
1.28
1.27994
1.28
1.28
1.28
1.28
1.28
1.28
1.28
1.28
1.28
1.27901
1.28
1.28
1.28
1.28
1.28
1.28
1.28
1.28
1.28
1.27911
1.28
1.28
1.28
1.28
1.28
1.28
1.28
1.28
1.28
1.2792
1.28
1.28
1.28
1.28
1.28
1.28
1.28
1.28
1.28
1.2793
1.28
1.28
1.28
1.28
1.28
1.28
1.28
1.28
1.28
1.27941
1.28
1.28
1.28
1.28
1.28
1.28
1.28
1.28
1.28
1.27951
1.28
1.28
1.28
1.28
1.28
1.28
1.28
1.28
1.28
1.27962
1.28
1.28
1.28
1.28
1.28
1.28
1.28
1.28
1.28
1.27972
1.28
1.28
1.28
1.28
1.28
1.28
1.28
1.28
1.28
1.27983
1.28
1.28
1.28
1.28
1.28
1.28
1.28
1.28
1.28
1.27994
1.28
1.28
1.28
1.28
1.28
1.28
1.28
1.28
1.27999
1.27895
1.28
1.28
1.28
1.28
1.28
1.28
1.28
1.28
1.27999
1.27905
1.28
1.28
1.28
1.28
1.28
1.28
1.28
1.28
1.28
1.27915
1.28
1.28
1.28
1.28
1.28
1.28
1.28
1.28
1.28
1.27926
1.28
1.28
1.28
1.28
1.28
1.28
1.28
1.28
1.28
1.27937
1.28
1.28
1.28
1.28
1.28
1.28
1.28
1.28
1.28
1.27948
1.28
1.28
1.28
1.28
1.28
1.28
1.28
1.28
1.28
1.27959
1.28
1.28
1.28
1.28
1.28
1.28
1.28
1.28
1.28
1.2797
1.28
1.28
1.28
1.28
1.28
1.28
1.28
1.28
1.28
1.27982
1.28
1.28
1.28
1.28
1.28
1.28
1.28
1.28
1.28
1.27994
1.28
1.28
1.28
1.28
1.28
1.28
1.28
1.28
1.27999
1.27886
1.28
1.28
1.28
1.28
1.28
1.28
1.28
1.28
1.27999
1.27896
1.28
1.28
1.28
1.28
1.28
1.28
1.28
1.28
1.28
1.27907
1.28
1.28
1.28
1.28
1.28
1.28
1.28
1.28
1.28
1.27918
1.28
1.28
1.28
1.28
1.28
1.28
1.28
1.28
1.28
1.2793
1.28
1.28
1.28
1.28
1.28
1.28
1.28
1.28
1.28
1.27941
1.28
1.28
1.28
1.28
1.28
1.28
1.28
1.28
1.28
1.27953
1.28
1.28
1.28
1.28
1.28
1.28
1.28
1.28
1.28
1.27965
1.28
1.28
1.28
1.28
1.28
1.28
1.28
1.28
1.28
1.27978
1.28
1.28
1.28
1.28
1.28
1.28
1.28
1.28
1.28
1.27992
1.28
1.28
1.28
1.28
1.28
1.28
1.28
1.28
1.27999
1.27881
1.28
1.28
1.28
1.28
1.28
1.28
1.28
1.28
1.27999
1.27892
1.28
1.28
1.28
1.28
1.28
1.28
1.28
1.28
1.28
1.27903
1.28
1.28
1.28
1.28
1.28
1.28
1.28
1.28
1.28
1.27913
1.28
1.28
1.28
1.28
1.28
1.28
1.28
1.28
1.28
1.27924
1.28
1.28
1.28
1.28
1.28
1.28
1.28
1.28
1.28
1.27935
1.28
1.28
1.28
1.28
1.28
1.28
1.28
1.28
1.28
1.27947
1.28
1.28
1.28
1.28
1.28
1.28
1.28
1.28
1.28
1.2796
1.28
1.28
1.28
1.28
1.28
1.28
1.28
1.28
1.28
1.27974
1.28
1.28
1.28
1.28
1.28
1.28
1.28
1.28
1.28
1.2799
1.28
1.28
1.28
1.28
1.28
1.28
1.28
1.28
1.28
1.27908
1.28
1.28
1.28
1.28
1.28
1.28
1.28
1.28
1.28
1.27917
1.28
1.28
1.28
1.28
1.28
1.28
1.28
1.28
1.28
1.27925
1.28
1.28
1.28
1.28
1.28
1.28
1.28
1.28
1.28
1.27934
1.28
1.28
1.28
1.28
1.28
1.28
1.28
1.28
1.28
1.27942
1.28
1.28
1.28
1.28
1.28
1.28
1.28
1.28
1.28
1.27951
1.28
1.28
1.28
1.28
1.28
1.28
1.28
1.28
1.28
1.2796
1.28
1.28
1.28
1.28
1.28
1.28
1.28
1.28
1.28
1.27969
1.28
1.28
1.28
1.28
1.28
1.28
1.28
1.28
1.28
1.27979
1.28
1.28
1.28
1.28
1.28
1.28
1.28
1.28
1.28
1.27993
1.28
1.28
1.28
1.28
1.28
1.28
1.28
1.28
1.28001
1.28027
1.28
1.28
1.28
1.28
1.28
1.28
1.28
1.28
1.28001
1.28029
1.28
1.28
1.28
1.28
1.28
1.28
1.28
1.28
1.28
1.2803
1.28
1.28
1.28
1.28
1.28
1.28
1.28
1.28
1.28
1.28039
1.28
1.28
1.28
1.28
1.28
1.28
1.28
1.28
1.28
1.28047
1.28
1.28
1.28
1.28
1.28
1.28
1.28
1.28
1.28
1.28054
1.28
1.28
1.28
1.28
1.28
1.28
1.28
1.28
1.28
1.2806
1.28
1.28
1.28
1.28
1.28
1.28
1.28
1.28
1.28
1.28062
1.28
1.28
1.28
1.28
1.28
1.28
1.28
1.28
1.28
1.28059
1.28001
1.28
1.28
1.28
1.28
1.28
1.28
1.28
1.28
1.28049
1.28
1.28
1.28
1.28
1.28
1.28
1.28
1.28
1.28001
1.2825
1.28
1.28
1.28
1.28
1.28
1.28
1.28
1.28
1.28001
1.28245
1.28
1.28
1.28
1.28
1.28
1.28
1.28
1.28
1.28001
1.28233
1.28
1.28
1.28
1.28
1.28
1.28
1.28
1.28
1.28001
1.28254
1.28
1.28
1.28
1.28
1.28
1.28
1.28
1.28
1.28001
1.28276
1.28
1.28
1.28
1.28
1.28
1.28
1.28
1.28
1.28001
1.28299
1.28
1.28
1.28
1.28
1.28
1.28
1.28
1.28
1.28002
1.28325
1.28
1.28
1.28
1.28
1.28
1.28
1.28
1.28
1.28002
1.28355
1.28
1.28
1.28
1.28
1.28
1.28
1.28
1.28
1.28002
1.28389
1.28009
1.28002
1.28
1.28
1.28
1.28
1.28
1.28
1.28002
1.28424
1.28
1.28
1.28
1.28
1.28
1.28
1.28
1.28
1.27998
1.28053
1.28
1.28
1.28
1.28
1.28
1.28
1.28
1.28
1.28
1.2806
1.28
1.28
1.28
1.28
1.28
1.28
1.28
1.28
1.28002
1.28077
1.28
1.28
1.28
1.28
1.28
1.28
1.28
1.28
1.28005
1.28083
1.28
1.28
1.28
1.28
1.28
1.28
1.28
1.28
1.28008
1.28089
1.28
1.28
1.28
1.28
1.28
1.28
1.28
1.28
1.28011
1.28095
1.28
1.28
1.28
1.28
1.28
1.28
1.28
1.28
1.28014
1.28103
1.28
1.28
1.28
1.28
1.28
1.28
1.28
1.28
1.28018
1.28139
1.28
1.28
1.28
1.28
1.28
1.28
1.28
1.28
1.28022
1.28168
1.28046
1.28014
1.28002
1.28
1.28
1.28
1.28
1.28
1.28026
1.28194
1.28
1.28
1.28
1.28
1.28
1.28
1.28
1.28
1.28003
1.28089
1.28
1.28
1.28
1.28
1.28
1.28
1.28
1.28
1.28006
1.28097
1.28
1.28
1.28
1.28
1.28
1.28
1.28
1.28
1.28009
1.28098
1.28
1.28
1.28
1.28
1.28
1.28
1.28
1.28
1.28013
1.281
1.28
1.28
1.28
1.28
1.28
1.28
1.28
1.28
1.28017
1.28132
1.28
1.28
1.28
1.28
1.28
1.28
1.28
1.28
1.28022
1.28161
1.28
1.28
1.28
1.28
1.28
1.28
1.28
1.28
1.28027
1.28185
1.28
1.28
1.28
1.28
1.28
1.28
1.28
1.28
1.28032
1.28175
1.28
1.28
1.28
1.28
1.28
1.28
1.28
1.28
1.28038
1.28172
1.28019
1.27999
1.28
1.28
1.28
1.28
1.28
1.28
1.28044
1.28172
1.28
1.28
1.28
1.28
1.28
1.28
1.28
1.28
1.28009
1.28088
1.28
1.28
1.28
1.28
1.28
1.28
1.28
1.28
1.28013
1.28092
1.28
1.28
1.28
1.28
1.28
1.28
1.28
1.28
1.28018
1.2813
1.28
1.28
1.28
1.28
1.28
1.28
1.28
1.28
1.28023
1.2816
1.28
1.28
1.28
1.28
1.28
1.28
1.28
1.28
1.28029
1.28152
1.28
1.28
1.28
1.28
1.28
1.28
1.28
1.28
1.28035
1.28147
1.28
1.28
1.28
1.28
1.28
1.28
1.28
1.28
1.28042
1.28145
1.28
1.28
1.28
1.28
1.28
1.28
1.28
1.28
1.2805
1.28146
1.28
1.28
1.28
1.28
1.28
1.28
1.28
1.28001
1.28059
1.28148
1.27999
1.27999
1.28
1.28
1.28
1.28
1.28
1.28001
1.28069
1.28152
1.28
1.28
1.28
1.28
1.28
1.28
1.28
1.28
1.28015
1.28108
1.28
1.28
1.28
1.28
1.28
1.28
1.28
1.28
1.28021
1.28135
1.28
1.28
1.28
1.28
1.28
1.28
1.28
1.28
1.28027
1.2812
1.28
1.28
1.28
1.28
1.28
1.28
1.28
1.28
1.28034
1.28113
1.28
1.28
1.28
1.28
1.28
1.28
1.28
1.28001
1.28042
1.2811
1.28
1.28
1.28
1.28
1.28
1.28
1.28
1.28001
1.28051
1.28108
1.28
1.28
1.28
1.28
1.28
1.28
1.28
1.28001
1.28061
1.28108
1.28
1.28
1.28
1.28
1.28
1.28
1.28
1.28001
1.28073
1.2811
1.28
1.28
1.28
1.28
1.28
1.28
1.28
1.28002
1.28086
1.28114
1.27996
1.27999
1.28
1.28
1.28
1.28
1.28
1.28002
1.28102
1.28118
1.28
1.28
1.28
1.28
1.28
1.28
1.28
1.28
1.28021
1.28088
1.28
1.28
1.28
1.28
1.28
1.28
1.28
1.28
1.28027
1.28076
1.28
1.28
1.28
1.28
1.28
1.28
1.28
1.28001
1.28035
1.28067
1.28
1.28
1.28
1.28
1.28
1.28
1.28
1.28001
1.28044
1.28061
1.28
1.28
1.28
1.28
1.28
1.28
1.28
1.28001
1.28054
1.28055
1.28
1.28
1.28
1.28
1.28
1.28
1.28
1.28001
1.28066
1.28051
1.28
1.28
1.28
1.28
1.28
1.28
1.28
1.28002
1.28081
1.28048
1.28
1.28
1.28
1.28
1.28
1.28
1.28
1.28002
1.28098
1.28046
1.28
1.28
1.28
1.28
1.28
1.28
1.28
1.28003
1.28118
1.28047
1.27995
1.27999
1.28
1.28
1.28
1.28
1.28
1.28004
1.28142
1.28048
1.28
1.28
1.28
1.28
1.28
1.28
1.28
1.28
1.28023
1.28028
1.28
1.28
1.28
1.28
1.28
1.28
1.28
1.28001
1.28031
1.28013
1.28
1.28
1.28
1.28
1.28
1.28
1.28
1.28001
1.28039
1.27999
1.28
1.28
1.28
1.28
1.28
1.28
1.28
1.28001
1.28049
1.27986
1.28
1.28
1.28
1.28
1.28
1.28
1.28
1.28002
1.28062
1.27972
1.28
1.28
1.28
1.28
1.28
1.28
1.28
1.28002
1.28077
1.27958
1.28
1.28
1.28
1.28
1.28
1.28
1.28
1.28003
1.28096
1.27944
1.28
1.28
1.28
1.28
1.28
1.28
1.28
1.28004
1.28118
1.27931
1.28
1.28
1.28
1.28
1.28
1.28
1.28
1.28005
1.28146
1.27918
1.27995
1.27999
1.28
1.28
1.28
1.28
1.28
1.28007
1.2818
1.27904
1.28
1.28
1.28
1.28
1.28
1.28
1.28
1.28
1.28021
1.2796
1.28
1.28
1.28
1.28
1.28
1.28
1.28
1.28001
1.28028
1.27935
1.28
1.28
1.28
1.28
1.28
1.28
1.28
1.28001
1.28036
1.27909
1.28
1.28
1.28
1.28
1.28
1.28
1.28
1.28001
1.28046
1.27882
1.28
1.28
1.28
1.28
1.28
1.28
1.28
1.28002
1.28058
1.27851
1.28
1.28
1.28
1.28
1.28
1.28
1.28
1.28003
1.28074
1.27818
1.28
1.28
1.28
1.28
1.28
1.28
1.28
1.28004
1.28094
1.27781
1.28
1.28
1.28
1.28
1.28
1.28
1.28
1.28005
1.28118
1.27739
1.28
1.28
1.28
1.28
1.28
1.28
1.28
1.28007
1.2815
1.27694
1.27996
1.27999
1.28
1.28
1.28
1.28
1.28
1.2801
1.2819
1.27642
1.28
1.28
1.28
1.28
1.28
1.28
1.28
1.28
1.28013
1.27884
1.28
1.28
1.28
1.28
1.28
1.28
1.28
1.28001
1.28018
1.27845
1.28
1.28
1.28
1.28
1.28
1.28
1.28
1.28001
1.28023
1.27803
1.28
1.28
1.28
1.28
1.28
1.28
1.28
1.28001
1.28029
1.27756
1.28
1.28
1.28
1.28
1.28
1.28
1.28
1.28002
1.28038
1.277
1.28
1.28
1.28
1.28
1.28
1.28
1.28
1.28002
1.28049
1.27636
1.28
1.28
1.28
1.28
1.28
1.28
1.28
1.28003
1.28062
1.27561
1.28
1.28
1.28
1.28
1.28
1.28
1.28
1.28005
1.2808
1.27473
1.28
1.28
1.28
1.28
1.28
1.28
1.28
1.28007
1.28103
1.27369
1.27997
1.28
1.28
1.28
1.28
1.28
1.28
1.28011
1.28133
1.27241
1.28
1.28
1.28
1.28
1.28
1.28
1.28
1.28
1.28003
1.27816
1.28
1.28
1.28
1.28
1.28
1.28
1.28
1.28
1.28003
1.27763
1.28
1.28
1.28
1.28
1.28
1.28
1.28
1.28
1.28004
1.27704
1.28
1.28
1.28
1.28
1.28
1.28
1.28
1.28
1.28004
1.27634
1.28
1.28
1.28
1.28
1.28
1.28
1.28
1.28001
1.28005
1.27552
1.28
1.28
1.28
1.28
1.28
1.28
1.28
1.28001
1.28005
1.27454
1.28
1.28
1.28
1.28
1.28
1.28
1.28
1.28001
1.28006
1.27335
1.28
1.28
1.28
1.28
1.28
1.28
1.28
1.28002
1.28006
1.27191
1.28
1.28
1.28
1.28
1.28
1.28
1.28
1.28003
1.28004
1.27013
1.28002
1.28
1.28
1.28
1.28
1.28
1.28
1.28004
1.28
1.26787
1.28
1.28
1.28
1.28
1.28
1.28
1.28
1.28
1.27994
1.27774
1.28
1.28
1.28
1.28
1.28
1.28
1.28
1.28
1.27992
1.27712
1.28
1.28
1.28
1.28
1.28
1.28
1.28
1.28
1.27989
1.27642
1.28
1.28
1.28
1.28
1.28
1.28
1.28
1.28
1.27984
1.27558
1.28
1.28
1.28
1.28
1.28
1.28
1.28
1.27999
1.27978
1.27458
1.28
1.28
1.28
1.28
1.28
1.28
1.28
1.27999
1.2797
1.27337
1.28
1.28
1.28
1.28
1.28
1.28
1.28
1.27998
1.27958
1.27189
1.28
1.28
1.28
1.28
1.28
1.28
1.28
1.27997
1.2794
1.27006
1.28
1.28
1.28
1.28
1.28
1.28
1.28
1.27996
1.27913
1.26777
1.28026
1.28003
1.28
1.28
1.28
1.28
1.28
1.27992
1.27873
1.26482
1.28
1.28
1.28
1.28
1.28
1.28
1.28
1.28
1.27994
1.27773
1.28
1.28
1.28
1.28
1.28
1.28
1.28
1.28
1.27992
1.27711
1.28
1.28
1.28
1.28
1.28
1.28
1.28
1.28
1.27989
1.27641
1.28
1.28
1.28
1.28
1.28
1.28
1.28
1.28
1.27984
1.27557
1.28
1.28
1.28
1.28
1.28
1.28
1.28
1.27999
1.27978
1.27457
1.28
1.28
1.28
1.28
1.28
1.28
1.28
1.27999
1.2797
1.27336
1.28
1.28
1.28
1.28
1.28
1.28
1.28
1.27998
1.27958
1.27188
1.28
1.28
1.28
1.28
1.28
1.28
1.28
1.27997
1.2794
1.27006
1.28
1.28
1.28
1.28
1.28
1.28
1.28
1.27996
1.27913
1.26777
1.28026
1.28003
1.28
1.28
1.28
1.28
1.28
1.27992
1.27873
1.26482
1.28
1.28
1.28
1.28
1.28
1.28
1.28
1.28
1.28002
1.27815
1.28
1.28
1.28
1.28
1.28
1.28
1.28
1.28
1.28003
1.27762
1.28
1.28
1.28
1.28
1.28
1.28
1.28
1.28
1.28004
1.27703
1.28
1.28
1.28
1.28
1.28
1.28
1.28
1.28
1.28004
1.27633
1.28
1.28
1.28
1.28
1.28
1.28
1.28
1.28001
1.28005
1.27551
1.28
1.28
1.28
1.28
1.28
1.28
1.28
1.28001
1.28005
1.27453
1.28
1.28
1.28
1.28
1.28
1.28
1.28
1.28001
1.28006
1.27334
1.28
1.28
1.28
1.28
1.28
1.28
1.28
1.28002
1.28005
1.2719
1.28
1.28
1.28
1.28
1.28
1.28
1.28
1.28003
1.28004
1.27013
1.28002
1.28
1.28
1.28
1.28
1.28
1.28
1.28004
1.28
1.26787
1.28
1.28
1.28
1.28
1.28
1.28
1.28
1.28
1.28014
1.27883
1.28
1.28
1.28
1.28
1.28
1.28
1.28
1.28001
1.28018
1.27844
1.28
1.28
1.28
1.28
1.28
1.28
1.28
1.28001
1.28023
1.27802
1.28
1.28
1.28
1.28
1.28
1.28
1.28
1.28001
1.28029
1.27755
1.28
1.28
1.28
1.28
1.28
1.28
1.28
1.28002
1.28038
1.27699
1.28
1.28
1.28
1.28
1.28
1.28
1.28
1.28002
1.28049
1.27635
1.28
1.28
1.28
1.28
1.28
1.28
1.28
1.28003
1.28062
1.27561
1.28
1.28
1.28
1.28
1.28
1.28
1.28
1.28005
1.2808
1.27473
1.28
1.28
1.28
1.28
1.28
1.28
1.28
1.28007
1.28103
1.27368
1.27997
1.28
1.28
1.28
1.28
1.28
1.28
1.28011
1.28133
1.27241
1.28
1.28
1.28
1.28
1.28
1.28
1.28
1.28
1.28021
1.27959
1.28
1.28
1.28
1.28
1.28
1.28
1.28
1.28001
1.28028
1.27934
1.28
1.28
1.28
1.28
1.28
1.28
1.28
1.28001
1.28036
1.27909
1.28
1.28
1.28
1.28
1.28
1.28
1.28
1.28001
1.28046
1.27881
1.28
1.28
1.28
1.28
1.28
1.28
1.28
1.28002
1.28059
1.27851
1.28
1.28
1.28
1.28
1.28
1.28
1.28
1.28003
1.28074
1.27817
1.28
1.28
1.28
1.28
1.28
1.28
1.28
1.28004
1.28094
1.2778
1.28
1.28
1.28
1.28
1.28
1.28
1.28
1.28005
1.28119
1.27739
1.28
1.28
1.28
1.28
1.28
1.28
1.28
1.28007
1.2815
1.27694
1.27996
1.27999
1.28
1.28
1.28
1.28
1.28
1.2801
1.2819
1.27642
1.28
1.28
1.28
1.28
1.28
1.28
1.28
1.28
1.28024
1.28028
1.28
1.28
1.28
1.28
1.28
1.28
1.28
1.28001
1.28031
1.28013
1.28
1.28
1.28
1.28
1.28
1.28
1.28
1.28001
1.28039
1.27999
1.28
1.28
1.28
1.28
1.28
1.28
1.28
1.28001
1.2805
1.27985
1.28
1.28
1.28
1.28
1.28
1.28
1.28
1.28002
1.28062
1.27972
1.28
1.28
1.28
1.28
1.28
1.28
1.28
1.28002
1.28077
1.27958
1.28
1.28
1.28
1.28
1.28
1.28
1.28
1.28003
1.28096
1.27944
1.28
1.28
1.28
1.28
1.28
1.28
1.28
1.28004
1.28118
1.2793
1.28
1.28
1.28
1.28
1.28
1.28
1.28
1.28005
1.28146
1.27918
1.27995
1.27999
1.28
1.28
1.28
1.28
1.28
1.28007
1.2818
1.27904
1.28
1.28
1.28
1.28
1.28
1.28
1.28
1.28
1.28021
1.28088
1.28
1.28
1.28
1.28
1.28
1.28
1.28
1.28
1.28028
1.28076
1.28
1.28
1.28
1.28
1.28
1.28
1.28
1.28001
1.28035
1.28067
1.28
1.28
1.28
1.28
1.28
1.28
1.28
1.28001
1.28044
1.28061
1.28
1.28
1.28
1.28
1.28
1.28
1.28
1.28001
1.28054
1.28055
1.28
1.28
1.28
1.28
1.28
1.28
1.28
1.28001
1.28067
1.28051
1.28
1.28
1.28
1.28
1.28
1.28
1.28
1.28002
1.28081
1.28048
1.28
1.28
1.28
1.28
1.28
1.28
1.28
1.28002
1.28098
1.28046
1.28
1.28
1.28
1.28
1.28
1.28
1.28
1.28003
1.28118
1.28047
1.27995
1.27999
1.28
1.28
1.28
1.28
1.28
1.28004
1.28142
1.28048
1.28
1.28
1.28
1.28
1.28
1.28
1.28
1.28
1.28016
1.28109
1.28
1.28
1.28
1.28
1.28
1.28
1.28
1.28
1.28021
1.28135
1.28
1.28
1.28
1.28
1.28
1.28
1.28
1.28
1.28027
1.2812
1.28
1.28
1.28
1.28
1.28
1.28
1.28
1.28
1.28034
1.28113
1.28
1.28
1.28
1.28
1.28
1.28
1.28
1.28001
1.28042
1.2811
1.28
1.28
1.28
1.28
1.28
1.28
1.28
1.28001
1.28051
1.28108
1.28
1.28
1.28
1.28
1.28
1.28
1.28
1.28001
1.28061
1.28108
1.28
1.28
1.28
1.28
1.28
1.28
1.28
1.28001
1.28073
1.2811
1.28
1.28
1.28
1.28
1.28
1.28
1.28
1.28002
1.28086
1.28114
1.27996
1.27999
1.28
1.28
1.28
1.28
1.28
1.28002
1.28102
1.28118
1.28
1.28
1.28
1.28
1.28
1.28
1.28
1.28
1.28009
1.28089
1.28
1.28
1.28
1.28
1.28
1.28
1.28
1.28
1.28013
1.28093
1.28
1.28
1.28
1.28
1.28
1.28
1.28
1.28
1.28018
1.28131
1.28
1.28
1.28
1.28
1.28
1.28
1.28
1.28
1.28023
1.2816
1.28
1.28
1.28
1.28
1.28
1.28
1.28
1.28
1.28029
1.28152
1.28
1.28
1.28
1.28
1.28
1.28
1.28
1.28
1.28035
1.28147
1.28
1.28
1.28
1.28
1.28
1.28
1.28
1.28
1.28042
1.28145
1.28
1.28
1.28
1.28
1.28
1.28
1.28
1.28
1.2805
1.28146
1.28
1.28
1.28
1.28
1.28
1.28
1.28
1.28001
1.28059
1.28148
1.27999
1.27999
1.28
1.28
1.28
1.28
1.28
1.28001
1.28069
1.28152
1.28
1.28
1.28
1.28
1.28
1.28
1.28
1.28
1.28003
1.28089
1.28
1.28
1.28
1.28
1.28
1.28
1.28
1.28
1.28006
1.28097
1.28
1.28
1.28
1.28
1.28
1.28
1.28
1.28
1.28009
1.28099
1.28
1.28
1.28
1.28
1.28
1.28
1.28
1.28
1.28013
1.281
1.28
1.28
1.28
1.28
1.28
1.28
1.28
1.28
1.28017
1.28132
1.28
1.28
1.28
1.28
1.28
1.28
1.28
1.28
1.28022
1.28161
1.28
1.28
1.28
1.28
1.28
1.28
1.28
1.28
1.28027
1.28185
1.28
1.28
1.28
1.28
1.28
1.28
1.28
1.28
1.28032
1.28175
1.28
1.28
1.28
1.28
1.28
1.28
1.28
1.28
1.28038
1.28172
1.28019
1.27999
1.28
1.28
1.28
1.28
1.28
1.28
1.28044
1.28172
1.28
1.28
1.28
1.28
1.28
1.28
1.28
1.28
1.27998
1.28053
1.28
1.28
1.28
1.28
1.28
1.28
1.28
1.28
1.28
1.2806
1.28
1.28
1.28
1.28
1.28
1.28
1.28
1.28
1.28002
1.28077
1.28
1.28
1.28
1.28
1.28
1.28
1.28
1.28
1.28005
1.28083
1.28
1.28
1.28
1.28
1.28
1.28
1.28
1.28
1.28008
1.28089
1.28
1.28
1.28
1.28
1.28
1.28
1.28
1.28
1.28011
1.28095
1.28
1.28
1.28
1.28
1.28
1.28
1.28
1.28
1.28014
1.28103
1.28
1.28
1.28
1.28
1.28
1.28
1.28
1.28
1.28018
1.28139
1.28
1.28
1.28
1.28
1.28
1.28
1.28
1.28
1.28022
1.28168
1.28045
1.28014
1.28002
1.28
1.28
1.28
1.28
1.28
1.28026
1.28194
1.28
1.28
1.28
1.28
1.28
1.28
1.28
1.28
1.28001
1.2825
1.28
1.28
1.28
1.28
1.28
1.28
1.28
1.28
1.28001
1.28245
1.28
1.28
1.28
1.28
1.28
1.28
1.28
1.28
1.28001
1.28233
1.28
1.28
1.28
1.28
1.28
1.28
1.28
1.28
1.28001
1.28254
1.28
1.28
1.28
1.28
1.28
1.28
1.28
1.28
1.28001
1.28276
1.28
1.28
1.28
1.28
1.28
1.28
1.28
1.28
1.28001
1.28299
1.28
1.28
1.28
1.28
1.28
1.28
1.28
1.28
1.28002
1.28325
1.28
1.28
1.28
1.28
1.28
1.28
1.28
1.28
1.28002
1.28355
1.28
1.28
1.28
1.28
1.28
1.28
1.28
1.28
1.28002
1.28389
1.28009
1.28002
1.28
1.28
1.28
1.28
1.28
1.28
1.28002
1.28424
1.28
1.28
1.28
1.28
1.28
1.28
1.28
1.28
1.28001
1.28027
1.28
1.28
1.28
1.28
1.28
1.28
1.28
1.28
1.28001
1.28029
1.28
1.28
1.28
1.28
1.28
1.28
1.28
1.28
1.28
1.2803
1.28
1.28
1.28
1.28
1.28
1.28
1.28
1.28
1.28
1.28039
1.28
1.28
1.28
1.28
1.28
1.28
1.28
1.28
1.28
1.28047
1.28
1.28
1.28
1.28
1.28
1.28
1.28
1.28
1.28
1.28054
1.28
1.28
1.28
1.28
1.28
1.28
1.28
1.28
1.28
1.2806
1.28
1.28
1.28
1.28
1.28
1.28
1.28
1.28
1.28
1.28062
1.28
1.28
1.28
1.28
1.28
1.28
1.28
1.28
1.28
1.28059
1.28001
1.28
1.28
1.28
1.28
1.28
1.28
1.28
1.28
1.28049
1.28
1.28
1.28
1.28
1.28
1.28
1.28
1.28
1.28
1.27908
1.28
1.28
1.28
1.28
1.28
1.28
1.28
1.28
1.28
1.27917
1.28
1.28
1.28
1.28
1.28
1.28
1.28
1.28
1.28
1.27925
1.28
1.28
1.28
1.28
1.28
1.28
1.28
1.28
1.28
1.27934
1.28
1.28
1.28
1.28
1.28
1.28
1.28
1.28
1.28
1.27942
1.28
1.28
1.28
1.28
1.28
1.28
1.28
1.28
1.28
1.27951
1.28
1.28
1.28
1.28
1.28
1.28
1.28
1.28
1.28
1.2796
1.28
1.28
1.28
1.28
1.28
1.28
1.28
1.28
1.28
1.27969
1.28
1.28
1.28
1.28
1.28
1.28
1.28
1.28
1.28
1.27979
1.28
1.28
1.28
1.28
1.28
1.28
1.28
1.28
1.28
1.27993
1.28
1.28
1.28
1.28
1.28
1.28
1.28
1.28
1.27999
1.27881
1.28
1.28
1.28
1.28
1.28
1.28
1.28
1.28
1.27999
1.27892
1.28
1.28
1.28
1.28
1.28
1.28
1.28
1.28
1.28
1.27903
1.28
1.28
1.28
1.28
1.28
1.28
1.28
1.28
1.28
1.27913
1.28
1.28
1.28
1.28
1.28
1.28
1.28
1.28
1.28
1.27924
1.28
1.28
1.28
1.28
1.28
1.28
1.28
1.28
1.28
1.27935
1.28
1.28
1.28
1.28
1.28
1.28
1.28
1.28
1.28
1.27947
1.28
1.28
1.28
1.28
1.28
1.28
1.28
1.28
1.28
1.2796
1.28
1.28
1.28
1.28
1.28
1.28
1.28
1.28
1.28
1.27974
1.28
1.28
1.28
1.28
1.28
1.28
1.28
1.28
1.28
1.2799
1.28
1.28
1.28
1.28
1.28
1.28
1.28
1.28
1.27999
1.27886
1.28
1.28
1.28
1.28
1.28
1.28
1.28
1.28
1.27999
1.27896
1.28
1.28
1.28
1.28
1.28
1.28
1.28
1.28
1.28
1.27907
1.28
1.28
1.28
1.28
1.28
1.28
1.28
1.28
1.28
1.27918
1.28
1.28
1.28
1.28
1.28
1.28
1.28
1.28
1.28
1.2793
1.28
1.28
1.28
1.28
1.28
1.28
1.28
1.28
1.28
1.27941
1.28
1.28
1.28
1.28
1.28
1.28
1.28
1.28
1.28
1.27953
1.28
1.28
1.28
1.28
1.28
1.28
1.28
1.28
1.28
1.27965
1.28
1.28
1.28
1.28
1.28
1.28
1.28
1.28
1.28
1.27978
1.28
1.28
1.28
1.28
1.28
1.28
1.28
1.28
1.28
1.27992
1.28
1.28
1.28
1.28
1.28
1.28
1.28
1.28
1.27999
1.27895
1.28
1.28
1.28
1.28
1.28
1.28
1.28
1.28
1.27999
1.27905
1.28
1.28
1.28
1.28
1.28
1.28
1.28
1.28
1.28
1.27915
1.28
1.28
1.28
1.28
1.28
1.28
1.28
1.28
1.28
1.27926
1.28
1.28
1.28
1.28
1.28
1.28
1.28
1.28
1.28
1.27937
1.28
1.28
1.28
1.28
1.28
1.28
1.28
1.28
1.28
1.27948
1.28
1.28
1.28
1.28
1.28
1.28
1.28
1.28
1.28
1.27959
1.28
1.28
1.28
1.28
1.28
1.28
1.28
1.28
1.28
1.2797
1.28
1.28
1.28
1.28
1.28
1.28
1.28
1.28
1.28
1.27982
1.28
1.28
1.28
1.28
1.28
1.28
1.28
1.28
1.28
1.27994
1.28
1.28
1.28
1.28
1.28
1.28
1.28
1.28
1.28
1.27901
1.28
1.28
1.28
1.28
1.28
1.28
1.28
1.28
1.28
1.27911
1.28
1.28
1.28
1.28
1.28
1.28
1.28
1.28
1.28
1.2792
1.28
1.28
1.28
1.28
1.28
1.28
1.28
1.28
1.28
1.2793
1.28
1.28
1.28
1.28
1.28
1.28
1.28
1.28
1.28
1.27941
1.28
1.28
1.28
1.28
1.28
1.28
1.28
1.28
1.28
1.27951
1.28
1.28
1.28
1.28
1.28
1.28
1.28
1.28
1.28
1.27962
1.28
1.28
1.28
1.28
1.28
1.28
1.28
1.28
1.28
1.27972
1.28
1.28
1.28
1.28
1.28
1.28
1.28
1.28
1.28
1.27983
1.28
1.28
1.28
1.28
1.28
1.28
1.28
1.28
1.28
1.27994
1.28
1.28
1.28
1.28
1.28
1.28
1.28
1.28
1.28
1.27901
1.28
1.28
1.28
1.28
1.28
1.28
1.28
1.28
1.28
1.2791
1.28
1.28
1.28
1.28
1.28
1.28
1.28
1.28
1.28
1.27919
1.28
1.28
1.28
1.28
1.28
1.28
1.28
1.28
1.28
1.27929
1.28
1.28
1.28
1.28
1.28
1.28
1.28
1.28
1.28
1.2794
1.28
1.28
1.28
1.28
1.28
1.28
1.28
1.28
1.28
1.2795
1.28
1.28
1.28
1.28
1.28
1.28
1.28
1.28
1.28
1.27961
1.28
1.28
1.28
1.28
1.28
1.28
1.28
1.28
1.28
1.27971
1.28
1.28
1.28
1.28
1.28
1.28
1.28
1.28
1.28
1.27983
1.28
1.28
1.28
1.28
1.28
1.28
1.28
1.28
1.28
1.27994
1.28002
1.28002
1.28002
1.28002
1.28002
1.28002
1.28002
1.28002
1.28002
1.27885
1.28002
1.28001
1.28001
1.28001
1.28001
1.28002
1.28002
1.28002
1.28001
1.27896
1.28002
1.28001
1.28001
1.28001
1.28001
1.28001
1.28001
1.28001
1.28001
1.27907
1.28002
1.28001
1.28001
1.28001
1.28001
1.28001
1.28001
1.28001
1.28
1.27918
1.28002
1.28001
1.28001
1.28001
1.28001
1.28001
1.28
1.28
1.28
1.2793
1.28001
1.28
1.28
1.28
1.28
1.28
1.28
1.28
1.28
1.27941
1.28001
1.28
1.28
1.28
1.28
1.28
1.28
1.28
1.27999
1.27954
1.28001
1.28
1.28
1.28
1.28
1.28
1.28
1.27999
1.27999
1.27966
1.28
1.28
1.28
1.27999
1.27999
1.27999
1.27999
1.27999
1.27999
1.27979
1.27999
1.27999
1.27999
1.27999
1.27999
1.27999
1.27999
1.27999
1.27999
1.27992
1.28028
1.27998
1.27998
1.27997
1.27997
1.27996
1.27995
1.27994
1.27992
1.27837
1.28024
1.27997
1.27996
1.27996
1.27996
1.27995
1.27995
1.27994
1.27993
1.27853
1.28022
1.27997
1.27996
1.27996
1.27996
1.27995
1.27995
1.27994
1.27993
1.27869
1.2802
1.27997
1.27996
1.27996
1.27996
1.27996
1.27995
1.27995
1.27994
1.27886
1.28018
1.27997
1.27996
1.27996
1.27996
1.27996
1.27995
1.27995
1.27994
1.27902
1.28015
1.27997
1.27996
1.27996
1.27996
1.27996
1.27996
1.27995
1.27995
1.27918
1.28011
1.27996
1.27996
1.27996
1.27996
1.27996
1.27996
1.27995
1.27995
1.27935
1.28008
1.27996
1.27996
1.27996
1.27996
1.27996
1.27996
1.27995
1.27995
1.27952
1.28003
1.27996
1.27996
1.27996
1.27996
1.27996
1.27996
1.27995
1.27995
1.27969
1.27994
1.27991
1.27992
1.27992
1.27993
1.27993
1.27994
1.27994
1.27995
1.27986
1.28
1.28
1.28
1.28
1.28
1.28
1.28
1.28
1.28
1.27891
1.28
1.28
1.28
1.28
1.28
1.28
1.28
1.28
1.28
1.27975
1.28
1.28
1.28
1.28
1.28
1.28
1.28
1.28
1.28
1.27989
1.28
1.28
1.28
1.28
1.28
1.28
1.28
1.28
1.28
1.27991
1.28
1.28
1.28
1.28
1.28
1.28
1.28
1.28
1.28
1.27992
1.28
1.28
1.28
1.28
1.28
1.28
1.28
1.28
1.28
1.27992
1.28
1.28
1.28
1.28
1.28
1.28
1.28
1.28
1.28
1.27991
1.28
1.28
1.28
1.28
1.28
1.28
1.28
1.28
1.28
1.27989
1.28
1.28
1.28
1.28
1.28
1.28
1.28
1.28
1.28
1.27974
1.28
1.28
1.28
1.28
1.28
1.28
1.28
1.28
1.28
1.27877
1.28
1.28
1.28
1.28
1.28
1.28
1.28
1.28
1.28
1.27975
1.28
1.28
1.28
1.28
1.28
1.28
1.28
1.28
1.28
1.28002
1.28
1.28
1.28
1.28
1.28
1.28
1.28
1.28
1.28
1.28005
1.28
1.28
1.28
1.28
1.28
1.28
1.28
1.28
1.28
1.28005
1.28
1.28
1.28
1.28
1.28
1.28
1.28
1.28
1.28
1.28005
1.28
1.28
1.28
1.28
1.28
1.28
1.28
1.28
1.28
1.28005
1.28
1.28
1.28
1.28
1.28
1.28
1.28
1.28
1.28
1.28005
1.28
1.28
1.28
1.28
1.28
1.28
1.28
1.28
1.28
1.28005
1.28
1.28
1.28
1.28
1.28
1.28
1.28
1.28
1.28
1.28001
1.28
1.28
1.28
1.28
1.28
1.28
1.28
1.28
1.28
1.27974
1.28
1.28
1.28
1.28
1.28
1.28
1.28
1.28
1.28
1.27989
1.28
1.28
1.28
1.28
1.28
1.28
1.28
1.28
1.28
1.28005
1.28
1.28
1.28
1.28
1.28
1.28
1.28
1.28
1.28
1.28006
1.28
1.28
1.28
1.28
1.28
1.28
1.28
1.28
1.28
1.28006
1.28
1.28
1.28
1.28
1.28
1.28
1.28
1.28
1.28
1.28005
1.28
1.28
1.28
1.28
1.28
1.28
1.28
1.28
1.28
1.28005
1.28
1.28
1.28
1.28
1.28
1.28
1.28
1.28
1.28
1.28006
1.28
1.28
1.28
1.28
1.28
1.28
1.28
1.28
1.28
1.28006
1.28
1.28
1.28
1.28
1.28
1.28
1.28
1.28
1.28
1.28005
1.28
1.28
1.28
1.28
1.28
1.28
1.28
1.28
1.28
1.27989
1.28
1.28
1.28
1.28
1.28
1.28
1.28
1.28
1.28
1.27991
1.28
1.28
1.28
1.28
1.28
1.28
1.28
1.28
1.28
1.28005
1.28
1.28
1.28
1.28
1.28
1.28
1.28
1.28
1.28
1.28006
1.28
1.28
1.28
1.28
1.28
1.28
1.28
1.28
1.28
1.28005
1.28
1.28
1.28
1.28
1.28
1.28
1.28
1.28
1.28
1.28005
1.28
1.28
1.28
1.28
1.28
1.28
1.28
1.28
1.28
1.28005
1.28
1.28
1.28
1.28
1.28
1.28
1.28
1.28
1.28
1.28005
1.28
1.28
1.28
1.28
1.28
1.28
1.28
1.28
1.28
1.28006
1.28
1.28
1.28
1.28
1.28
1.28
1.28
1.28
1.28
1.28005
1.28
1.28
1.28
1.28
1.28
1.28
1.28
1.28
1.28
1.27991
1.28
1.28
1.28
1.28
1.28
1.28
1.28
1.28
1.28
1.27992
1.28
1.28
1.28
1.28
1.28
1.28
1.28
1.28
1.28
1.28005
1.28
1.28
1.28
1.28
1.28
1.28
1.28
1.28
1.28
1.28005
1.28
1.28
1.28
1.28
1.28
1.28
1.28
1.28
1.28
1.28005
1.28
1.28
1.28
1.28
1.28
1.28
1.28
1.28
1.28
1.28005
1.28
1.28
1.28
1.28
1.28
1.28
1.28
1.28
1.28
1.28005
1.28
1.28
1.28
1.28
1.28
1.28
1.28
1.28
1.28
1.28005
1.28
1.28
1.28
1.28
1.28
1.28
1.28
1.28
1.28
1.28005
1.28
1.28
1.28
1.28
1.28
1.28
1.28
1.28
1.28
1.28005
1.28
1.28
1.28
1.28
1.28
1.28
1.28
1.28
1.28
1.27992
1.28
1.28
1.28
1.28
1.28
1.28
1.28
1.28
1.28
1.27992
1.28
1.28
1.28
1.28
1.28
1.28
1.28
1.28
1.28
1.28005
1.28
1.28
1.28
1.28
1.28
1.28
1.28
1.28
1.28
1.28005
1.28
1.28
1.28
1.28
1.28
1.28
1.28
1.28
1.28
1.28005
1.28
1.28
1.28
1.28
1.28
1.28
1.28
1.28
1.28
1.28005
1.28
1.28
1.28
1.28
1.28
1.28
1.28
1.28
1.28
1.28005
1.28
1.28
1.28
1.28
1.28
1.28
1.28
1.28
1.28
1.28005
1.28
1.28
1.28
1.28
1.28
1.28
1.28
1.28
1.28
1.28005
1.28
1.28
1.28
1.28
1.28
1.28
1.28
1.28
1.28
1.28005
1.28
1.28
1.28
1.28
1.28
1.28
1.28
1.28
1.28
1.27992
1.28
1.28
1.28
1.28
1.28
1.28
1.28
1.28
1.28
1.27991
1.28
1.28
1.28
1.28
1.28
1.28
1.28
1.28
1.28
1.28005
1.28
1.28
1.28
1.28
1.28
1.28
1.28
1.28
1.28
1.28006
1.28
1.28
1.28
1.28
1.28
1.28
1.28
1.28
1.28
1.28005
1.28
1.28
1.28
1.28
1.28
1.28
1.28
1.28
1.28
1.28005
1.28
1.28
1.28
1.28
1.28
1.28
1.28
1.28
1.28
1.28005
1.28
1.28
1.28
1.28
1.28
1.28
1.28
1.28
1.28
1.28005
1.28
1.28
1.28
1.28
1.28
1.28
1.28
1.28
1.28
1.28006
1.28
1.28
1.28
1.28
1.28
1.28
1.28
1.28
1.28
1.28005
1.28
1.28
1.28
1.28
1.28
1.28
1.28
1.28
1.28
1.27991
1.28
1.28
1.28
1.28
1.28
1.28
1.28
1.28
1.28
1.27989
1.28
1.28
1.28
1.28
1.28
1.28
1.28
1.28
1.28
1.28005
1.28
1.28
1.28
1.28
1.28
1.28
1.28
1.28
1.28
1.28006
1.28
1.28
1.28
1.28
1.28
1.28
1.28
1.28
1.28
1.28006
1.28
1.28
1.28
1.28
1.28
1.28
1.28
1.28
1.28
1.28005
1.28
1.28
1.28
1.28
1.28
1.28
1.28
1.28
1.28
1.28005
1.28
1.28
1.28
1.28
1.28
1.28
1.28
1.28
1.28
1.28006
1.28
1.28
1.28
1.28
1.28
1.28
1.28
1.28
1.28
1.28006
1.28
1.28
1.28
1.28
1.28
1.28
1.28
1.28
1.28
1.28005
1.28
1.28
1.28
1.28
1.28
1.28
1.28
1.28
1.28
1.27989
1.28
1.28
1.28
1.28
1.28
1.28
1.28
1.28
1.28
1.27974
1.28
1.28
1.28
1.28
1.28
1.28
1.28
1.28
1.28
1.28002
1.28
1.28
1.28
1.28
1.28
1.28
1.28
1.28
1.28
1.28005
1.28
1.28
1.28
1.28
1.28
1.28
1.28
1.28
1.28
1.28005
1.28
1.28
1.28
1.28
1.28
1.28
1.28
1.28
1.28
1.28005
1.28
1.28
1.28
1.28
1.28
1.28
1.28
1.28
1.28
1.28005
1.28
1.28
1.28
1.28
1.28
1.28
1.28
1.28
1.28
1.28005
1.28
1.28
1.28
1.28
1.28
1.28
1.28
1.28
1.28
1.28005
1.28
1.28
1.28
1.28
1.28
1.28
1.28
1.28
1.28
1.28002
1.28
1.28
1.28
1.28
1.28
1.28
1.28
1.28
1.28
1.27975
1.28
1.28
1.28
1.28
1.28
1.28
1.28
1.28
1.28
1.27877
1.28
1.28
1.28
1.28
1.28
1.28
1.28
1.28
1.28
1.27974
1.28
1.28
1.28
1.28
1.28
1.28
1.28
1.28
1.28
1.27989
1.28
1.28
1.28
1.28
1.28
1.28
1.28
1.28
1.28
1.27991
1.28
1.28
1.28
1.28
1.28
1.28
1.28
1.28
1.28
1.27992
1.28
1.28
1.28
1.28
1.28
1.28
1.28
1.28
1.28
1.27992
1.28
1.28
1.28
1.28
1.28
1.28
1.28
1.28
1.28
1.27991
1.28
1.28
1.28
1.28
1.28
1.28
1.28
1.28
1.28
1.27989
1.28
1.28
1.28
1.28
1.28
1.28
1.28
1.28
1.28
1.27975
1.28
1.28
1.28
1.28
1.28
1.28
1.28
1.28
1.28
1.27891
)
;

boundaryField
{
    walls
    {
        type            zeroGradient;
    }
    nozzleExt
    {
        type            zeroGradient;
    }
    nozzleInt
    {
        type            zeroGradient;
    }
    inlet
    {
        type            fixedValue;
        value           uniform 5;
    }
    outlet
    {
        type            zeroGradient;
    }
    defaultFaces
    {
        type            empty;
    }
}


// ************************************************************************* //
