/*--------------------------------*- C++ -*----------------------------------*\
| =========                 |                                                 |
| \\      /  F ield         | OpenFOAM: The Open Source CFD Toolbox           |
|  \\    /   O peration     | Version:  4.1                                   |
|   \\  /    A nd           | Web:      www.OpenFOAM.org                      |
|    \\/     M anipulation  |                                                 |
\*---------------------------------------------------------------------------*/
FoamFile
{
    version     2.0;
    format      ascii;
    class       volScalarField;
    location    "5";
    object      Ma;
}
// * * * * * * * * * * * * * * * * * * * * * * * * * * * * * * * * * * * * * //

dimensions      [0 0 0 0 0 0 0];

internalField   nonuniform List<scalar> 
500
(
3.00002
3.00001
3.00001
3.00001
3.00001
3.00004
3.00002
3.00002
3.00002
3.00002
3.00005
3.00003
3.00002
3.00002
3.00002
3.00006
3.00003
3.00002
3.00002
3.00002
3.00008
3.00004
3.00003
3.00003
3.00003
3.00009
3.00005
3.00003
3.00003
3.00003
3.00011
3.00005
3.00004
3.00003
3.00003
3.00012
3.00006
3.00004
3.00004
3.00004
3.00013
3.00007
3.00005
3.00004
3.00004
3.00015
3.00007
3.00005
3.00005
3.00005
3.00016
3.00008
3.00006
3.00005
3.00005
3.00018
3.00009
3.00006
3.00006
3.00006
3.00019
3.0001
3.00007
3.00006
3.00006
3.0002
3.0001
3.00007
3.00007
3.00006
3.00022
3.00011
3.00008
3.00007
3.00007
3.00023
3.00012
3.00009
3.00008
3.00008
3.00025
3.00013
3.00009
3.00008
3.00008
3.00026
3.00014
3.0001
3.00009
3.00009
3.00027
3.00014
3.0001
3.00009
3.00009
3.00029
3.00015
3.00011
3.0001
3.0001
3.0003
3.00016
3.00012
3.00011
3.0001
3.00032
3.00017
3.00012
3.00011
3.00011
3.00033
3.00018
3.00013
3.00012
3.00012
3.00035
3.00019
3.00014
3.00013
3.00012
3.00036
3.0002
3.00015
3.00013
3.00013
3.00038
3.00021
3.00015
3.00014
3.00014
3.00039
3.00022
3.00016
3.00015
3.00015
3.0004
3.00023
3.00017
3.00016
3.00015
3.00042
3.00024
3.00018
3.00017
3.00016
3.00043
3.00025
3.00019
3.00017
3.00017
3.00045
3.00026
3.0002
3.00018
3.00018
3.00046
3.00027
3.00021
3.00019
3.00019
3.00047
3.00028
3.00022
3.0002
3.0002
3.00049
3.0003
3.00023
3.00021
3.00021
3.0005
3.00031
3.00024
3.00022
3.00022
3.00051
3.00032
3.00025
3.00023
3.00023
3.00053
3.00033
3.00026
3.00024
3.00024
3.00054
3.00034
3.00027
3.00025
3.00025
3.00055
3.00036
3.00028
3.00026
3.00026
3.00057
3.00037
3.0003
3.00028
3.00027
3.00058
3.00038
3.00031
3.00029
3.00028
3.00059
3.00039
3.00032
3.0003
3.0003
3.0006
3.00041
3.00033
3.00031
3.00031
3.00062
3.00042
3.00035
3.00033
3.00032
3.00063
3.00044
3.00036
3.00034
3.00034
3.00064
3.00045
3.00038
3.00035
3.00035
3.00065
3.00046
3.00039
3.00037
3.00036
3.00067
3.00048
3.00041
3.00038
3.00038
3.00068
3.00049
3.00042
3.0004
3.00039
3.00069
3.00051
3.00044
3.00041
3.00041
3.0007
3.00052
3.00045
3.00043
3.00042
3.00071
3.00054
3.00047
3.00045
3.00044
3.00073
3.00056
3.00049
3.00046
3.00046
3.00074
3.00057
3.0005
3.00048
3.00047
3.00075
3.00059
3.00052
3.0005
3.00049
3.00076
3.00061
3.00054
3.00052
3.00051
3.00078
3.00062
3.00056
3.00053
3.00053
3.00079
3.00064
3.00057
3.00055
3.00055
3.0008
3.00066
3.00059
3.00057
3.00057
3.00081
3.00067
3.00061
3.00059
3.00058
3.00082
3.00069
3.00063
3.00061
3.0006
3.00084
3.00071
3.00065
3.00063
3.00062
3.00085
3.00073
3.00067
3.00065
3.00064
3.00086
3.00075
3.00069
3.00066
3.00066
3.00087
3.00076
3.0007
3.00068
3.00068
3.00089
3.00078
3.00072
3.0007
3.0007
3.0009
3.00079
3.00074
3.00072
3.00071
3.0009
3.00081
3.00075
3.00073
3.00073
3.00091
3.00082
3.00077
3.00075
3.00075
3.00092
3.00083
3.00078
3.00076
3.00076
3.00092
3.00084
3.00079
3.00077
3.00077
3.00092
3.00085
3.0008
3.00078
3.00078
3.00092
3.00085
3.00081
3.00079
3.00078
3.00092
3.00085
3.00081
3.00079
3.00079
3.00091
3.00086
3.00081
3.00079
3.00079
3.00091
3.00085
3.00081
3.00079
3.00079
3.0009
3.00085
3.00081
3.00079
3.00079
3.00089
3.00084
3.0008
3.00078
3.00078
3.00087
3.00083
3.00079
3.00078
3.00077
3.00086
3.00082
3.00078
3.00077
3.00077
3.00084
3.00081
3.00078
3.00076
3.00076
3.00083
3.0008
3.00077
3.00075
3.00075
3.00081
3.00079
3.00076
3.00074
3.00074
3.0008
3.00078
3.00074
3.00073
3.00073
3.00078
3.00076
3.00073
3.00072
3.00072
3.00076
3.00075
3.00072
3.00071
3.0007
3.00075
3.00074
3.00071
3.0007
3.0007
3.00075
3.00073
3.00071
3.00069
3.00069
3.00076
3.00072
3.0007
3.00069
3.00068
3.00076
3.00071
3.00069
3.00068
3.00067
3.00076
3.00071
3.00068
3.00067
3.00067
3.00075
3.0007
3.00068
3.00067
3.00067
3.00074
3.0007
3.00068
3.00067
3.00067
3.00072
3.00069
3.00068
3.00067
3.00066
3.00071
3.00068
3.00067
3.00066
3.00065
3.00069
3.00068
3.00066
3.00065
3.00065
3.0007
3.00068
3.00066
3.00065
3.00065
3.0007
3.00068
3.00066
3.00065
3.00065
3.00076
3.00072
3.0007
3.00069
3.00069
3.00067
3.00063
3.00061
3.0006
3.0006
)
;

boundaryField
{
    axis
    {
        type            empty;
    }
    inlet
    {
        type            calculated;
        value           uniform 3.00001;
    }
    wall
    {
        type            calculated;
        value           nonuniform List<scalar> 
100
(
3.00001
3.00002
3.00002
3.00002
3.00003
3.00003
3.00003
3.00004
3.00004
3.00005
3.00005
3.00006
3.00006
3.00006
3.00007
3.00008
3.00008
3.00009
3.00009
3.0001
3.0001
3.00011
3.00012
3.00012
3.00013
3.00014
3.00015
3.00015
3.00016
3.00017
3.00018
3.00019
3.0002
3.00021
3.00022
3.00023
3.00024
3.00025
3.00026
3.00027
3.00028
3.0003
3.00031
3.00032
3.00034
3.00035
3.00036
3.00038
3.00039
3.00041
3.00042
3.00044
3.00046
3.00047
3.00049
3.00051
3.00053
3.00055
3.00057
3.00058
3.0006
3.00062
3.00064
3.00066
3.00068
3.0007
3.00071
3.00073
3.00075
3.00076
3.00077
3.00078
3.00078
3.00079
3.00079
3.00079
3.00079
3.00078
3.00077
3.00077
3.00076
3.00075
3.00074
3.00073
3.00072
3.0007
3.0007
3.00069
3.00068
3.00067
3.00067
3.00067
3.00067
3.00066
3.00065
3.00065
3.00065
3.00065
3.00069
3.0006
)
;
    }
    outlet
    {
        type            calculated;
        value           nonuniform List<scalar> 5(3.00067 3.00063 3.00061 3.0006 3.0006);
    }
    front
    {
        type            wedge;
    }
    back
    {
        type            wedge;
    }
}


// ************************************************************************* //
