/*--------------------------------*- C++ -*----------------------------------*\
| =========                 |                                                 |
| \\      /  F ield         | OpenFOAM: The Open Source CFD Toolbox           |
|  \\    /   O peration     | Version:  4.1                                   |
|   \\  /    A nd           | Web:      www.OpenFOAM.org                      |
|    \\/     M anipulation  |                                                 |
\*---------------------------------------------------------------------------*/
FoamFile
{
    version     2.0;
    format      ascii;
    class       volScalarField;
    location    "0.82";
    object      p;
}
// * * * * * * * * * * * * * * * * * * * * * * * * * * * * * * * * * * * * * //

dimensions      [1 -1 -2 0 0 0 0];

internalField   nonuniform List<scalar> 
18000
(
1.28
1.28
1.28
1.28
1.28
1.28
1.28
1.28
1.28
1.28
1.28
1.28
1.28
1.28
1.28
1.28
1.28
1.28
1.28
1.28
1.28
1.28
1.28
1.28
1.28
1.28
1.28
1.28
1.28
1.28
1.28
1.28
1.28
1.28
1.28
1.28
1.28
1.28
1.28
1.28
1.28
1.28
1.28
1.28
1.28
1.28
1.28
1.28
1.28
1.28
1.28
1.28
1.28
1.28
1.28
1.28
1.28
1.28
1.28
1.28
1.28
1.28
1.28
1.28
1.28
1.28
1.28
1.28
1.28
1.28
1.28
1.28
1.28
1.28
1.28
1.28
1.28
1.28
1.28
1.28
1.28
1.28
1.28
1.28
1.28
1.28
1.28
1.28
1.28
1.28
1.28001
1.28001
1.28001
1.28001
1.28001
1.28001
1.28001
1.28001
1.28001
1.28001
1.28
1.28
1.28
1.28
1.28
1.28
1.28
1.28
1.28
1.28
1.28
1.28
1.28
1.28
1.28
1.28
1.28
1.28
1.28
1.28
1.28
1.28
1.28
1.28
1.28
1.28
1.28
1.28
1.28
1.28
1.28
1.28
1.28
1.28
1.28
1.28
1.28
1.28
1.28
1.28
1.28
1.28
1.28
1.28
1.28
1.28
1.28
1.28
1.28
1.28
1.28
1.28
1.28
1.28
1.28
1.28
1.28
1.28
1.28
1.28
1.28
1.28
1.28
1.28
1.28
1.28
1.28
1.28
1.28
1.28
1.28
1.28
1.28
1.28
1.28
1.28
1.28
1.28
1.28
1.28
1.28
1.28
1.28
1.28
1.28
1.28
1.28
1.28
1.28
1.28
1.28
1.28
1.28
1.28
1.28
1.28
1.28
1.28
1.28
1.28
1.28
1.28
1.28
1.28
1.28
1.28
1.28
1.28
1.28
1.28
1.28
1.28
1.28
1.28
1.28
1.28
1.28
1.28
1.28
1.28
1.28
1.28
1.28
1.28
1.28
1.28
1.28
1.28
1.28
1.28
1.28
1.28
1.28
1.28
1.28
1.28
1.28
1.28
1.28
1.28
1.28
1.28
1.28
1.28
1.28
1.28
1.28
1.28
1.28
1.28
1.28
1.28
1.28
1.28
1.28
1.28
1.28
1.28
1.28
1.28
1.28
1.28
1.28
1.28
1.28
1.28
1.28
1.28
1.28
1.28
1.28
1.28
1.28
1.28
1.28
1.28
1.28
1.28
1.28
1.28
1.28
1.28
1.28
1.28
1.28
1.28
1.28
1.28
1.28
1.28
1.28
1.28
1.28
1.28
1.28
1.28
1.28
1.28
1.28
1.28
1.28
1.28
1.28
1.28
1.28
1.28
1.28
1.28
1.28
1.28
1.28
1.28
1.28
1.28
1.28
1.28
1.28
1.28
1.28
1.28
1.28
1.28
1.28
1.28
1.28
1.28
1.28
1.28
1.28
1.28
1.28
1.28
1.28
1.28
1.28
1.28
1.28
1.28
1.28
1.28
1.28
1.28
1.28
1.28
1.28
1.28
1.28
1.28
1.28
1.28
1.28
1.28
1.28
1.28
1.28
1.28
1.28
1.28
1.28
1.28
1.28
1.28
1.28
1.28
1.28
1.28
1.28
1.28
1.28
1.28
1.28
1.28
1.28
1.28
1.28
1.28
1.28
1.28
1.28
1.28
1.28
1.28
1.28
1.28
1.28
1.28
1.28
1.28
1.28
1.28
1.28
1.28
1.28
1.28
1.28
1.28
1.28
1.28
1.28
1.28
1.28
1.28
1.28
1.28
1.28
1.28
1.28
1.28
1.28
1.28
1.28
1.28
1.28
1.28
1.28
1.28
1.28
1.28
1.28
1.28
1.28
1.28
1.28
1.28
1.28
1.28
1.28
1.28
1.28
1.28
1.28
1.28
1.28
1.28
1.28
1.28
1.28
1.28
1.28
1.28
1.28
1.28
1.28
1.28
1.28
1.28
1.28
1.28
1.28
1.28
1.28
1.28
1.28
1.28
1.28
1.28
1.28
1.28
1.28
1.28
1.28
1.28
1.28
1.28
1.28
1.28
1.28
1.28
1.28
1.28
1.28
1.28
1.28
1.28
1.28
1.28
1.28
1.28
1.28
1.28
1.28
1.28
1.28
1.28
1.28
1.28
1.28
1.28
1.28
1.28
1.28
1.28
1.28
1.28
1.28
1.28
1.28
1.28
1.28
1.28
1.28
1.28
1.28
1.28
1.28
1.28
1.28
1.28
1.28
1.28
1.28
1.28
1.28
1.28
1.28
1.28
1.28
1.28
1.28
1.28
1.28
1.28
1.28
1.28
1.28
1.28
1.28
1.28
1.28
1.28
1.28
1.28
1.28
1.28
1.28
1.28
1.28
1.28
1.28
1.28
1.28
1.28
1.28
1.28
1.28
1.28
1.28
1.28
1.28
1.28
1.28
1.28
1.28
1.28
1.28
1.28
1.28
1.28
1.28
1.28
1.28
1.28
1.28
1.28
1.28
1.28
1.28
1.28
1.28
1.28
1.28
1.28
1.28
1.28
1.28
1.28
1.28
1.28
1.28
1.28
1.28
1.28
1.28
1.28
1.28
1.28
1.28
1.28
1.28
1.28
1.28
1.28
1.28
1.28
1.28
1.28
1.28
1.28
1.28
1.28
1.28
1.28
1.28
1.28
1.28
1.28
1.28
1.28
1.28
1.28
1.28
1.28
1.28
1.28
1.28
1.28
1.28
1.28
1.28
1.28
1.28
1.28
1.28
1.28
1.28
1.28
1.28
1.28
1.28
1.28
1.28
1.28
1.28
1.28
1.28
1.28
1.28
1.28
1.28
1.28
1.28
1.28
1.28
1.28
1.28
1.28
1.28
1.28
1.28
1.28
1.28
1.28
1.28
1.28
1.28
1.28
1.28
1.28
1.28
1.28
1.28
1.28
1.28
1.28
1.28
1.28
1.28
1.28
1.28
1.28
1.28
1.28
1.28
1.28
1.28
1.28
1.28
1.28
1.28
1.28
1.28
1.28
1.28
1.28
1.28
1.28
1.28
1.28
1.28
1.28
1.28
1.28
1.28
1.28
1.28
1.28
1.28
1.28
1.28
1.28
1.28
1.28
1.28
1.28
1.28
1.28
1.28
1.28
1.28
1.28
1.28
1.28
1.28
1.28
1.28
1.28
1.28
1.28
1.28
1.28
1.28
1.28
1.28
1.28
1.28
1.28
1.28
1.28
1.28
1.28
1.28
1.28
1.28
1.28
1.28
1.28
1.28
1.28
1.28
1.28
1.28
1.28
1.28
1.28
1.28
1.28
1.28
1.28
1.28
1.28
1.28
1.28
1.28
1.28
1.28
1.28
1.28
1.28
1.28
1.28
1.28
1.28
1.28
1.28
1.28
1.28
1.28
1.28
1.28
1.28
1.28
1.28
1.28
1.28
1.28
1.28
1.28
1.28
1.28
1.28
1.28
1.28
1.28
1.28
1.28
1.28
1.28
1.28
1.28
1.28
1.28
1.28
1.28
1.28
1.28
1.28
1.28
1.28
1.28
1.28
1.28
1.28
1.28
1.28
1.28
1.28
1.28
1.28
1.28
1.28
1.28
1.28
1.28
1.28
1.28
1.28
1.28
1.28
1.28
1.28
1.28
1.28
1.28
1.28
1.28
1.28
1.28
1.28
1.28
1.28
1.28
1.28
1.28
1.28
1.28
1.28
1.28
1.28
1.28
1.28
1.28
1.28
1.28
1.28
1.28
1.28
1.28
1.28
1.28
1.28
1.28
1.28
1.28
1.28
1.28
1.28
1.28
1.28
1.28
1.28
1.28
1.28
1.28
1.28
1.28
1.28
1.28
1.28
1.28
1.28
1.28
1.28
1.28
1.28
1.28
1.28
1.28
1.28
1.28
1.28
1.28
1.28
1.28
1.28
1.28
1.28
1.28
1.28
1.28
1.28
1.28
1.28
1.28
1.28
1.28
1.28
1.28
1.28
1.28
1.28
1.28
1.28
1.28
1.28
1.28
1.28
1.28
1.28
1.28
1.28
1.28
1.28
1.28
1.28
1.28
1.28
1.28
1.28
1.28
1.28
1.28
1.28
1.28
1.28
1.28
1.28
1.28
1.28
1.28
1.28
1.28
1.28
1.28
1.28
1.28
1.28
1.28
1.28
1.28
1.28
1.28
1.28
1.28
1.28
1.28
1.28
1.28
1.28
1.28
1.28
1.28
1.28
1.28
1.28
1.28
1.28
1.28
1.28
1.28
1.28
1.28
1.28
1.28
1.28
1.28
1.28
1.28
1.28
1.28
1.28
1.28
1.28
1.28
1.28
1.28
1.28
1.28
1.28
1.28
1.28
1.28
1.28
1.28
1.28
1.28
1.28
1.28
1.28
1.28
1.28
1.28
1.28
1.28
1.28
1.28
1.28
1.28
1.28
1.28
1.28
1.28
1.28
1.28
1.28
1.28
1.28
1.28
1.28
1.28
1.28
1.28
1.28
1.28
1.28
1.28
1.28
1.28
1.28
1.28
1.28
1.28
1.28
1.28
1.28
1.28
1.28
1.28
1.28
1.28
1.28
1.28
1.28
1.28
1.28
1.28
1.28
1.28
1.28
1.28
1.28
1.28
1.28
1.28
1.28
1.28
1.28
1.28
1.28
1.28
1.28
1.28
1.28
1.28
1.28
1.28
1.28
1.28
1.28
1.28
1.28
1.28
1.28
1.28
1.28
1.28
1.28
1.28
1.28
1.28
1.28
1.28
1.28
1.28
1.28
1.28
1.28
1.28
1.28
1.28
1.28
1.28
1.28
1.28
1.28
1.28
1.28
1.28
1.28
1.28
1.28
1.28
1.28
1.28
1.28
1.28
1.28
1.28
1.28
1.28
1.28
1.28
1.28
1.28
1.28
1.28
1.28
1.28
1.28
1.28
1.28
1.28
1.28
1.28
1.28
1.28
1.28
1.28
1.28
1.28
1.28
1.28
1.28
1.28
1.28
1.28
1.28
1.28
1.28
1.28
1.28
1.28
1.28
1.28
1.28
1.28
1.28
1.28
1.28
1.28
1.28
1.28
1.28
1.28
1.28
1.28
1.28
1.28
1.28
1.28
1.28
1.28
1.28
1.28
1.28
1.28
1.28
1.28
1.28
1.28
1.28
1.28
1.28
1.28
1.28
1.28
1.28
1.28
1.28
1.28
1.28
1.28
1.28
1.28
1.28
1.28
1.28
1.28
1.28
1.28
1.28
1.28
1.28
1.28
1.28
1.28
1.28
1.28
1.28
1.28
1.28
1.28
1.28
1.28
1.28
1.28
1.28
1.28
1.28
1.28
1.28
1.28
1.28
1.28
1.28
1.28
1.28
1.28
1.28
1.28
1.28
1.28
1.28
1.28
1.28
1.28
1.28
1.28
1.28
1.28
1.28
1.28
1.28
1.28
1.28
1.28
1.28
1.28
1.28
1.28
1.28
1.28
1.28
1.28
1.28
1.28
1.28
1.28
1.28
1.28
1.28
1.28
1.28
1.28
1.28
1.28
1.28
1.28
1.28
1.28
1.28
1.28
1.28
1.28
1.28
1.28
1.28
1.28
1.28
1.28
1.28
1.28
1.28
1.28
1.28
1.28
1.28
1.28
1.28
1.28
1.28
1.28
1.28
1.28
1.28
1.28
1.28
1.28
1.28
1.28
1.28
1.28
1.28
1.28
1.28
1.28
1.28
1.28
1.28
1.28
1.28
1.28
1.28
1.28
1.28
1.28
1.28
1.28
1.28
1.28
1.28
1.28
1.28
1.28
1.28
1.28
1.28
1.28
1.28
1.28
1.28
1.28
1.28
1.28
1.28
1.28
1.28
1.28
1.28
1.28
1.28
1.28
1.28
1.28
1.28
1.28
1.28
1.28
1.28
1.28
1.28
1.28
1.28
1.28
1.28
1.28
1.28
1.28
1.28
1.28
1.28
1.28
1.28
1.28
1.28
1.28
1.28
1.28
1.28
1.28
1.28
1.28
1.28
1.28
1.28
1.28
1.28
1.28
1.28
1.28
1.28
1.28
1.28
1.28
1.28
1.28
1.28
1.28
1.28
1.28
1.28
1.28
1.28
1.28
1.28
1.28
1.28
1.28
1.28
1.28
1.28
1.28
1.28
1.28
1.28
1.28
1.28
1.28
1.28
1.28
1.28
1.28
1.28
1.28
1.28
1.28
1.28
1.28
1.28
1.28
1.28
1.28
1.28
1.28
1.28
1.28
1.28
1.28
1.28
1.28
1.28
1.28
1.28
1.28
1.28
1.28
1.28
1.28
1.28
1.28
1.28
1.28
1.28
1.28
1.28
1.28
1.28
1.28
1.28
1.28
1.28
1.28
1.28
1.28
1.28
1.28
1.28
1.28
1.28
1.28
1.28
1.28
1.28
1.28
1.28
1.28
1.28
1.28
1.28
1.28
1.28
1.28
1.28
1.28
1.28
1.28
1.28
1.28
1.28
1.28
1.28
1.28
1.28
1.28
1.28
1.28
1.28
1.28
1.28
1.28
1.28
1.28
1.28
1.28
1.28
1.28
1.28
1.28
1.28
1.28
1.28
1.28
1.28
1.28
1.28
1.28
1.28
1.28
1.28
1.28
1.28
1.28
1.28
1.28
1.28
1.28
1.28
1.28
1.28
1.28
1.28
1.28
1.28
1.28
1.28
1.28
1.28
1.28
1.28
1.28
1.28
1.28
1.28
1.28
1.28
1.28
1.28
1.28
1.28
1.28
1.28
1.28
1.28
1.28
1.28
1.28
1.28
1.28
1.28
1.28
1.28
1.28
1.28
1.28
1.28
1.28
1.28
1.28
1.28
1.28
1.28
1.28
1.28
1.28
1.28
1.28
1.28
1.28
1.28
1.28
1.28
1.28
1.28
1.28
1.28
1.28
1.28
1.28
1.28
1.28
1.28
1.28
1.28
1.28
1.28
1.28
1.28
1.28
1.28
1.28
1.28
1.28
1.28
1.28
1.28
1.28
1.28
1.28
1.28
1.28
1.28
1.28
1.28
1.28
1.28
1.28
1.28
1.28
1.28
1.28
1.28
1.28
1.28
1.28
1.28
1.28
1.28
1.28
1.28
1.28
1.28
1.28
1.28
1.28
1.28
1.28
1.28
1.28
1.28
1.28
1.28
1.28
1.28
1.28
1.28
1.28
1.28
1.28
1.28
1.28
1.28
1.28
1.28
1.28
1.28
1.28
1.28
1.28
1.28
1.28
1.28
1.28
1.28
1.28
1.28
1.28
1.28
1.28
1.28
1.28
1.28
1.28
1.28
1.28
1.28
1.28
1.28
1.28
1.28
1.28
1.28
1.28
1.28
1.28
1.28
1.28
1.28
1.28
1.28
1.28
1.28
1.28
1.28
1.28
1.28
1.28
1.28
1.28
1.28
1.28
1.28
1.28
1.28
1.28
1.28
1.28
1.28
1.28
1.28
1.28
1.28
1.28
1.28
1.28
1.28
1.28
1.28
1.28
1.28
1.28
1.28
1.28
1.28
1.28
1.28
1.28
1.28
1.28
1.28
1.28
1.28
1.28
1.28
1.28
1.28
1.28
1.28
1.28
1.28
1.28
1.28
1.28
1.28
1.28
1.28
1.28
1.28
1.28
1.28
1.28
1.28
1.28
1.28
1.28
1.28
1.28
1.28
1.28
1.28
1.28
1.28
1.28
1.28
1.28
1.28
1.28
1.28
1.28
1.28
1.28
1.28
1.28
1.28
1.28
1.28
1.28
1.28
1.28
1.28
1.28
1.28
1.28
1.28
1.28
1.28
1.28
1.28
1.28
1.28
1.28
1.28
1.28
1.28
1.28
1.28
1.28
1.28
1.28
1.28
1.28
1.28
1.28
1.28
1.28
1.28
1.28
1.28
1.28
1.28
1.28
1.28
1.28
1.28
1.28
1.28
1.28
1.28
1.28
1.28
1.28
1.28
1.28001
1.28
1.28
1.28
1.28
1.28
1.28
1.28
1.28
1.28
1.28
1.28
1.28
1.28
1.28
1.28
1.28
1.28
1.28
1.28
1.28
1.28
1.28
1.28
1.28
1.28
1.28
1.28
1.28
1.28
1.28
1.28
1.28
1.28
1.28
1.28
1.28
1.28
1.28
1.28
1.28
1.28
1.28
1.28
1.28
1.28
1.28
1.28
1.28
1.28
1.28
1.28
1.28
1.28
1.28
1.28
1.28
1.28
1.28
1.28
1.28
1.28
1.28
1.28
1.28
1.28
1.28
1.28
1.28
1.28
1.28
1.28
1.28
1.28
1.28
1.28
1.28
1.28
1.28
1.28
1.28
1.28
1.28
1.28
1.28
1.28
1.28
1.28
1.28
1.28
1.28
1.28
1.28
1.28
1.28
1.28
1.28
1.28
1.28
1.28
1.28001
1.28
1.28
1.28
1.28
1.28
1.28
1.28
1.28
1.28
1.28
1.28
1.28
1.28
1.28
1.28
1.28
1.28
1.28
1.28
1.28
1.28
1.28
1.28
1.28
1.28
1.28
1.28
1.28
1.28
1.28
1.28
1.28
1.28
1.28
1.28
1.28
1.28
1.28
1.28
1.28
1.28
1.28
1.28
1.28
1.28
1.28
1.28
1.28
1.28
1.28
1.28
1.28
1.28
1.28
1.28
1.28
1.28
1.28
1.28
1.28
1.28
1.28
1.28
1.28
1.28
1.28
1.28
1.28
1.28
1.28
1.28
1.28
1.28
1.28
1.28
1.28
1.28
1.28
1.28
1.28
1.28
1.28
1.28
1.28
1.28
1.28
1.28
1.28
1.28
1.28
1.28
1.28
1.28
1.28
1.28
1.28
1.28
1.28
1.28
1.28001
1.28
1.28
1.28
1.28
1.28
1.28
1.28
1.28
1.28
1.28
1.28
1.28
1.28
1.28
1.28
1.28
1.28
1.28
1.28
1.28
1.28
1.28
1.28
1.28
1.28
1.28
1.28
1.28
1.28
1.28
1.28
1.28
1.28
1.28
1.28
1.28
1.28
1.28
1.28
1.28
1.28
1.28
1.28
1.28
1.28
1.28
1.28
1.28
1.28
1.28
1.28
1.28
1.28
1.28
1.28
1.28
1.28
1.28
1.28
1.28
1.28
1.28
1.28
1.28
1.28
1.28
1.28
1.28
1.28
1.28
1.28
1.28
1.28
1.28
1.28
1.28
1.28
1.28
1.28
1.28
1.28
1.28
1.28
1.28
1.28
1.28
1.28
1.28
1.28
1.28
1.28
1.28
1.28
1.28
1.28
1.28
1.28
1.28
1.28
1.28001
1.28
1.28
1.28
1.28
1.28
1.28
1.28
1.28
1.28
1.28
1.28
1.28
1.28
1.28
1.28
1.28
1.28
1.28
1.28
1.28
1.28
1.28
1.28
1.28
1.28
1.28
1.28
1.28
1.28
1.28
1.28
1.28
1.28
1.28
1.28
1.28
1.28
1.28
1.28
1.28
1.28
1.28
1.28
1.28
1.28
1.28
1.28
1.28
1.28
1.28
1.28
1.28
1.28
1.28
1.28
1.28
1.28
1.28
1.28
1.28
1.28
1.28
1.28
1.28
1.28
1.28
1.28
1.28
1.28
1.28
1.28
1.28
1.28
1.28
1.28
1.28
1.28
1.28
1.28
1.28
1.28
1.28
1.28
1.28
1.28
1.28
1.28
1.28
1.28
1.28
1.28
1.28
1.28
1.28
1.28
1.28
1.28
1.28
1.28
1.28001
1.28
1.28
1.28
1.28
1.28
1.28
1.28
1.28
1.28
1.28
1.28
1.28
1.28
1.28
1.28
1.28
1.28
1.28
1.28
1.28
1.28
1.28
1.28
1.28
1.28
1.28
1.28
1.28
1.28
1.28
1.28
1.28
1.28
1.28
1.28
1.28
1.28
1.28
1.28
1.28
1.28
1.28
1.28
1.28
1.28
1.28
1.28
1.28
1.28
1.28
1.28
1.28
1.28
1.28
1.28
1.28
1.28
1.28
1.28
1.28
1.28
1.28
1.28
1.28
1.28
1.28
1.28
1.28
1.28
1.28
1.28
1.28
1.28
1.28
1.28
1.28
1.28
1.28
1.28
1.28
1.28
1.28
1.28
1.28
1.28
1.28
1.28
1.28
1.28
1.28
1.28
1.28
1.28
1.28
1.28
1.28
1.28
1.28
1.28
1.28001
1.28
1.28
1.28
1.28
1.28
1.28
1.28
1.28
1.28
1.28
1.28
1.28
1.28
1.28
1.28
1.28
1.28
1.28
1.28
1.28
1.28
1.28
1.28
1.28
1.28
1.28
1.28
1.28
1.28
1.28
1.28
1.28
1.28
1.28
1.28
1.28
1.28
1.28
1.28
1.28
1.28
1.28
1.28
1.28
1.28
1.28
1.28
1.28
1.28
1.28
1.28
1.28
1.28
1.28
1.28
1.28
1.28
1.28
1.28
1.28
1.28
1.28
1.28
1.28
1.28
1.28
1.28
1.28
1.28
1.28
1.28
1.28
1.28
1.28
1.28
1.28
1.28
1.28
1.28
1.28
1.28
1.28
1.28
1.28
1.28
1.28
1.28
1.28
1.28
1.28
1.28
1.28
1.28
1.28
1.28
1.28
1.28
1.28
1.28
1.28
1.28
1.28
1.28
1.28
1.28
1.28
1.28
1.28
1.28
1.28
1.28
1.28
1.28
1.28
1.28
1.28
1.28
1.28
1.28
1.28
1.28
1.28
1.28
1.28
1.28
1.28
1.28
1.28
1.28
1.28
1.28
1.28
1.28
1.28
1.28
1.28
1.28
1.28
1.28
1.28
1.28
1.28
1.28
1.28
1.28
1.28
1.28
1.28
1.28
1.28
1.28
1.28
1.28
1.28
1.28
1.28
1.28
1.28
1.28
1.28
1.28
1.28
1.28
1.28
1.28
1.28
1.28
1.28
1.28
1.28
1.28
1.28
1.28
1.28
1.28
1.28
1.28
1.28
1.28
1.28
1.28
1.28
1.28
1.28
1.28
1.28
1.28
1.28
1.28
1.28
1.28
1.28
1.28
1.28
1.28
1.28
1.28
1.28
1.28
1.28
1.28
1.28
1.28
1.28
1.28
1.28
1.28
1.28
1.28
1.28
1.28
1.28
1.28
1.28
1.28
1.28
1.28
1.28
1.28
1.28
1.28
1.28
1.28
1.28
1.28
1.28
1.28
1.28
1.28
1.28
1.28
1.28
1.28
1.28
1.28
1.28
1.28
1.28
1.28
1.28
1.28
1.28
1.28
1.28
1.28
1.28
1.28
1.28
1.28
1.28
1.28
1.28
1.28
1.28
1.28
1.28
1.28
1.28
1.28
1.28
1.28
1.28
1.28
1.28
1.28
1.28
1.28
1.28
1.28
1.28
1.28
1.28
1.28
1.28
1.28
1.28
1.28
1.28
1.28
1.28
1.28
1.28
1.28
1.28
1.28
1.28
1.28
1.28
1.28
1.28
1.28
1.28
1.28
1.28
1.28
1.28
1.28
1.28
1.28
1.28
1.28
1.28
1.28
1.28
1.28
1.28
1.28
1.28
1.28
1.28
1.28
1.28
1.28
1.28
1.28
1.28
1.28
1.28
1.28
1.28
1.28
1.28
1.28
1.28
1.28
1.28
1.28
1.28
1.28
1.28
1.28
1.28
1.28
1.28
1.28
1.28
1.28
1.28
1.28
1.28
1.28
1.28
1.28
1.28
1.28
1.28
1.28
1.28
1.28
1.28
1.28
1.28
1.28
1.28
1.28
1.28
1.28
1.28
1.28
1.28
1.28
1.28
1.28
1.28
1.28
1.28
1.28
1.28
1.28
1.28
1.28
1.28
1.28
1.28
1.28
1.28
1.28
1.28
1.28
1.28
1.28
1.28
1.28
1.28
1.28
1.28
1.28
1.28
1.28
1.28
1.28
1.28
1.28
1.28
1.28
1.28
1.28
1.28
1.28
1.28
1.28
1.28
1.28
1.28
1.28
1.28
1.28
1.28
1.28
1.28
1.28
1.28
1.28
1.28
1.28
1.28
1.28
1.28
1.28
1.28
1.28
1.28
1.28
1.28
1.28
1.28
1.28
1.28
1.28
1.28
1.28
1.28
1.28
1.28
1.28
1.28
1.28
1.28
1.28
1.28
1.28
1.28
1.28
1.28
1.28
1.28
1.28
1.28
1.28
1.28
1.28
1.28
1.28
1.28
1.28
1.28
1.28
1.28
1.28
1.28
1.28
1.28
1.28
1.28
1.28
1.28
1.28
1.28
1.28
1.28
1.28
1.28
1.28
1.28
1.28
1.28
1.28
1.28
1.28
1.28
1.28
1.28
1.28
1.28
1.28
1.28
1.28
1.28
1.28
1.28
1.28
1.28
1.28
1.28
1.28
1.28
1.28
1.28
1.28
1.28
1.28
1.28
1.28
1.28
1.28
1.28
1.28
1.28
1.28
1.28
1.28
1.28
1.28
1.28
1.28
1.28
1.28
1.28
1.28
1.28
1.28
1.28
1.28
1.28
1.28
1.28
1.28
1.28
1.28
1.28
1.28
1.28
1.28
1.28
1.28
1.28
1.28
1.28
1.28
1.28
1.28
1.28
1.28
1.28
1.28
1.28
1.28
1.28
1.28
1.28
1.28
1.28
1.28
1.28
1.28
1.28
1.28
1.28
1.28
1.28
1.28
1.28
1.28
1.28
1.28
1.28
1.28
1.28
1.28
1.28
1.28
1.28
1.28
1.28
1.28
1.28
1.28
1.28
1.28
1.28
1.28
1.28
1.28
1.28
1.28
1.28
1.28
1.28
1.28
1.28
1.28
1.28
1.28
1.28
1.28
1.28
1.28
1.28
1.28
1.28
1.28
1.28
1.28
1.28
1.28
1.28
1.28
1.28
1.28
1.28
1.28
1.28
1.28
1.28
1.28
1.28
1.28
1.28
1.28
1.28
1.28
1.28
1.28
1.28
1.28
1.28
1.28
1.28
1.28
1.28
1.28
1.28
1.28
1.28
1.28
1.28
1.28
1.28
1.28
1.28
1.28
1.28
1.28
1.28
1.28
1.28
1.28
1.28
1.28
1.28
1.28
1.28
1.28
1.28
1.28
1.28
1.28
1.28
1.28
1.28
1.28
1.28
1.28
1.28
1.28
1.28
1.28
1.28
1.28
1.28
1.28
1.28
1.28
1.28
1.28
1.28
1.28
1.28
1.28
1.28
1.28
1.28
1.28
1.28
1.28
1.28
1.28
1.28
1.28
1.28
1.28
1.28
1.28
1.28
1.28
1.28
1.28
1.28
1.28
1.28
1.28
1.28
1.28
1.28
1.28
1.28
1.28
1.28
1.28
1.28
1.28
1.28
1.28
1.28
1.28
1.28
1.28
1.28
1.28
1.28
1.28
1.28
1.28
1.28
1.28
1.28
1.28
1.28
1.28
1.28
1.28
1.28
1.28
1.28
1.28
1.28
1.28
1.28
1.28
1.28
1.28
1.28
1.28
1.28
1.28
1.28
1.28
1.28
1.28
1.28
1.28
1.28
1.28
1.28
1.28
1.28
1.28
1.28
1.28
1.28
1.28
1.28
1.28
1.28
1.28
1.28
1.28
1.28
1.28
1.28
1.28
1.28
1.28
1.28
1.28
1.28
1.28
1.28
1.28
1.28
1.28
1.28
1.28
1.28
1.28
1.28
1.28
1.28
1.28
1.28
1.28
1.28
1.28
1.28
1.28
1.28
1.28
1.28
1.28
1.28
1.28
1.28
1.28
1.28
1.28
1.28
1.28
1.28
1.28
1.28
1.28
1.28
1.28
1.28
1.28
1.28
1.28
1.28
1.28
1.28
1.28
1.28
1.28
1.28
1.28
1.28
1.28
1.28
1.28
1.28
1.28
1.28
1.28
1.28
1.28
1.28
1.28
1.28
1.28
1.28
1.28
1.28
1.28
1.28
1.28
1.28
1.28
1.28
1.28
1.28
1.28
1.28
1.28
1.28
1.28
1.28
1.28
1.28
1.28
1.28
1.28
1.28
1.28
1.28
1.28
1.28
1.28
1.28
1.28
1.28
1.28
1.28
1.28
1.28
1.28
1.28
1.28
1.28
1.28
1.28
1.28
1.28
1.28
1.28
1.28
1.28
1.28
1.28
1.28
1.28
1.28
1.28
1.28
1.28
1.28
1.28
1.28
1.28
1.28
1.28
1.28
1.28
1.28
1.28
1.28
1.28
1.28
1.28
1.28
1.28
1.28
1.28
1.28
1.28
1.28
1.28
1.28
1.28
1.28
1.28
1.28
1.28
1.28
1.28
1.28
1.28
1.28
1.28
1.28
1.28
1.28
1.28
1.28
1.28
1.28
1.28
1.28
1.28
1.28
1.28
1.28
1.28
1.28
1.28
1.28
1.28
1.28
1.28
1.28
1.28
1.28
1.28
1.28
1.28
1.28
1.28
1.28
1.28
1.28
1.28
1.28
1.28
1.28
1.28
1.28
1.28
1.28
1.28
1.28
1.28
1.28
1.28
1.28
1.28
1.28
1.28
1.28
1.28
1.28
1.28
1.28
1.28
1.28
1.28
1.28
1.28
1.28
1.28
1.28
1.28
1.28
1.28
1.28
1.28
1.28
1.28
1.28
1.28
1.28
1.28
1.28
1.28
1.28
1.28
1.28
1.28
1.28
1.28
1.28
1.28
1.28
1.28
1.28
1.28
1.28
1.28
1.28
1.28
1.28
1.28
1.28
1.28
1.28
1.28
1.28
1.28
1.28
1.28
1.28
1.28
1.28
1.28
1.28
1.28
1.28
1.28
1.28
1.28
1.28
1.28
1.28
1.28
1.28
1.28
1.28
1.28
1.28
1.28
1.28
1.28
1.28
1.28
1.28
1.28
1.28
1.28
1.28
1.28
1.28
1.28
1.28
1.28
1.28
1.28
1.28
1.28
1.28
1.28
1.28
1.28
1.28
1.28
1.28
1.28
1.28
1.28
1.28
1.28
1.28
1.28
1.28
1.28
1.28
1.28
1.28
1.28
1.28
1.28
1.28
1.28
1.28
1.28
1.28
1.28
1.28
1.28
1.28
1.28
1.28
1.28
1.28
1.28
1.28
1.28
1.28
1.28
1.28
1.28
1.28
1.28
1.28
1.28
1.28
1.28
1.28
1.28
1.28
1.28
1.28
1.28
1.28
1.28
1.28
1.28
1.28
1.28
1.28
1.28
1.28
1.28
1.28
1.28
1.28
1.28
1.28
1.28
1.28
1.28
1.28
1.28
1.28
1.28
1.28
1.28
1.28
1.28
1.28
1.28
1.28
1.28
1.28
1.28
1.28
1.28
1.28
1.28
1.28
1.28
1.28
1.28
1.28
1.28
1.28
1.28
1.28
1.28
1.28
1.28
1.28
1.28
1.28
1.28
1.28
1.28
1.28
1.28
1.28
1.28
1.28
1.28
1.28
1.28
1.28
1.28
1.28
1.28
1.28
1.28
1.28
1.28
1.28
1.28
1.28
1.28
1.28
1.28
1.28
1.28
1.28
1.28
1.28
1.28
1.28
1.28
1.28
1.28
1.28
1.28
1.28
1.28
1.28
1.28
1.28
1.28
1.28
1.28
1.28
1.28
1.28
1.28
1.28
1.28
1.28
1.28
1.28
1.28
1.28
1.28
1.28
1.28
1.28
1.28
1.28
1.28
1.28
1.28
1.28
1.28
1.28
1.28
1.28
1.28
1.28
1.28
1.28
1.28
1.28
1.28
1.28
1.28
1.28
1.28
1.28
1.28
1.28
1.28
1.28
1.28
1.28
1.28
1.28
1.28
1.28
1.28
1.28
1.28
1.28
1.28
1.28
1.28
1.28
1.28
1.28
1.28
1.28
1.28
1.28
1.28
1.28
1.28
1.28
1.28
1.28
1.28
1.28
1.28
1.28
1.28
1.28
1.28
1.28
1.28
1.28
1.28
1.28
1.28
1.28
1.28
1.28
1.28
1.28
1.28
1.28
1.28
1.28
1.28
1.28
1.28
1.28
1.28
1.28
1.28
1.28
1.28
1.28
1.28
1.28
1.28
1.28
1.28
1.28
1.28
1.28
1.28
1.28
1.28
1.28
1.28
1.28
1.28
1.28
1.28
1.28
1.28
1.28
1.28
1.28
1.28
1.28
1.28
1.28
1.28
1.28
1.28
1.28
1.28
1.28
1.28
1.28
1.28
1.28
1.28
1.28
1.28
1.28
1.28
1.28
1.28
1.28
1.28
1.28
1.28
1.28
1.28
1.28
1.28
1.28
1.28
1.28
1.28
1.28
1.28
1.28
1.28
1.28
1.28
1.28
1.28
1.28
1.28
1.28
1.28
1.28
1.28
1.28
1.28
1.28
1.28
1.28
1.28
1.28
1.28
1.28
1.28
1.28
1.28
1.28
1.28
1.28
1.28
1.28
1.28
1.28
1.28
1.28
1.28
1.28
1.28
1.28
1.28
1.28
1.28
1.28
1.28
1.28
1.28
1.28
1.28
1.28
1.28
1.28
1.28
1.28
1.28
1.28
1.28
1.28
1.28
1.28
1.28
1.28
1.28
1.28
1.28
1.28
1.28
1.28
1.28
1.28
1.28
1.28
1.28
1.28
1.28
1.28
1.28
1.28
1.28
1.28
1.28
1.28
1.28
1.28
1.28
1.28
1.28
1.28
1.28
1.28
1.28
1.28
1.28
1.28
1.28
1.28
1.28
1.28
1.28
1.28
1.28
1.28
1.28
1.28
1.28
1.28
1.28
1.28
1.28
1.28
1.28
1.28
1.28
1.28
1.28
1.28
1.28
1.28
1.28
1.28
1.28
1.28
1.28
1.28
1.28
1.28
1.28
1.28
1.28
1.28
1.28
1.28
1.28
1.28
1.28
1.28
1.28
1.28
1.28
1.28
1.28
1.28
1.28
1.28
1.28
1.28
1.28
1.28
1.28
1.28
1.28
1.28
1.28
1.28
1.28
1.28
1.28
1.28
1.28
1.28
1.28
1.28
1.28
1.28
1.28
1.28
1.28
1.28
1.28
1.28
1.28
1.28
1.28
1.28
1.28
1.28
1.28
1.28
1.28
1.28
1.28
1.28
1.28
1.28
1.28
1.28
1.28
1.28
1.28
1.28
1.28
1.28
1.28
1.28
1.28
1.28
1.28
1.28
1.28
1.28
1.28
1.28
1.28
1.28
1.28
1.28
1.28
1.28
1.28
1.28
1.28
1.28
1.28
1.28
1.28
1.28
1.28
1.28
1.28
1.28
1.28
1.28
1.28
1.28
1.28
1.28
1.28
1.28
1.28
1.28
1.28
1.28
1.28
1.28
1.28
1.28
1.28
1.28
1.28
1.28
1.28
1.28
1.28
1.28
1.28
1.28
1.28
1.28
1.28
1.28
1.28
1.28
1.28
1.28
1.28
1.28
1.28
1.28
1.28
1.28
1.28
1.28
1.28
1.28
1.28
1.28
1.28
1.28
1.28
1.28
1.28
1.28
1.28
1.28
1.28
1.28
1.28
1.28
1.28
1.28
1.28
1.28
1.28
1.28
1.28
1.28
1.28
1.28
1.28
1.28
1.28
1.28
1.28
1.28
1.28
1.28
1.28
1.28
1.28
1.28
1.28
1.28
1.28
1.28
1.28
1.28
1.28
1.28
1.28
1.28
1.28
1.28
1.28
1.28
1.28
1.28
1.28
1.28
1.28
1.28
1.28
1.28
1.28
1.28
1.28
1.28
1.28
1.28
1.28
1.28
1.28001
1.28001
1.28001
1.28001
1.28001
1.28001
1.28001
1.28001
1.28001
1.28001
1.28
1.28
1.28
1.28
1.28
1.28
1.28
1.28
1.28
1.28
1.28
1.28
1.28
1.28
1.28
1.28
1.28
1.28
1.28
1.28
1.28
1.28
1.28
1.28
1.28
1.28
1.28
1.28
1.28
1.28
1.28
1.28
1.28
1.28
1.28
1.28
1.28
1.28
1.28
1.28
1.28
1.28
1.28
1.28
1.28
1.28
1.28
1.28
1.28
1.28
1.28
1.28
1.28
1.28
1.28
1.28
1.28
1.28
1.28
1.28
1.28
1.28
1.28
1.28
1.28
1.28
1.28
1.28
1.28
1.28
1.28
1.28
1.28
1.28
1.28
1.28
1.28
1.28
1.28
1.28
1.28
1.28
1.28
1.28
1.28
1.28
1.28
1.28
1.28
1.28
1.28001
1.28001
1.28001
1.28001
1.28001
1.28001
1.28001
1.28001
1.28001
1.28001
1.28
1.28
1.28
1.28
1.28
1.28
1.28
1.28
1.28
1.28
1.28
1.28
1.28
1.28
1.28
1.28
1.28
1.28
1.28
1.28
1.28
1.28
1.28
1.28
1.28
1.28
1.28
1.28
1.28
1.28
1.28
1.28
1.28
1.28
1.28
1.28
1.28
1.28
1.28
1.28
1.28
1.28
1.28
1.28
1.28
1.28
1.28
1.28
1.28
1.28
1.28
1.28
1.28
1.28
1.28
1.28
1.28
1.28
1.28
1.28
1.28
1.28
1.28
1.28
1.28
1.28
1.28
1.28
1.28
1.28
1.28
1.28
1.28
1.28
1.28
1.28
1.28
1.28
1.28
1.28
1.28
1.28
1.28
1.28
1.28
1.28
1.28
1.28
1.28
1.28
1.28
1.28
1.28
1.28
1.28
1.28
1.28
1.28
1.28
1.28
1.28
1.28
1.28
1.28
1.28
1.28
1.28
1.28
1.28
1.28
1.28
1.28
1.28
1.28
1.28
1.28
1.28
1.28
1.28
1.28
1.28
1.28
1.28
1.28
1.28
1.28
1.28
1.28
1.28
1.28
1.28
1.28
1.28
1.28
1.28
1.28
1.28
1.28
1.28
1.28
1.28
1.28
1.28
1.28
1.28
1.28
1.28
1.28
1.28
1.28
1.28
1.28
1.28
1.28
1.28
1.28
1.28
1.28
1.28
1.28
1.28
1.28
1.28
1.28
1.28
1.28
1.28
1.28
1.28
1.28
1.28
1.28
1.28
1.28
1.28
1.28
1.28
1.28
1.28
1.28
1.28
1.28
1.28
1.28
1.28
1.28
1.28
1.28
1.28
1.28
1.28
1.28
1.28
1.28
1.28
1.28
1.28
1.28
1.28
1.28
1.28
1.28
1.28
1.28
1.28
1.28
1.28
1.28
1.28
1.28
1.28
1.28
1.28
1.28
1.28
1.28
1.28
1.28
1.28
1.28
1.28
1.28
1.28
1.28
1.28
1.28
1.28
1.28
1.28
1.28
1.28
1.28
1.28
1.28
1.28
1.28
1.28
1.28
1.28
1.28
1.28
1.28
1.28
1.28
1.28
1.28
1.28
1.28
1.28
1.28
1.28
1.28
1.28
1.28
1.28
1.28
1.28
1.28
1.28
1.28
1.28
1.28
1.28
1.28
1.28
1.28
1.28
1.28
1.28
1.28
1.28
1.28
1.28
1.28
1.28
1.28
1.28
1.28
1.28
1.28
1.28
1.28
1.28
1.28
1.28
1.28
1.28
1.28
1.28
1.28
1.28
1.28
1.28
1.28
1.28
1.28
1.28
1.28
1.28
1.28
1.28
1.28
1.28
1.28
1.28
1.28
1.28
1.28
1.28
1.28
1.28
1.28
1.28
1.28
1.28
1.28
1.28
1.28
1.28
1.28
1.28
1.28
1.28
1.28
1.28
1.28
1.28
1.28
1.28
1.28
1.28
1.28
1.28
1.28
1.28
1.28
1.28
1.28
1.28
1.28
1.28
1.28
1.28
1.28
1.28
1.28
1.28
1.28
1.28
1.28
1.28
1.28
1.28
1.28
1.28
1.28
1.28
1.28
1.28
1.28
1.28
1.28
1.28
1.28
1.28
1.28
1.28
1.28
1.28
1.28
1.28
1.28
1.28
1.28
1.28
1.28
1.28
1.28
1.28
1.28
1.28
1.28
1.28
1.28
1.28
1.28
1.28
1.28
1.28
1.28
1.28
1.28
1.28
1.28
1.28
1.28
1.28
1.28
1.28
1.28
1.28
1.28
1.28
1.28
1.28
1.28
1.28
1.28
1.28
1.28
1.28
1.28
1.28
1.28
1.28
1.28
1.28
1.28
1.28
1.28
1.28
1.28
1.28
1.28
1.28
1.28
1.28
1.28
1.28
1.28
1.28
1.28
1.28
1.28
1.28
1.28
1.28
1.28
1.28
1.28
1.28
1.28
1.28
1.28
1.28
1.28
1.28
1.28
1.28
1.28
1.28
1.28
1.28
1.28
1.28
1.28
1.28
1.28
1.28
1.28
1.28
1.28
1.28
1.28
1.28
1.28
1.28
1.28
1.28
1.28
1.28
1.28
1.28
1.28
1.28
1.28
1.28
1.28
1.28
1.28
1.28
1.28
1.28
1.28
1.28
1.28
1.28
1.28
1.28
1.28
1.28
1.28
1.28
1.28
1.28
1.28
1.28
1.28
1.28
1.28
1.28
1.28
1.28
1.28
1.28
1.28
1.28
1.28
1.28
1.28
1.28
1.28
1.28
1.28
1.28
1.28
1.28
1.28
1.28
1.28
1.28
1.28
1.28
1.28
1.28
1.28
1.28
1.28
1.28
1.28
1.28
1.28
1.28
1.28
1.28
1.28
1.28
1.28
1.28
1.28
1.28
1.28
1.28
1.28
1.28
1.28
1.28
1.28
1.28
1.28
1.28
1.28
1.28
1.28
1.28
1.28
1.28
1.28
1.28
1.28
1.28
1.28
1.28
1.28
1.28
1.28
1.28
1.28
1.28
1.28
1.28
1.28
1.28
1.28
1.28
1.28
1.28
1.28
1.28
1.28
1.28
1.28
1.28
1.28
1.28
1.28
1.28
1.28
1.28
1.28
1.28
1.28
1.28
1.28
1.28
1.28
1.28
1.28
1.28
1.28
1.28
1.28
1.28
1.28
1.28
1.28
1.28
1.28
1.28
1.28
1.28
1.28
1.28
1.28
1.28
1.28
1.28
1.28
1.28
1.28
1.28
1.28
1.28
1.28
1.28
1.28
1.28
1.28
1.28
1.28
1.28
1.28
1.28
1.28
1.28
1.28
1.28
1.28
1.28
1.28
1.28
1.28
1.28
1.28
1.28
1.28
1.28
1.28
1.28
1.28
1.28
1.28
1.28
1.28
1.28
1.28
1.28
1.28
1.28
1.28
1.28
1.28
1.28
1.28
1.28
1.28
1.28
1.28
1.28
1.28
1.28
1.28
1.28
1.28
1.28
1.28
1.28
1.28
1.28
1.28
1.28
1.28
1.28
1.28
1.28
1.28
1.28
1.28
1.28
1.28
1.28
1.28
1.28
1.28
1.28
1.28
1.28
1.28
1.28
1.28
1.28
1.28
1.28
1.28
1.28
1.28
1.28
1.28
1.28
1.28
1.28
1.28
1.28
1.28
1.28
1.28
1.28
1.28
1.28
1.28
1.28
1.28
1.28
1.28
1.28
1.28
1.28
1.28
1.28
1.28
1.28
1.28
1.28
1.28
1.28
1.28
1.28
1.28
1.28
1.28
1.28
1.28
1.28
1.28
1.28
1.28
1.28
1.28
1.28
1.28
1.28
1.28
1.28
1.28
1.28
1.28
1.28
1.28
1.28
1.28
1.28
1.28
1.28
1.28
1.28
1.28
1.28
1.28
1.28
1.28
1.28
1.28
1.28
1.28
1.28
1.28
1.28
1.28
1.28
1.28
1.28
1.28
1.28
1.28
1.28
1.28
1.28
1.28
1.28
1.28
1.28
1.28
1.28
1.28
1.28
1.28
1.28
1.28
1.28
1.28
1.28
1.28
1.28
1.28
1.28
1.28
1.28
1.28
1.28
1.28
1.28
1.28
1.28
1.28
1.28
1.28
1.28
1.28
1.28
1.28
1.28
1.28
1.28
1.28
1.28
1.28
1.28
1.28
1.28
1.28
1.28
1.28
1.28
1.28
1.28
1.28
1.28
1.28
1.28
1.28
1.28
1.28
1.28
1.28
1.28
1.28
1.28
1.28
1.28
1.28
1.28
1.28
1.28
1.28
1.28
1.28
1.28
1.28
1.28
1.28
1.28
1.28
1.28
1.28
1.28
1.28
1.28
1.28
1.28
1.28
1.28
1.28
1.28
1.28
1.28
1.28
1.28
1.28
1.28
1.28
1.28
1.28
1.28
1.28
1.28
1.28
1.28
1.28
1.28
1.28
1.28
1.28
1.28
1.28
1.28
1.28
1.28
1.28
1.28
1.28
1.28
1.28
1.28
1.28
1.28
1.28
1.28
1.28
1.28
1.28
1.28
1.28
1.28
1.28
1.28
1.28
1.28
1.28
1.28
1.28
1.28
1.28
1.28
1.28
1.28
1.28
1.28
1.28
1.28
1.28
1.28
1.28
1.28
1.28
1.28
1.28
1.28
1.28
1.28
1.28
1.28
1.28
1.28
1.28
1.28
1.28
1.28
1.28
1.28
1.28
1.28
1.28
1.28
1.28
1.28
1.28
1.28
1.28
1.28
1.28
1.28
1.28
1.28
1.28
1.28
1.28
1.28
1.28
1.28
1.28
1.28
1.28
1.28
1.28
1.28
1.28
1.28
1.28
1.28
1.28
1.28
1.28
1.28
1.28
1.28
1.28
1.28
1.28
1.28
1.28
1.28
1.28
1.28
1.28
1.28
1.28
1.28
1.28
1.28
1.28
1.28
1.28
1.28
1.28
1.28
1.28
1.28
1.28
1.28
1.28
1.28
1.28
1.28
1.28
1.28
1.28
1.28
1.28
1.28
1.28
1.28
1.28
1.28
1.28
1.28
1.28
1.28
1.28
1.28
1.28
1.28
1.28
1.28
1.28
1.28
1.28
1.28
1.28
1.28
1.28
1.28
1.28
1.28
1.28
1.28
1.28
1.28
1.28
1.28
1.28
1.28
1.28
1.28
1.28
1.28
1.28
1.28
1.28
1.28
1.28
1.28
1.28
1.28
1.28
1.28
1.28
1.28
1.28
1.28
1.28
1.28
1.28
1.28
1.28
1.28
1.28
1.28
1.28
1.28
1.28
1.28
1.28
1.28
1.28
1.28
1.28
1.28
1.28
1.28
1.28
1.28
1.28
1.28
1.28
1.28
1.28
1.28
1.28
1.28
1.28
1.28
1.28
1.28
1.28
1.28
1.28
1.28
1.28
1.28
1.28
1.28
1.28
1.28
1.28
1.28
1.28
1.28
1.28
1.28
1.28
1.28
1.28
1.28
1.28
1.28
1.28
1.28
1.28
1.28
1.28
1.28
1.28
1.28
1.28
1.28
1.28
1.28
1.28
1.28
1.28
1.28
1.28
1.28
1.28
1.28
1.28
1.28
1.28
1.28
1.28
1.28
1.28
1.28
1.28
1.28
1.28
1.28
1.28
1.28
1.28
1.28
1.28
1.28
1.28
1.28
1.28
1.28
1.28
1.28
1.28
1.28
1.28
1.28
1.28
1.28
1.28
1.28
1.28
1.28
1.28
1.28
1.28
1.28
1.28
1.28
1.28
1.28
1.28
1.28
1.28
1.28
1.28
1.28
1.28
1.28
1.28
1.28
1.28
1.28
1.28
1.28
1.28
1.28
1.28
1.28
1.28
1.28
1.28
1.28
1.28
1.28
1.28
1.28
1.28
1.28
1.28
1.28
1.28
1.28
1.28
1.28
1.28
1.28
1.28
1.28
1.28
1.28
1.28
1.28
1.28
1.28
1.28
1.28
1.28
1.28
1.28
1.28
1.28
1.28
1.28
1.28
1.28
1.28
1.28
1.28
1.28
1.28
1.28
1.28
1.28
1.28
1.28
1.28
1.28
1.28
1.28
1.28
1.28
1.28
1.28
1.28
1.28
1.28
1.28
1.28
1.28
1.28
1.28
1.28
1.28
1.28
1.28
1.28
1.28
1.28
1.28
1.28
1.28
1.28
1.28
1.28
1.28
1.28
1.28
1.28
1.28
1.28
1.28
1.28
1.28
1.28
1.28
1.28
1.28
1.28
1.28
1.28
1.28
1.28
1.28
1.28
1.28
1.28
1.28
1.28
1.28
1.28
1.28
1.28
1.28
1.28
1.28
1.28
1.28
1.28
1.28
1.28
1.28
1.28
1.28
1.28
1.28
1.28
1.28
1.28
1.28
1.28
1.28
1.28
1.28
1.28
1.28
1.28
1.28
1.28
1.28
1.28
1.28
1.28
1.28
1.28
1.28
1.28
1.28
1.28
1.28
1.28
1.28
1.28
1.28
1.28
1.28
1.28
1.28
1.28
1.28
1.28
1.28
1.28
1.28
1.28
1.28
1.28
1.28
1.28
1.28
1.28
1.28
1.28
1.28
1.28
1.28
1.28
1.28
1.28
1.28
1.28
1.28
1.28
1.28
1.28
1.28
1.28
1.28
1.28
1.28
1.28
1.28
1.28
1.28
1.28
1.28
1.28
1.28
1.28
1.28
1.28
1.28
1.28
1.28
1.28
1.28
1.28
1.28
1.28
1.28
1.28
1.28
1.28
1.28
1.28
1.28
1.28
1.28
1.28
1.28
1.28
1.28
1.28
1.28
1.28
1.28
1.28
1.28
1.28
1.28
1.28
1.28
1.28
1.28
1.28
1.28
1.28
1.28
1.28
1.28
1.28
1.28
1.28
1.28
1.28
1.28
1.28
1.28
1.28
1.28
1.28
1.28
1.28
1.28
1.28
1.28
1.28
1.28
1.28
1.28
1.28
1.28
1.28
1.28
1.28
1.28
1.28
1.28
1.28
1.28
1.28
1.28
1.28
1.28
1.28
1.28
1.28
1.28
1.28
1.28
1.28
1.28
1.28
1.28
1.28
1.28
1.28
1.28
1.28
1.28
1.28
1.28
1.28
1.28
1.28
1.28
1.28
1.28
1.28
1.28
1.28
1.28
1.28
1.28
1.28
1.28
1.28
1.28
1.28
1.28
1.28
1.28
1.28
1.28
1.28
1.28
1.28
1.28
1.28
1.28
1.28
1.28
1.28
1.28
1.28
1.28
1.28
1.28
1.28
1.28
1.28
1.28
1.28
1.28
1.28
1.28
1.28
1.28
1.28
1.28
1.28
1.28
1.28
1.28
1.28
1.28
1.28
1.28
1.28
1.28
1.28
1.28
1.28
1.28
1.28
1.28
1.28
1.28
1.28
1.28
1.28
1.28
1.28
1.28
1.28
1.28
1.28
1.28
1.28
1.28
1.28
1.28
1.28
1.28
1.28
1.28
1.28
1.28
1.28
1.28
1.28
1.28
1.28
1.28
1.28
1.28
1.28
1.28
1.28
1.28
1.28
1.28
1.28
1.28
1.28
1.28
1.28
1.28
1.28
1.28
1.28
1.28
1.28
1.28
1.28
1.28
1.28
1.28
1.28
1.28
1.28
1.28
1.28
1.28
1.28
1.28
1.28
1.28
1.28
1.28
1.28
1.28
1.28
1.28
1.28
1.28
1.28
1.28
1.28
1.28
1.28
1.28
1.28
1.28
1.28
1.28
1.28
1.28
1.28
1.28
1.28
1.28
1.28
1.28
1.28
1.28
1.28
1.28
1.28
1.28
1.28
1.28
1.28
1.28
1.28
1.28
1.28
1.28
1.28
1.28
1.28
1.28
1.28
1.28
1.28
1.28
1.28
1.28
1.28
1.28
1.28
1.28
1.28
1.28
1.28
1.28
1.28
1.28
1.28
1.28
1.28
1.28
1.28
1.28
1.28
1.28
1.28
1.28
1.28
1.28
1.28
1.28
1.28
1.28
1.28
1.28
1.28
1.28
1.28
1.28
1.28
1.28
1.28
1.28001
1.28
1.28
1.28
1.28
1.28
1.28
1.28
1.28
1.28
1.28
1.28
1.28
1.28
1.28
1.28
1.28
1.28
1.28
1.28
1.28
1.28
1.28
1.28
1.28
1.28
1.28
1.28
1.28
1.28
1.28
1.28
1.28
1.28
1.28
1.28
1.28
1.28
1.28
1.28
1.28
1.28
1.28
1.28
1.28
1.28
1.28
1.28
1.28
1.28
1.28
1.28
1.28
1.28
1.28
1.28
1.28
1.28
1.28
1.28
1.28
1.28
1.28
1.28
1.28
1.28
1.28
1.28
1.28
1.28
1.28
1.28
1.28
1.28
1.28
1.28
1.28
1.28
1.28
1.28
1.28
1.28
1.28
1.28
1.28
1.28
1.28
1.28
1.28
1.28
1.28
1.28
1.28
1.28
1.28
1.28
1.28
1.28
1.28
1.28
1.28001
1.28
1.28
1.28
1.28
1.28
1.28
1.28
1.28
1.28
1.28
1.28
1.28
1.28
1.28
1.28
1.28
1.28
1.28
1.28
1.28
1.28
1.28
1.28
1.28
1.28
1.28
1.28
1.28
1.28
1.28
1.28
1.28
1.28
1.28
1.28
1.28
1.28
1.28
1.28
1.28
1.28
1.28
1.28
1.28
1.28
1.28
1.28
1.28
1.28
1.28
1.28
1.28
1.28
1.28
1.28
1.28
1.28
1.28
1.28
1.28
1.28
1.28
1.28
1.28
1.28
1.28
1.28
1.28
1.28
1.28
1.28
1.28
1.28
1.28
1.28
1.28
1.28
1.28
1.28
1.28
1.28
1.28
1.28
1.28
1.28
1.28
1.28
1.28
1.28
1.28
1.28
1.28
1.28
1.28
1.28
1.28
1.28
1.28
1.28
1.28001
1.28
1.28
1.28
1.28
1.28
1.28
1.28
1.28
1.28
1.28
1.28
1.28
1.28
1.28
1.28
1.28
1.28
1.28
1.28
1.28
1.28
1.28
1.28
1.28
1.28
1.28
1.28
1.28
1.28
1.28
1.28
1.28
1.28
1.28
1.28
1.28
1.28
1.28
1.28
1.28
1.28
1.28
1.28
1.28
1.28
1.28
1.28
1.28
1.28
1.28
1.28
1.28
1.28
1.28
1.28
1.28
1.28
1.28
1.28
1.28
1.28
1.28
1.28
1.28
1.28
1.28
1.28
1.28
1.28
1.28
1.28
1.28
1.28
1.28
1.28
1.28
1.28
1.28
1.28
1.28
1.28
1.28
1.28
1.28
1.28
1.28
1.28
1.28
1.28
1.28
1.28
1.28
1.28
1.28
1.28
1.28
1.28
1.28
1.28
1.28001
1.28
1.28
1.28
1.28
1.28
1.28
1.28
1.28
1.28
1.28
1.28
1.28
1.28
1.28
1.28
1.28
1.28
1.28
1.28
1.28
1.28
1.28
1.28
1.28
1.28
1.28
1.28
1.28
1.28
1.28
1.28
1.28
1.28
1.28
1.28
1.28
1.28
1.28
1.28
1.28
1.28
1.28
1.28
1.28
1.28
1.28
1.28
1.28
1.28
1.28
1.28
1.28
1.28
1.28
1.28
1.28
1.28
1.28
1.28
1.28
1.28
1.28
1.28
1.28
1.28
1.28
1.28
1.28
1.28
1.28
1.28
1.28
1.28
1.28
1.28
1.28
1.28
1.28
1.28
1.28
1.28
1.28
1.28
1.28
1.28
1.28
1.28
1.28
1.28
1.28
1.28
1.28
1.28
1.28
1.28
1.28
1.28
1.28
1.28
1.28001
1.28
1.28
1.28
1.28
1.28
1.28
1.28
1.28
1.28
1.28
1.28
1.28
1.28
1.28
1.28
1.28
1.28
1.28
1.28
1.28
1.28
1.28
1.28
1.28
1.28
1.28
1.28
1.28
1.28
1.28
1.28
1.28
1.28
1.28
1.28
1.28
1.28
1.28
1.28
1.28
1.28
1.28
1.28
1.28
1.28
1.28
1.28
1.28
1.28
1.28
1.28
1.28
1.28
1.28
1.28
1.28
1.28
1.28
1.28
1.28
1.28
1.28
1.28
1.28
1.28
1.28
1.28
1.28
1.28
1.28
1.28
1.28
1.28
1.28
1.28
1.28
1.28
1.28
1.28
1.28
1.28
1.28
1.28
1.28
1.28
1.28
1.28
1.28
1.28
1.28
1.28
1.28
1.28
1.28
1.28
1.28
1.28
1.28
1.28
1.28001
1.28
1.28
1.28
1.28
1.28
1.28
1.28
1.28
1.28
1.28
1.28
1.28
1.28
1.28
1.28
1.28
1.28
1.28
1.28
1.28
1.28
1.28
1.28
1.28
1.28
1.28
1.28
1.28
1.28
1.28
1.28
1.28
1.28
1.28
1.28
1.28
1.28
1.28
1.28
1.28
1.28
1.28
1.28
1.28
1.28
1.28
1.28
1.28
1.28
1.28
1.28
1.28
1.28
1.28
1.28
1.28
1.28
1.28
1.28
1.28
1.28
1.28
1.28
1.28
1.28
1.28
1.28
1.28
1.28
1.28
1.28
1.28
1.28
1.28
1.28
1.28
1.28
1.28
1.28
1.28
1.28
1.28
1.28
1.28
1.28
1.28
1.28
1.28
1.28
1.28
1.28
1.28
1.28
1.28
1.28
1.28
1.28
1.28
1.28
1.28
1.28
1.28
1.28
1.28
1.28
1.28
1.28
1.28
1.28
1.28
1.28
1.28
1.28
1.28
1.28
1.28
1.28
1.28
1.28
1.28
1.28
1.28
1.28
1.28
1.28
1.28
1.28
1.28
1.28
1.28
1.28
1.28
1.28
1.28
1.28
1.28
1.28
1.28
1.28
1.28
1.28
1.28
1.28
1.28
1.28
1.28
1.28
1.28
1.28
1.28
1.28
1.28
1.28
1.28
1.28
1.28
1.28
1.28
1.28
1.28
1.28
1.28
1.28
1.28
1.28
1.28
1.28
1.28
1.28
1.28
1.28
1.28
1.28
1.28
1.28
1.28
1.28
1.28
1.28
1.28
1.28
1.28
1.28
1.28
1.28
1.28
1.28
1.28
1.28
1.28
1.28
1.28
1.28
1.28
1.28
1.28
1.28
1.28
1.28
1.28
1.28
1.28
1.28
1.28
1.28
1.28
1.28
1.28
1.28
1.28
1.28
1.28
1.28
1.28
1.28
1.28
1.28
1.28
1.28
1.28
1.28
1.28
1.28
1.28
1.28
1.28
1.28
1.28
1.28
1.28
1.28
1.28
1.28
1.28
1.28
1.28
1.28
1.28
1.28
1.28
1.28
1.28
1.28
1.28
1.28
1.28
1.28
1.28
1.28
1.28
1.28
1.28
1.28
1.28
1.28
1.28
1.28
1.28
1.28
1.28
1.28
1.28
1.28
1.28
1.28
1.28
1.28
1.28
1.28
1.28
1.28
1.28
1.28
1.28
1.28
1.28
1.28
1.28
1.28
1.28
1.28
1.28
1.28
1.28
1.28
1.28
1.28
1.28
1.28
1.28
1.28
1.28
1.28
1.28
1.28
1.28
1.28
1.28
1.28
1.28
1.28
1.28
1.28
1.28
1.28
1.28
1.28
1.28
1.28
1.28
1.28
1.28
1.28
1.28
1.28
1.28
1.28
1.28
1.28
1.28
1.28
1.28
1.28
1.28
1.28
1.28
1.28
1.28
1.28
1.28
1.28
1.28
1.28
1.28
1.28
1.28
1.28
1.28
1.28
1.28
1.28
1.28
1.28
1.28
1.28
1.28
1.28
1.28
1.28
1.28
1.28
1.28
1.28
1.28
1.28
1.28
1.28
1.28
1.28
1.28
1.28
1.28
1.28
1.28
1.28
1.28
1.28
1.28
1.28
1.28
1.28
1.28
1.28
1.28
1.28
1.28
1.28
1.28
1.28
1.28
1.28
1.28
1.28
1.28
1.28
1.28
1.28
1.28
1.28
1.28
1.28
1.28
1.28
1.28
1.28
1.28
1.28
1.28
1.28
1.28
1.28
1.28
1.28
1.28
1.28
1.28
1.28
1.28
1.28
1.28
1.28
1.28
1.28
1.28
1.28
1.28
1.28
1.28
1.28
1.28
1.28
1.28
1.28
1.28
1.28
1.28
1.28
1.28
1.28
1.28
1.28
1.28
1.28
1.28
1.28
1.28
1.28
1.28
1.28
1.28
1.28
1.28
1.28
1.28
1.28
1.28
1.28
1.28
1.28
1.28
1.28
1.28
1.28
1.28
1.28
1.28
1.28
1.28
1.28
1.28
1.28
1.28
1.28
1.28
1.28
1.28
1.28
1.28
1.28
1.28
1.28
1.28
1.28
1.28
1.28
1.28
1.28
1.28
1.28
1.28
1.28
1.28
1.28
1.28
1.28
1.28
1.28
1.28
1.28
1.28
1.28
1.28
1.28
1.28
1.28
1.28
1.28
1.28
1.28
1.28
1.28
1.28
1.28
1.28
1.28
1.28
1.28
1.28
1.28
1.28
1.28
1.28
1.28
1.28
1.28
1.28
1.28
1.28
1.28
1.28
1.28
1.28
1.28
1.28
1.28
1.28
1.28
1.28
1.28
1.28
1.28
1.28
1.28
1.28
1.28
1.28
1.28
1.28
1.28
1.28
1.28
1.28
1.28
1.28
1.28
1.28
1.28
1.28
1.28
1.28
1.28
1.28
1.28
1.28
1.28
1.28
1.28
1.28
1.28
1.28
1.28
1.28
1.28
1.28
1.28
1.28
1.28
1.28
1.28
1.28
1.28
1.28
1.28
1.28
1.28
1.28
1.28
1.28
1.28
1.28
1.28
1.28
1.28
1.28
1.28
1.28
1.28
1.28
1.28
1.28
1.28
1.28
1.28
1.28
1.28
1.28
1.28
1.28
1.28
1.28
1.28
1.28
1.28
1.28
1.28
1.28
1.28
1.28
1.28
1.28
1.28
1.28
1.28
1.28
1.28
1.28
1.28
1.28
1.28
1.28
1.28
1.28
1.28
1.28
1.28
1.28
1.28
1.28
1.28
1.28
1.28
1.28
1.28
1.28
1.28
1.28
1.28
1.28
1.28
1.28
1.28
1.28
1.28
1.28
1.28
1.28
1.28
1.28
1.28
1.28
1.28
1.28
1.28
1.28
1.28
1.28
1.28
1.28
1.28
1.28
1.28
1.28
1.28
1.28
1.28
1.28
1.28
1.28
1.28
1.28
1.28
1.28
1.28
1.28
1.28
1.28
1.28
1.28
1.28
1.28
1.28
1.28
1.28
1.28
1.28
1.28
1.28
1.28
1.28
1.28
1.28
1.28
1.28
1.28
1.28
1.28
1.28
1.28
1.28
1.28
1.28
1.28
1.28
1.28
1.28
1.28
1.28
1.28
1.28
1.28
1.28
1.28
1.28
1.28
1.28
1.28
1.28
1.28
1.28
1.28
1.28
1.28
1.28
1.28
1.28
1.28
1.28
1.28
1.28
1.28
1.28
1.28
1.28
1.28
1.28
1.28
1.28
1.28
1.28
1.28
1.28
1.28
1.28
1.28
1.28
1.28
1.28
1.28
1.28
1.28
1.28
1.28
1.28
1.28
1.28
1.28
1.28
1.28
1.28
1.28
1.28
1.28
1.28
1.28
1.28
1.28
1.28
1.28
1.28
1.28
1.28
1.28
1.28
1.28
1.28
1.28
1.28
1.28
1.28
1.28
1.28
1.28
1.28
1.28
1.28
1.28
1.28
1.28
1.28
1.28
1.28
1.28
1.28
1.28
1.28
1.28
1.28
1.28
1.28
1.28
1.28
1.28
1.28
1.28
1.28
1.28
1.28
1.28
1.28
1.28
1.28
1.28
1.28
1.28
1.28
1.28
1.28
1.28
1.28
1.28
1.28
1.28
1.28
1.28
1.28
1.28
1.28
1.28
1.28
1.28
1.28
1.28
1.28
1.28
1.28
1.28
1.28
1.28
1.28
1.28
1.28
1.28
1.28
1.28
1.28
1.28
1.28
1.28
1.28
1.28
1.28
1.28
1.28
1.28
1.28
1.28
1.28
1.28
1.28
1.28
1.28
1.28
1.28
1.28
1.28
1.28
1.28
1.28
1.28
1.28
1.28
1.28
1.28
1.28
1.28
1.28
1.28
1.28
1.28
1.28
1.28
1.28
1.28
1.28
1.28
1.28
1.28
1.28
1.28
1.28
1.28
1.28
1.28
1.28
1.28
1.28
1.28
1.28
1.28
1.28
1.28
1.28
1.28
1.28
1.28
1.28
1.28
1.28
1.28
1.28
1.28
1.28
1.28
1.28
1.28
1.28
1.28
1.28
1.28
1.28
1.28
1.28
1.28
1.28
1.28
1.28
1.28
1.28
1.28
1.28
1.28
1.28
1.28
1.28
1.28
1.28
1.28
1.28
1.28
1.28
1.28
1.28
1.28
1.28
1.28
1.28
1.28
1.28
1.28
1.28
1.28
1.28
1.28
1.28
1.28
1.28
1.28
1.28
1.28
1.28
1.28
1.28
1.28
1.28
1.28
1.28
1.28
1.28
1.28
1.28
1.28
1.28
1.28
1.28
1.28
1.28
1.28
1.28
1.28
1.28
1.28
1.28
1.28
1.28
1.28
1.28
1.28
1.28
1.28
1.28
1.28
1.28
1.28
1.28
1.28
1.28
1.28
1.28
1.28
1.28
1.28
1.28
1.28
1.28
1.28
1.28
1.28
1.28
1.28
1.28
1.28
1.28
1.28
1.28
1.28
1.28
1.28
1.28
1.28
1.28
1.28
1.28
1.28
1.28
1.28
1.28
1.28
1.28
1.28
1.28
1.28
1.28
1.28
1.28
1.28
1.28
1.28
1.28
1.28
1.28
1.28
1.28
1.28
1.28
1.28
1.28
1.28
1.28
1.28
1.28
1.28
1.28
1.28
1.28
1.28
1.28
1.28
1.28
1.28
1.28
1.28
1.28
1.28
1.28
1.28
1.28
1.28
1.28
1.28
1.28
1.28
1.28
1.28
1.28
1.28
1.28
1.28
1.28
1.28
1.28
1.28
1.28
1.28
1.28
1.28
1.28
1.28
1.28
1.28
1.28
1.28
1.28
1.28
1.28
1.28
1.28
1.28
1.28
1.28
1.28
1.28
1.28
1.28
1.28
1.28
1.28
1.28
1.28
1.28
1.28
1.28
1.28
1.28
1.28
1.28
1.28
1.28
1.28
1.28
1.28
1.28
1.28
1.28
1.28
1.28
1.28
1.28
1.28
1.28
1.28
1.28
1.28
1.28
1.28
1.28
1.28
1.28
1.28
1.28
1.28
1.28
1.28
1.28
1.28
1.28
1.28
1.28
1.28
1.28
1.28
1.28
1.28
1.28
1.28
1.28
1.28
1.28
1.28
1.28
1.28
1.28
1.28
1.28
1.28
1.28
1.28
1.28
1.28
1.28
1.28
1.28
1.28
1.28
1.28
1.28
1.28
1.28
1.28
1.28
1.28
1.28
1.28
1.28
1.28
1.28
1.28
1.28
1.28
1.28
1.28
1.28
1.28
1.28
1.28
1.28
1.28
1.28
1.28
1.28
1.28
1.28
1.28
1.28
1.28
1.28
1.28
1.28
1.28
1.28
1.28
1.28
1.28
1.28
1.28
1.28
1.28
1.28
1.28
1.28
1.28
1.28
1.28
1.28
1.28
1.28
1.28
1.28
1.28
1.28
1.28
1.28
1.28
1.28
1.28
1.28
1.28
1.28
1.28
1.28
1.28
1.28
1.28
1.28
1.28
1.28
1.28
1.28
1.28
1.28
1.28
1.28
1.28
1.28
1.28
1.28
1.28
1.28
1.28
1.28
1.28
1.28
1.28
1.28
1.28
1.28
1.28
1.28
1.28
1.28
1.28
1.28
1.28
1.28
1.28
1.28
1.28
1.28
1.28
1.28
1.28
1.28
1.28
1.28
1.28
1.28
1.28
1.28
1.28
1.28
1.28
1.28
1.28
1.28
1.28
1.28
1.28
1.28
1.28
1.28
1.28
1.28
1.28
1.28
1.28
1.28
1.28
1.28
1.28
1.28
1.28
1.28
1.28
1.28
1.28
1.28
1.28
1.28
1.28
1.28
1.28
1.28
1.28
1.28
1.28
1.28
1.28
1.28
1.28
1.28
1.28
1.28
1.28
1.28
1.28
1.28
1.28
1.28
1.28
1.28
1.28
1.28
1.28
1.28
1.28
1.28
1.28
1.28
1.28
1.28
1.28
1.28
1.28
1.28
1.28
1.28
1.28
1.28
1.28
1.28
1.28
1.28
1.28
1.28
1.28
1.28
1.28
1.28
1.28
1.28
1.28
1.28
1.28
1.28
1.28
1.28
1.28
1.28
1.28
1.28
1.28
1.28
1.28
1.28
1.28
1.28
1.28
1.28
1.28
1.28
1.28
1.28
1.28
1.28
1.28
1.28
1.28
1.28
1.28
1.28
1.28
1.28
1.28
1.28
1.28
1.28
1.28
1.28
1.28
1.28
1.28
1.28
1.28
1.28
1.28
1.28
1.28
1.28
1.28
1.28
1.28
1.28
1.28
1.28
1.28
1.28
1.28
1.28
1.28
1.28
1.28
1.28
1.28
1.28
1.28
1.28
1.28
1.28
1.28
1.28
1.28
1.28
1.28
1.28
1.28
1.28
1.28
1.28
1.28
1.28
1.28
1.28
1.28
1.28
1.28
1.28
1.28
1.28
1.28
1.28
1.28
1.28
1.28
1.28
1.28
1.28
1.28
1.28
1.28
1.28
1.28
1.28
1.28
1.28
1.28
1.28
1.28
1.28
1.28
1.28
1.28
1.28
1.28
1.28
1.28
1.28
1.28
1.28
1.28
1.28
1.28
1.28
1.28
1.28
1.28
1.28
1.28
1.28
1.28
1.28
1.28
1.28
1.28
1.28
1.28
1.28
1.28
1.28
1.28
1.28
1.28
1.28
1.28
1.28
1.28
1.28
1.28
1.28
1.28
1.28
1.28
1.28
1.28
1.28
1.28
1.28
1.28
1.28
1.28
1.28
1.28
1.28
1.28
1.28
1.28
1.28
1.28
1.28
1.28
1.28
1.28
1.28
1.28
1.28
1.28
1.28
1.28
1.28
1.28
1.28
1.28
1.28
1.28
1.28
1.28
1.28
1.28
1.28
1.28
1.28
1.28
1.28
1.28
1.28
1.28
1.28
1.28
1.28
1.28
1.28
1.28
1.28
1.28
1.28
1.28
1.28
1.28
1.28
1.28
1.28
1.28
1.28
1.28
1.28
1.28
1.28
1.28
1.28
1.28
1.28
1.28
1.28
1.28
1.28
1.28
1.28
1.28
1.28
1.28
1.28
1.28
1.28
1.28
1.28
1.28
1.28
1.28
1.28
1.28
1.28
1.28
1.28
1.28
1.28
1.28
1.28
1.28
1.28
1.28
1.28
1.28
1.28
1.28
1.28
1.28
1.28
1.28
1.28
1.28
1.28
1.28
1.28
1.28
1.28
1.28
1.28
1.28
1.28
1.28
1.28
1.28
1.28
1.28
1.28
1.28
1.28
1.28
1.28
1.28
1.28
1.28
1.28
1.28
1.28
1.28
1.28
1.28
1.28
1.28
1.28
1.28
1.28
1.28
1.28
1.28
1.28
1.28
1.28
1.28
1.28
1.28
1.28
1.28
1.28
1.28
1.28
1.28
1.28
1.28
1.28
1.28
1.28
1.28
1.28
1.28
1.28
1.28
1.28
1.28
1.28
1.28
1.28001
1.28001
1.28001
1.28001
1.28001
1.28001
1.28001
1.28001
1.28001
1.28001
7.73328
1.28075
1.27999
1.28
1.28
1.28
1.28
1.28
1.28
1.28
7.76532
1.28937
1.28
1.28
1.28
1.28
1.28
1.28
1.28
1.28
7.78224
1.29197
1.28
1.28
1.28
1.28
1.28
1.28
1.28
1.28
7.78893
1.29245
1.28001
1.28
1.28
1.28
1.28
1.28
1.28
1.28
7.79207
1.29263
1.28001
1.28
1.28
1.28
1.28
1.28
1.28
1.28
7.79327
1.29262
1.28001
1.28
1.28
1.28
1.28
1.28
1.28
1.28
7.79296
1.29249
1.28001
1.28
1.28
1.28
1.28
1.28
1.28
1.28
7.79033
1.29204
1.28
1.28
1.28
1.28
1.28
1.28
1.28
1.28
7.78115
1.2896
1.28
1.28
1.28
1.28
1.28
1.28
1.28
1.28
7.76094
1.28155
1.27999
1.28
1.28
1.28
1.28
1.28
1.28
1.28
7.76391
1.28934
1.28
1.28
1.28
1.28
1.28
1.28
1.28
1.28
7.78201
1.29377
1.28001
1.28
1.28
1.28
1.28
1.28
1.28
1.28
7.79089
1.29463
1.28001
1.28
1.28
1.28
1.28
1.28
1.28
1.28
7.79462
1.29467
1.28001
1.28
1.28
1.28
1.28
1.28
1.28
1.28
7.79644
1.29469
1.28001
1.28
1.28
1.28
1.28
1.28
1.28
1.28
7.797
1.29469
1.28001
1.28
1.28
1.28
1.28
1.28
1.28
1.28
7.79646
1.29468
1.28001
1.28
1.28
1.28
1.28
1.28
1.28
1.28
7.79444
1.29464
1.28001
1.28
1.28
1.28
1.28
1.28
1.28
1.28
7.78838
1.29377
1.28001
1.28
1.28
1.28
1.28
1.28
1.28
1.28
7.77494
1.28948
1.28
1.28
1.28
1.28
1.28
1.28
1.28
1.28
7.77959
1.29194
1.28
1.28
1.28
1.28
1.28
1.28
1.28
1.28
7.78974
1.29462
1.28001
1.28
1.28
1.28
1.28
1.28
1.28
1.28
7.79452
1.29498
1.28001
1.28
1.28
1.28
1.28
1.28
1.28
1.28
7.79665
1.29494
1.28001
1.28
1.28
1.28
1.28
1.28
1.28
1.28
7.79767
1.29493
1.28001
1.28
1.28
1.28
1.28
1.28
1.28
1.28
7.79778
1.29493
1.28001
1.28
1.28
1.28
1.28
1.28
1.28
1.28
7.79702
1.29495
1.28001
1.28
1.28
1.28
1.28
1.28
1.28
1.28
7.79521
1.29498
1.28001
1.28
1.28
1.28
1.28
1.28
1.28
1.28
7.79093
1.29462
1.28001
1.28
1.28
1.28
1.28
1.28
1.28
1.28
7.78152
1.29193
1.28
1.28
1.28
1.28
1.28
1.28
1.28
1.28
7.78511
1.29242
1.28001
1.28
1.28
1.28
1.28
1.28
1.28
1.28
7.79257
1.29467
1.28001
1.28
1.28
1.28
1.28
1.28
1.28
1.28
7.79588
1.29494
1.28001
1.28
1.28
1.28
1.28
1.28
1.28
1.28
7.79736
1.29491
1.28001
1.28
1.28
1.28
1.28
1.28
1.28
1.28
7.79798
1.2949
1.28001
1.28
1.28
1.28
1.28
1.28
1.28
1.28
7.79783
1.29491
1.28001
1.28
1.28
1.28
1.28
1.28
1.28
1.28
7.79688
1.29491
1.28001
1.28
1.28
1.28
1.28
1.28
1.28
1.28
7.79504
1.29494
1.28001
1.28
1.28
1.28
1.28
1.28
1.28
1.28
7.79128
1.29466
1.28001
1.28
1.28
1.28
1.28
1.28
1.28
1.28
7.78328
1.29239
1.28001
1.28
1.28
1.28
1.28
1.28
1.28
1.28
7.7871
1.29258
1.28001
1.28
1.28
1.28
1.28
1.28
1.28
1.28
7.79367
1.29468
1.28001
1.28
1.28
1.28
1.28
1.28
1.28
1.28
7.79647
1.29492
1.28001
1.28
1.28
1.28
1.28
1.28
1.28
1.28
7.79768
1.2949
1.28001
1.28
1.28
1.28
1.28
1.28
1.28
1.28
7.79812
1.29489
1.28001
1.28
1.28
1.28
1.28
1.28
1.28
1.28
7.79784
1.29489
1.28001
1.28
1.28
1.28
1.28
1.28
1.28
1.28
7.7968
1.29489
1.28001
1.28
1.28
1.28
1.28
1.28
1.28
1.28
7.79493
1.2949
1.28001
1.28
1.28
1.28
1.28
1.28
1.28
1.28
7.79134
1.29466
1.28001
1.28
1.28
1.28
1.28
1.28
1.28
1.28
7.7838
1.29253
1.28001
1.28
1.28
1.28
1.28
1.28
1.28
1.28
7.7871
1.29258
1.28001
1.28
1.28
1.28
1.28
1.28
1.28
1.28
7.79367
1.29468
1.28001
1.28
1.28
1.28
1.28
1.28
1.28
1.28
7.79647
1.29492
1.28001
1.28
1.28
1.28
1.28
1.28
1.28
1.28
7.79768
1.2949
1.28001
1.28
1.28
1.28
1.28
1.28
1.28
1.28
7.79812
1.29489
1.28001
1.28
1.28
1.28
1.28
1.28
1.28
1.28
7.79784
1.29489
1.28001
1.28
1.28
1.28
1.28
1.28
1.28
1.28
7.7968
1.29489
1.28001
1.28
1.28
1.28
1.28
1.28
1.28
1.28
7.79493
1.2949
1.28001
1.28
1.28
1.28
1.28
1.28
1.28
1.28
7.79134
1.29466
1.28001
1.28
1.28
1.28
1.28
1.28
1.28
1.28
7.7838
1.29253
1.28001
1.28
1.28
1.28
1.28
1.28
1.28
1.28
7.78511
1.29242
1.28001
1.28
1.28
1.28
1.28
1.28
1.28
1.28
7.79257
1.29467
1.28001
1.28
1.28
1.28
1.28
1.28
1.28
1.28
7.79588
1.29494
1.28001
1.28
1.28
1.28
1.28
1.28
1.28
1.28
7.79736
1.29491
1.28001
1.28
1.28
1.28
1.28
1.28
1.28
1.28
7.79798
1.2949
1.28001
1.28
1.28
1.28
1.28
1.28
1.28
1.28
7.79783
1.29491
1.28001
1.28
1.28
1.28
1.28
1.28
1.28
1.28
7.79688
1.29491
1.28001
1.28
1.28
1.28
1.28
1.28
1.28
1.28
7.79504
1.29494
1.28001
1.28
1.28
1.28
1.28
1.28
1.28
1.28
7.79128
1.29466
1.28001
1.28
1.28
1.28
1.28
1.28
1.28
1.28
7.78328
1.29239
1.28001
1.28
1.28
1.28
1.28
1.28
1.28
1.28
7.77959
1.29194
1.28
1.28
1.28
1.28
1.28
1.28
1.28
1.28
7.78974
1.29462
1.28001
1.28
1.28
1.28
1.28
1.28
1.28
1.28
7.79452
1.29498
1.28001
1.28
1.28
1.28
1.28
1.28
1.28
1.28
7.79665
1.29494
1.28001
1.28
1.28
1.28
1.28
1.28
1.28
1.28
7.79767
1.29493
1.28001
1.28
1.28
1.28
1.28
1.28
1.28
1.28
7.79778
1.29493
1.28001
1.28
1.28
1.28
1.28
1.28
1.28
1.28
7.79702
1.29495
1.28001
1.28
1.28
1.28
1.28
1.28
1.28
1.28
7.79521
1.29498
1.28001
1.28
1.28
1.28
1.28
1.28
1.28
1.28
7.79093
1.29462
1.28001
1.28
1.28
1.28
1.28
1.28
1.28
1.28
7.78152
1.29193
1.28
1.28
1.28
1.28
1.28
1.28
1.28
1.28
7.76391
1.28934
1.28
1.28
1.28
1.28
1.28
1.28
1.28
1.28
7.78201
1.29377
1.28001
1.28
1.28
1.28
1.28
1.28
1.28
1.28
7.79089
1.29463
1.28001
1.28
1.28
1.28
1.28
1.28
1.28
1.28
7.79462
1.29467
1.28001
1.28
1.28
1.28
1.28
1.28
1.28
1.28
7.79644
1.29469
1.28001
1.28
1.28
1.28
1.28
1.28
1.28
1.28
7.797
1.29469
1.28001
1.28
1.28
1.28
1.28
1.28
1.28
1.28
7.79646
1.29468
1.28001
1.28
1.28
1.28
1.28
1.28
1.28
1.28
7.79444
1.29464
1.28001
1.28
1.28
1.28
1.28
1.28
1.28
1.28
7.78838
1.29377
1.28001
1.28
1.28
1.28
1.28
1.28
1.28
1.28
7.77494
1.28948
1.28
1.28
1.28
1.28
1.28
1.28
1.28
1.28
7.73328
1.28075
1.27999
1.28
1.28
1.28
1.28
1.28
1.28
1.28
7.76532
1.28937
1.28
1.28
1.28
1.28
1.28
1.28
1.28
1.28
7.78224
1.29197
1.28
1.28
1.28
1.28
1.28
1.28
1.28
1.28
7.78893
1.29245
1.28001
1.28
1.28
1.28
1.28
1.28
1.28
1.28
7.79207
1.29263
1.28001
1.28
1.28
1.28
1.28
1.28
1.28
1.28
7.79327
1.29262
1.28001
1.28
1.28
1.28
1.28
1.28
1.28
1.28
7.79296
1.29249
1.28001
1.28
1.28
1.28
1.28
1.28
1.28
1.28
7.79033
1.29204
1.28
1.28
1.28
1.28
1.28
1.28
1.28
1.28
7.78115
1.2896
1.28
1.28
1.28
1.28
1.28
1.28
1.28
1.28
7.76094
1.28155
1.27999
1.28
1.28
1.28
1.28
1.28
1.28
1.28
1.27853
1.27992
1.27994
1.27995
1.27996
1.27997
1.27997
1.27998
1.27998
1.28025
1.27868
1.27993
1.27994
1.27995
1.27995
1.27996
1.27996
1.27997
1.27997
1.28021
1.27883
1.27993
1.27995
1.27995
1.27996
1.27996
1.27996
1.27997
1.27997
1.2802
1.27897
1.27994
1.27995
1.27995
1.27996
1.27996
1.27996
1.27997
1.27997
1.28018
1.27912
1.27994
1.27995
1.27995
1.27996
1.27996
1.27996
1.27997
1.27997
1.28015
1.27927
1.27995
1.27995
1.27996
1.27996
1.27996
1.27996
1.27996
1.27997
1.28013
1.27941
1.27995
1.27995
1.27996
1.27996
1.27996
1.27996
1.27996
1.27996
1.2801
1.27957
1.27995
1.27995
1.27996
1.27996
1.27996
1.27996
1.27996
1.27996
1.28006
1.27972
1.27995
1.27995
1.27995
1.27996
1.27996
1.27996
1.27996
1.27996
1.28002
1.27987
1.27995
1.27994
1.27994
1.27993
1.27993
1.27993
1.27992
1.27992
1.27994
1.27898
1.28002
1.28002
1.28002
1.28002
1.28002
1.28002
1.28001
1.28001
1.28002
1.27908
1.28001
1.28002
1.28002
1.28001
1.28001
1.28001
1.28001
1.28001
1.28002
1.27917
1.28001
1.28001
1.28001
1.28001
1.28001
1.28001
1.28001
1.28001
1.28002
1.27927
1.28
1.28001
1.28001
1.28001
1.28001
1.28001
1.28001
1.28001
1.28002
1.27937
1.28
1.28
1.28
1.28
1.28
1.28
1.28001
1.28001
1.28001
1.27948
1.28
1.28
1.28
1.28
1.28
1.28
1.28
1.28
1.28001
1.27959
1.28
1.28
1.28
1.28
1.28
1.28
1.28
1.28
1.28001
1.2797
1.27999
1.27999
1.28
1.28
1.28
1.28
1.28
1.28
1.28001
1.27981
1.27999
1.27999
1.27999
1.27999
1.27999
1.28
1.28
1.28
1.28
1.27992
1.27999
1.27999
1.27999
1.27999
1.27999
1.27999
1.27999
1.27999
1.27999
1.27912
1.28
1.28
1.28
1.28
1.28
1.28
1.28
1.28
1.28
1.2792
1.28
1.28
1.28
1.28
1.28
1.28
1.28
1.28
1.28
1.27929
1.28
1.28
1.28
1.28
1.28
1.28
1.28
1.28
1.28
1.27937
1.28
1.28
1.28
1.28
1.28
1.28
1.28
1.28
1.28
1.27946
1.28
1.28
1.28
1.28
1.28
1.28
1.28
1.28
1.28
1.27956
1.28
1.28
1.28
1.28
1.28
1.28
1.28
1.28
1.28
1.27965
1.28
1.28
1.28
1.28
1.28
1.28
1.28
1.28
1.28
1.27975
1.28
1.28
1.28
1.28
1.28
1.28
1.28
1.28
1.28
1.27985
1.28
1.28
1.28
1.28
1.28
1.28
1.28
1.28
1.28
1.27995
1.28
1.28
1.28
1.28
1.28
1.28
1.28
1.28
1.28
1.27912
1.28
1.28
1.28
1.28
1.28
1.28
1.28
1.28
1.28
1.27921
1.28
1.28
1.28
1.28
1.28
1.28
1.28
1.28
1.28
1.27929
1.28
1.28
1.28
1.28
1.28
1.28
1.28
1.28
1.28
1.27938
1.28
1.28
1.28
1.28
1.28
1.28
1.28
1.28
1.28
1.27947
1.28
1.28
1.28
1.28
1.28
1.28
1.28
1.28
1.28
1.27956
1.28
1.28
1.28
1.28
1.28
1.28
1.28
1.28
1.28
1.27966
1.28
1.28
1.28
1.28
1.28
1.28
1.28
1.28
1.28
1.27976
1.28
1.28
1.28
1.28
1.28
1.28
1.28
1.28
1.28
1.27985
1.28
1.28
1.28
1.28
1.28
1.28
1.28
1.28
1.28
1.27995
1.28
1.28
1.28
1.28
1.28
1.28
1.28
1.28
1.28
1.27907
1.28
1.28
1.28
1.28
1.28
1.28
1.28
1.28
1.28
1.27916
1.28
1.28
1.28
1.28
1.28
1.28
1.28
1.28
1.28
1.27925
1.28
1.28
1.28
1.28
1.28
1.28
1.28
1.28
1.28
1.27934
1.28
1.28
1.28
1.28
1.28
1.28
1.28
1.28
1.28
1.27944
1.28
1.28
1.28
1.28
1.28
1.28
1.28
1.28
1.28
1.27954
1.28
1.28
1.28
1.28
1.28
1.28
1.28
1.28
1.28
1.27963
1.28
1.28
1.28
1.28
1.28
1.28
1.28
1.28
1.28
1.27974
1.28
1.28
1.28
1.28
1.28
1.28
1.28
1.28
1.28
1.27984
1.28
1.28
1.28
1.28
1.28
1.28
1.28
1.28
1.28
1.27994
1.28
1.28
1.28
1.28
1.28
1.28
1.28
1.28
1.28
1.27899
1.28
1.28
1.28
1.28
1.28
1.28
1.28
1.28
1.28
1.27908
1.28
1.28
1.28
1.28
1.28
1.28
1.28
1.28
1.28
1.27918
1.28
1.28
1.28
1.28
1.28
1.28
1.28
1.28
1.28
1.27928
1.28
1.28
1.28
1.28
1.28
1.28
1.28
1.28
1.28
1.27938
1.28
1.28
1.28
1.28
1.28
1.28
1.28
1.28
1.28
1.27948
1.28
1.28
1.28
1.28
1.28
1.28
1.28
1.28
1.28
1.27958
1.28
1.28
1.28
1.28
1.28
1.28
1.28
1.28
1.28
1.27969
1.28
1.28
1.28
1.28
1.28
1.28
1.28
1.28
1.28
1.27981
1.28
1.28
1.28
1.28
1.28
1.28
1.28
1.28
1.28
1.27993
1.28
1.28
1.28
1.28
1.28
1.28
1.28
1.28
1.28
1.27893
1.28
1.28
1.28
1.28
1.28
1.28
1.28
1.28
1.28
1.27903
1.28
1.28
1.28
1.28
1.28
1.28
1.28
1.28
1.28
1.27913
1.28
1.28
1.28
1.28
1.28
1.28
1.28
1.28
1.28
1.27922
1.28
1.28
1.28
1.28
1.28
1.28
1.28
1.28
1.28
1.27932
1.28
1.28
1.28
1.28
1.28
1.28
1.28
1.28
1.28
1.27942
1.28
1.28
1.28
1.28
1.28
1.28
1.28
1.28
1.28
1.27953
1.28
1.28
1.28
1.28
1.28
1.28
1.28
1.28
1.28
1.27964
1.28
1.28
1.28
1.28
1.28
1.28
1.28
1.28
1.28
1.27977
1.28
1.28
1.28
1.28
1.28
1.28
1.28
1.28
1.28
1.27991
1.28
1.28
1.28
1.28
1.28
1.28
1.28
1.28
1.28
1.27915
1.28
1.28
1.28
1.28
1.28
1.28
1.28
1.28
1.28
1.27923
1.28
1.28
1.28
1.28
1.28
1.28
1.28
1.28
1.28
1.27931
1.28
1.28
1.28
1.28
1.28
1.28
1.28
1.28
1.28
1.27939
1.28
1.28
1.28
1.28
1.28
1.28
1.28
1.28
1.28
1.27946
1.28
1.28
1.28
1.28
1.28
1.28
1.28
1.28
1.28
1.27954
1.28
1.28
1.28
1.28
1.28
1.28
1.28
1.28
1.28
1.27962
1.28
1.28
1.28
1.28
1.28
1.28
1.28
1.28
1.28
1.27971
1.28
1.28
1.28
1.28
1.28
1.28
1.28
1.28
1.28
1.2798
1.28
1.28
1.28
1.28
1.28
1.28
1.28
1.28
1.28
1.27993
1.28
1.28
1.28
1.28
1.28
1.28
1.28
1.28
1.28
1.28021
1.28001
1.28
1.28
1.28
1.28
1.28
1.28
1.28
1.28
1.28023
1.28
1.28
1.28
1.28
1.28
1.28
1.28
1.28
1.28
1.28024
1.28
1.28
1.28
1.28
1.28
1.28
1.28
1.28
1.28
1.28032
1.28
1.28
1.28
1.28
1.28
1.28
1.28
1.28
1.28
1.28039
1.28
1.28
1.28
1.28
1.28
1.28
1.28
1.28
1.28
1.28046
1.28
1.28
1.28
1.28
1.28
1.28
1.28
1.28
1.28
1.2805
1.28
1.28
1.28
1.28
1.28
1.28
1.28
1.28
1.28
1.28053
1.28
1.28
1.28
1.28
1.28
1.28
1.28
1.28
1.28
1.2805
1.28
1.28
1.28
1.28
1.28
1.28
1.28
1.28
1.28
1.28041
1.28
1.28
1.28
1.28
1.28
1.28
1.28
1.28
1.28001
1.28227
1.28001
1.28
1.28
1.28
1.28
1.28
1.28
1.28
1.28
1.28222
1.28001
1.28
1.28
1.28
1.28
1.28
1.28
1.28
1.28
1.28212
1.28001
1.28
1.28
1.28
1.28
1.28
1.28
1.28
1.28
1.28231
1.28001
1.28
1.28
1.28
1.28
1.28
1.28
1.28
1.28
1.2825
1.28001
1.28
1.28
1.28
1.28
1.28
1.28
1.28
1.28
1.28271
1.28001
1.28
1.28
1.28
1.28
1.28
1.28
1.28
1.28
1.28294
1.28001
1.28
1.28
1.28
1.28
1.28
1.28
1.28
1.28
1.2832
1.28001
1.28
1.28
1.28
1.28
1.28
1.28
1.28
1.28
1.2835
1.28002
1.28
1.28
1.28
1.28
1.28
1.28
1.28
1.28
1.28382
1.28002
1.28
1.28
1.28
1.28
1.28
1.28
1.28002
1.28009
1.28047
1.27998
1.28
1.28
1.28
1.28
1.28
1.28
1.28
1.28
1.28054
1.28
1.28
1.28
1.28
1.28
1.28
1.28
1.28
1.28
1.28068
1.28002
1.28
1.28
1.28
1.28
1.28
1.28
1.28
1.28
1.28074
1.28004
1.28
1.28
1.28
1.28
1.28
1.28
1.28
1.28
1.28079
1.28007
1.28
1.28
1.28
1.28
1.28
1.28
1.28
1.28
1.28084
1.28009
1.28
1.28
1.28
1.28
1.28
1.28
1.28
1.28
1.28091
1.28012
1.28
1.28
1.28
1.28
1.28
1.28
1.28
1.28
1.28123
1.28016
1.28
1.28
1.28
1.28
1.28
1.28
1.28
1.28
1.28149
1.28019
1.28
1.28
1.28
1.28
1.28
1.28
1.28
1.28
1.28173
1.28023
1.28
1.28
1.28
1.28
1.28
1.28001
1.28013
1.28045
1.28079
1.28002
1.28
1.28
1.28
1.28
1.28
1.28
1.28
1.28
1.28086
1.28005
1.28
1.28
1.28
1.28
1.28
1.28
1.28
1.28
1.28088
1.28008
1.28
1.28
1.28
1.28
1.28
1.28
1.28
1.28
1.28089
1.28011
1.28
1.28
1.28
1.28
1.28
1.28
1.28
1.28
1.28118
1.28015
1.28
1.28
1.28
1.28
1.28
1.28
1.28
1.28
1.28144
1.28019
1.28
1.28
1.28
1.28
1.28
1.28
1.28
1.28
1.28165
1.28024
1.28
1.28
1.28
1.28
1.28
1.28
1.28
1.28
1.28156
1.28028
1.28
1.28
1.28
1.28
1.28
1.28
1.28
1.28
1.28153
1.28033
1.28
1.28
1.28
1.28
1.28
1.28
1.28
1.28
1.28153
1.28039
1.28
1.28
1.28
1.28
1.28
1.28
1.27999
1.28017
1.28079
1.28008
1.28
1.28
1.28
1.28
1.28
1.28
1.28
1.28
1.28082
1.28011
1.28
1.28
1.28
1.28
1.28
1.28
1.28
1.28
1.28116
1.28016
1.28
1.28
1.28
1.28
1.28
1.28
1.28
1.28
1.28142
1.2802
1.28
1.28
1.28
1.28
1.28
1.28
1.28
1.28
1.28136
1.28025
1.28
1.28
1.28
1.28
1.28
1.28
1.28
1.28
1.28131
1.28031
1.28
1.28
1.28
1.28
1.28
1.28
1.28
1.28
1.28129
1.28038
1.28
1.28
1.28
1.28
1.28
1.28
1.28
1.28
1.2813
1.28045
1.28
1.28
1.28
1.28
1.28
1.28
1.28
1.28
1.28132
1.28052
1.28001
1.28
1.28
1.28
1.28
1.28
1.28
1.28
1.28135
1.28061
1.28001
1.28
1.28
1.28
1.28
1.28
1.27999
1.27999
1.28097
1.28014
1.28
1.28
1.28
1.28
1.28
1.28
1.28
1.28
1.2812
1.28019
1.28
1.28
1.28
1.28
1.28
1.28
1.28
1.28
1.28107
1.28024
1.28
1.28
1.28
1.28
1.28
1.28
1.28
1.28
1.28101
1.2803
1.28
1.28
1.28
1.28
1.28
1.28
1.28
1.28
1.28098
1.28037
1.28
1.28
1.28
1.28
1.28
1.28
1.28
1.28
1.28096
1.28045
1.28001
1.28
1.28
1.28
1.28
1.28
1.28
1.28
1.28097
1.28054
1.28001
1.28
1.28
1.28
1.28
1.28
1.28
1.28
1.28098
1.28065
1.28001
1.28
1.28
1.28
1.28
1.28
1.28
1.28
1.28101
1.28077
1.28001
1.28
1.28
1.28
1.28
1.28
1.28
1.28
1.28105
1.28091
1.28002
1.28
1.28
1.28
1.28
1.28
1.28
1.27997
1.28079
1.28019
1.28
1.28
1.28
1.28
1.28
1.28
1.28
1.28
1.28067
1.28024
1.28
1.28
1.28
1.28
1.28
1.28
1.28
1.28
1.2806
1.28031
1.28
1.28
1.28
1.28
1.28
1.28
1.28
1.28
1.28054
1.28039
1.28001
1.28
1.28
1.28
1.28
1.28
1.28
1.28
1.28049
1.28048
1.28001
1.28
1.28
1.28
1.28
1.28
1.28
1.28
1.28045
1.28059
1.28001
1.28
1.28
1.28
1.28
1.28
1.28
1.28
1.28043
1.28072
1.28001
1.28
1.28
1.28
1.28
1.28
1.28
1.28
1.28041
1.28088
1.28002
1.28
1.28
1.28
1.28
1.28
1.28
1.28
1.28041
1.28106
1.28002
1.28
1.28
1.28
1.28
1.28
1.28
1.28
1.28042
1.28127
1.28003
1.28
1.28
1.28
1.28
1.28
1.28
1.27996
1.28025
1.28021
1.28
1.28
1.28
1.28
1.28
1.28
1.28
1.28
1.28012
1.28027
1.28001
1.28
1.28
1.28
1.28
1.28
1.28
1.28
1.27999
1.28035
1.28001
1.28
1.28
1.28
1.28
1.28
1.28
1.28
1.27987
1.28044
1.28001
1.28
1.28
1.28
1.28
1.28
1.28
1.28
1.27975
1.28056
1.28001
1.28
1.28
1.28
1.28
1.28
1.28
1.28
1.27962
1.28069
1.28002
1.28
1.28
1.28
1.28
1.28
1.28
1.28
1.2795
1.28086
1.28002
1.28
1.28
1.28
1.28
1.28
1.28
1.28
1.27938
1.28106
1.28003
1.28
1.28
1.28
1.28
1.28
1.28
1.28
1.27926
1.28131
1.28004
1.28
1.28
1.28
1.28
1.28
1.28
1.28
1.27914
1.28162
1.28005
1.28
1.28
1.28
1.28
1.28
1.28
1.27996
1.27964
1.28019
1.28
1.28
1.28
1.28
1.28
1.28
1.28
1.28
1.27941
1.28025
1.28001
1.28
1.28
1.28
1.28
1.28
1.28
1.28
1.27919
1.28032
1.28001
1.28
1.28
1.28
1.28
1.28
1.28
1.28
1.27894
1.28041
1.28001
1.28
1.28
1.28
1.28
1.28
1.28
1.28
1.27867
1.28053
1.28001
1.28
1.28
1.28
1.28
1.28
1.28
1.28
1.27837
1.28067
1.28002
1.28
1.28
1.28
1.28
1.28
1.28
1.28
1.27803
1.28085
1.28003
1.28
1.28
1.28
1.28
1.28
1.28
1.28
1.27766
1.28107
1.28004
1.28
1.28
1.28
1.28
1.28
1.28
1.28
1.27726
1.28136
1.28006
1.28
1.28
1.28
1.28
1.28
1.28
1.28
1.27678
1.28172
1.28008
1.28
1.28
1.28
1.28
1.28
1.28
1.27996
1.27896
1.28012
1.28
1.28
1.28
1.28
1.28
1.28
1.28
1.28
1.27862
1.28016
1.28
1.28
1.28
1.28
1.28
1.28
1.28
1.28
1.27824
1.28021
1.28001
1.28
1.28
1.28
1.28
1.28
1.28
1.28
1.27781
1.28027
1.28001
1.28
1.28
1.28
1.28
1.28
1.28
1.28
1.27732
1.28035
1.28001
1.28
1.28
1.28
1.28
1.28
1.28
1.28
1.27674
1.28045
1.28002
1.28
1.28
1.28
1.28
1.28
1.28
1.28
1.27607
1.28058
1.28003
1.28
1.28
1.28
1.28
1.28
1.28
1.28
1.27528
1.28074
1.28004
1.28
1.28
1.28
1.28
1.28
1.28
1.28
1.27433
1.28096
1.28006
1.28
1.28
1.28
1.28
1.28
1.28
1.28
1.27318
1.28125
1.28009
1.28
1.28
1.28
1.28
1.28
1.28
1.27997
1.27835
1.28003
1.28
1.28
1.28
1.28
1.28
1.28
1.28
1.28
1.27788
1.28003
1.28
1.28
1.28
1.28
1.28
1.28
1.28
1.28
1.27735
1.28004
1.28
1.28
1.28
1.28
1.28
1.28
1.28
1.28
1.27672
1.28005
1.28
1.28
1.28
1.28
1.28
1.28
1.28
1.28
1.27599
1.28006
1.28
1.28
1.28
1.28
1.28
1.28
1.28
1.28
1.2751
1.28007
1.28001
1.28
1.28
1.28
1.28
1.28
1.28
1.28
1.27404
1.28009
1.28001
1.28
1.28
1.28
1.28
1.28
1.28
1.28
1.27274
1.2801
1.28002
1.28
1.28
1.28
1.28
1.28
1.28
1.28
1.27113
1.2801
1.28002
1.28
1.28
1.28
1.28
1.28
1.28
1.28
1.26909
1.28009
1.28004
1.28
1.28
1.28
1.28
1.28
1.28
1.28002
1.27798
1.27996
1.28
1.28
1.28
1.28
1.28
1.28
1.28
1.28
1.27742
1.27994
1.28
1.28
1.28
1.28
1.28
1.28
1.28
1.28
1.27679
1.27991
1.28
1.28
1.28
1.28
1.28
1.28
1.28
1.28
1.27604
1.27988
1.28
1.28
1.28
1.28
1.28
1.28
1.28
1.28
1.27514
1.27983
1.28
1.28
1.28
1.28
1.28
1.28
1.28
1.28
1.27405
1.27976
1.27999
1.28
1.28
1.28
1.28
1.28
1.28
1.28
1.27272
1.27966
1.27999
1.28
1.28
1.28
1.28
1.28
1.28
1.28
1.27107
1.27952
1.27998
1.28
1.28
1.28
1.28
1.28
1.28
1.28
1.269
1.27931
1.27997
1.28
1.28
1.28
1.28
1.28
1.28
1.28
1.26633
1.27898
1.27995
1.28
1.28
1.28
1.28
1.28
1.28002
1.28024
1.27798
1.27996
1.28
1.28
1.28
1.28
1.28
1.28
1.28
1.28
1.27742
1.27994
1.28
1.28
1.28
1.28
1.28
1.28
1.28
1.28
1.27679
1.27991
1.28
1.28
1.28
1.28
1.28
1.28
1.28
1.28
1.27604
1.27988
1.28
1.28
1.28
1.28
1.28
1.28
1.28
1.28
1.27514
1.27983
1.28
1.28
1.28
1.28
1.28
1.28
1.28
1.28
1.27405
1.27976
1.27999
1.28
1.28
1.28
1.28
1.28
1.28
1.28
1.27272
1.27966
1.27999
1.28
1.28
1.28
1.28
1.28
1.28
1.28
1.27107
1.27952
1.27998
1.28
1.28
1.28
1.28
1.28
1.28
1.28
1.269
1.27931
1.27997
1.28
1.28
1.28
1.28
1.28
1.28
1.28
1.26633
1.27898
1.27995
1.28
1.28
1.28
1.28
1.28
1.28002
1.28024
1.27835
1.28003
1.28
1.28
1.28
1.28
1.28
1.28
1.28
1.28
1.27788
1.28003
1.28
1.28
1.28
1.28
1.28
1.28
1.28
1.28
1.27735
1.28004
1.28
1.28
1.28
1.28
1.28
1.28
1.28
1.28
1.27672
1.28005
1.28
1.28
1.28
1.28
1.28
1.28
1.28
1.28
1.27599
1.28006
1.28
1.28
1.28
1.28
1.28
1.28
1.28
1.28
1.2751
1.28007
1.28001
1.28
1.28
1.28
1.28
1.28
1.28
1.28
1.27404
1.28009
1.28001
1.28
1.28
1.28
1.28
1.28
1.28
1.28
1.27274
1.2801
1.28002
1.28
1.28
1.28
1.28
1.28
1.28
1.28
1.27113
1.2801
1.28002
1.28
1.28
1.28
1.28
1.28
1.28
1.28
1.26909
1.28009
1.28004
1.28
1.28
1.28
1.28
1.28
1.28
1.28002
1.27896
1.28012
1.28
1.28
1.28
1.28
1.28
1.28
1.28
1.28
1.27862
1.28016
1.28
1.28
1.28
1.28
1.28
1.28
1.28
1.28
1.27824
1.28021
1.28001
1.28
1.28
1.28
1.28
1.28
1.28
1.28
1.27781
1.28027
1.28001
1.28
1.28
1.28
1.28
1.28
1.28
1.28
1.27732
1.28035
1.28001
1.28
1.28
1.28
1.28
1.28
1.28
1.28
1.27674
1.28045
1.28002
1.28
1.28
1.28
1.28
1.28
1.28
1.28
1.27607
1.28058
1.28003
1.28
1.28
1.28
1.28
1.28
1.28
1.28
1.27528
1.28074
1.28004
1.28
1.28
1.28
1.28
1.28
1.28
1.28
1.27433
1.28096
1.28006
1.28
1.28
1.28
1.28
1.28
1.28
1.28
1.27318
1.28125
1.28009
1.28
1.28
1.28
1.28
1.28
1.28
1.27997
1.27964
1.28019
1.28
1.28
1.28
1.28
1.28
1.28
1.28
1.28
1.27941
1.28025
1.28001
1.28
1.28
1.28
1.28
1.28
1.28
1.28
1.27919
1.28032
1.28001
1.28
1.28
1.28
1.28
1.28
1.28
1.28
1.27894
1.28041
1.28001
1.28
1.28
1.28
1.28
1.28
1.28
1.28
1.27867
1.28053
1.28001
1.28
1.28
1.28
1.28
1.28
1.28
1.28
1.27837
1.28067
1.28002
1.28
1.28
1.28
1.28
1.28
1.28
1.28
1.27803
1.28085
1.28003
1.28
1.28
1.28
1.28
1.28
1.28
1.28
1.27766
1.28107
1.28004
1.28
1.28
1.28
1.28
1.28
1.28
1.28
1.27726
1.28136
1.28006
1.28
1.28
1.28
1.28
1.28
1.28
1.28
1.27678
1.28172
1.28008
1.28
1.28
1.28
1.28
1.28
1.28
1.27996
1.28025
1.28021
1.28
1.28
1.28
1.28
1.28
1.28
1.28
1.28
1.28012
1.28027
1.28001
1.28
1.28
1.28
1.28
1.28
1.28
1.28
1.27999
1.28035
1.28001
1.28
1.28
1.28
1.28
1.28
1.28
1.28
1.27987
1.28044
1.28001
1.28
1.28
1.28
1.28
1.28
1.28
1.28
1.27975
1.28056
1.28001
1.28
1.28
1.28
1.28
1.28
1.28
1.28
1.27962
1.28069
1.28002
1.28
1.28
1.28
1.28
1.28
1.28
1.28
1.2795
1.28086
1.28002
1.28
1.28
1.28
1.28
1.28
1.28
1.28
1.27938
1.28106
1.28003
1.28
1.28
1.28
1.28
1.28
1.28
1.28
1.27926
1.28131
1.28004
1.28
1.28
1.28
1.28
1.28
1.28
1.28
1.27914
1.28162
1.28005
1.28
1.28
1.28
1.28
1.28
1.28
1.27996
1.28079
1.28019
1.28
1.28
1.28
1.28
1.28
1.28
1.28
1.28
1.28067
1.28024
1.28
1.28
1.28
1.28
1.28
1.28
1.28
1.28
1.2806
1.28031
1.28
1.28
1.28
1.28
1.28
1.28
1.28
1.28
1.28054
1.28039
1.28001
1.28
1.28
1.28
1.28
1.28
1.28
1.28
1.28049
1.28048
1.28001
1.28
1.28
1.28
1.28
1.28
1.28
1.28
1.28045
1.28059
1.28001
1.28
1.28
1.28
1.28
1.28
1.28
1.28
1.28043
1.28072
1.28001
1.28
1.28
1.28
1.28
1.28
1.28
1.28
1.28041
1.28088
1.28002
1.28
1.28
1.28
1.28
1.28
1.28
1.28
1.28041
1.28106
1.28002
1.28
1.28
1.28
1.28
1.28
1.28
1.28
1.28042
1.28127
1.28003
1.28
1.28
1.28
1.28
1.28
1.28
1.27996
1.28097
1.28014
1.28
1.28
1.28
1.28
1.28
1.28
1.28
1.28
1.2812
1.28019
1.28
1.28
1.28
1.28
1.28
1.28
1.28
1.28
1.28107
1.28024
1.28
1.28
1.28
1.28
1.28
1.28
1.28
1.28
1.28101
1.2803
1.28
1.28
1.28
1.28
1.28
1.28
1.28
1.28
1.28098
1.28037
1.28
1.28
1.28
1.28
1.28
1.28
1.28
1.28
1.28096
1.28045
1.28001
1.28
1.28
1.28
1.28
1.28
1.28
1.28
1.28097
1.28054
1.28001
1.28
1.28
1.28
1.28
1.28
1.28
1.28
1.28098
1.28065
1.28001
1.28
1.28
1.28
1.28
1.28
1.28
1.28
1.28101
1.28077
1.28001
1.28
1.28
1.28
1.28
1.28
1.28
1.28
1.28105
1.28091
1.28002
1.28
1.28
1.28
1.28
1.28
1.28
1.27997
1.28079
1.28008
1.28
1.28
1.28
1.28
1.28
1.28
1.28
1.28
1.28082
1.28011
1.28
1.28
1.28
1.28
1.28
1.28
1.28
1.28
1.28116
1.28016
1.28
1.28
1.28
1.28
1.28
1.28
1.28
1.28
1.28142
1.2802
1.28
1.28
1.28
1.28
1.28
1.28
1.28
1.28
1.28136
1.28025
1.28
1.28
1.28
1.28
1.28
1.28
1.28
1.28
1.28131
1.28031
1.28
1.28
1.28
1.28
1.28
1.28
1.28
1.28
1.28129
1.28038
1.28
1.28
1.28
1.28
1.28
1.28
1.28
1.28
1.2813
1.28045
1.28
1.28
1.28
1.28
1.28
1.28
1.28
1.28
1.28132
1.28052
1.28001
1.28
1.28
1.28
1.28
1.28
1.28
1.28
1.28135
1.28061
1.28001
1.28
1.28
1.28
1.28
1.28
1.27999
1.27999
1.28079
1.28002
1.28
1.28
1.28
1.28
1.28
1.28
1.28
1.28
1.28086
1.28005
1.28
1.28
1.28
1.28
1.28
1.28
1.28
1.28
1.28088
1.28008
1.28
1.28
1.28
1.28
1.28
1.28
1.28
1.28
1.28089
1.28011
1.28
1.28
1.28
1.28
1.28
1.28
1.28
1.28
1.28118
1.28015
1.28
1.28
1.28
1.28
1.28
1.28
1.28
1.28
1.28144
1.28019
1.28
1.28
1.28
1.28
1.28
1.28
1.28
1.28
1.28165
1.28024
1.28
1.28
1.28
1.28
1.28
1.28
1.28
1.28
1.28156
1.28028
1.28
1.28
1.28
1.28
1.28
1.28
1.28
1.28
1.28153
1.28033
1.28
1.28
1.28
1.28
1.28
1.28
1.28
1.28
1.28153
1.28039
1.28
1.28
1.28
1.28
1.28
1.28
1.27999
1.28017
1.28047
1.27998
1.28
1.28
1.28
1.28
1.28
1.28
1.28
1.28
1.28054
1.28
1.28
1.28
1.28
1.28
1.28
1.28
1.28
1.28
1.28068
1.28002
1.28
1.28
1.28
1.28
1.28
1.28
1.28
1.28
1.28074
1.28004
1.28
1.28
1.28
1.28
1.28
1.28
1.28
1.28
1.28079
1.28007
1.28
1.28
1.28
1.28
1.28
1.28
1.28
1.28
1.28084
1.28009
1.28
1.28
1.28
1.28
1.28
1.28
1.28
1.28
1.28091
1.28012
1.28
1.28
1.28
1.28
1.28
1.28
1.28
1.28
1.28123
1.28016
1.28
1.28
1.28
1.28
1.28
1.28
1.28
1.28
1.28149
1.28019
1.28
1.28
1.28
1.28
1.28
1.28
1.28
1.28
1.28173
1.28023
1.28
1.28
1.28
1.28
1.28
1.28001
1.28013
1.28046
1.28227
1.28001
1.28
1.28
1.28
1.28
1.28
1.28
1.28
1.28
1.28222
1.28001
1.28
1.28
1.28
1.28
1.28
1.28
1.28
1.28
1.28212
1.28001
1.28
1.28
1.28
1.28
1.28
1.28
1.28
1.28
1.28231
1.28001
1.28
1.28
1.28
1.28
1.28
1.28
1.28
1.28
1.2825
1.28001
1.28
1.28
1.28
1.28
1.28
1.28
1.28
1.28
1.28271
1.28001
1.28
1.28
1.28
1.28
1.28
1.28
1.28
1.28
1.28294
1.28001
1.28
1.28
1.28
1.28
1.28
1.28
1.28
1.28
1.2832
1.28001
1.28
1.28
1.28
1.28
1.28
1.28
1.28
1.28
1.2835
1.28002
1.28
1.28
1.28
1.28
1.28
1.28
1.28
1.28
1.28382
1.28002
1.28
1.28
1.28
1.28
1.28
1.28
1.28002
1.28009
1.28021
1.28001
1.28
1.28
1.28
1.28
1.28
1.28
1.28
1.28
1.28023
1.28
1.28
1.28
1.28
1.28
1.28
1.28
1.28
1.28
1.28024
1.28
1.28
1.28
1.28
1.28
1.28
1.28
1.28
1.28
1.28032
1.28
1.28
1.28
1.28
1.28
1.28
1.28
1.28
1.28
1.28039
1.28
1.28
1.28
1.28
1.28
1.28
1.28
1.28
1.28
1.28046
1.28
1.28
1.28
1.28
1.28
1.28
1.28
1.28
1.28
1.2805
1.28
1.28
1.28
1.28
1.28
1.28
1.28
1.28
1.28
1.28053
1.28
1.28
1.28
1.28
1.28
1.28
1.28
1.28
1.28
1.2805
1.28
1.28
1.28
1.28
1.28
1.28
1.28
1.28
1.28
1.28041
1.28
1.28
1.28
1.28
1.28
1.28
1.28
1.28
1.28001
1.27915
1.28
1.28
1.28
1.28
1.28
1.28
1.28
1.28
1.28
1.27923
1.28
1.28
1.28
1.28
1.28
1.28
1.28
1.28
1.28
1.27931
1.28
1.28
1.28
1.28
1.28
1.28
1.28
1.28
1.28
1.27939
1.28
1.28
1.28
1.28
1.28
1.28
1.28
1.28
1.28
1.27946
1.28
1.28
1.28
1.28
1.28
1.28
1.28
1.28
1.28
1.27954
1.28
1.28
1.28
1.28
1.28
1.28
1.28
1.28
1.28
1.27962
1.28
1.28
1.28
1.28
1.28
1.28
1.28
1.28
1.28
1.27971
1.28
1.28
1.28
1.28
1.28
1.28
1.28
1.28
1.28
1.2798
1.28
1.28
1.28
1.28
1.28
1.28
1.28
1.28
1.28
1.27993
1.28
1.28
1.28
1.28
1.28
1.28
1.28
1.28
1.28
1.27893
1.28
1.28
1.28
1.28
1.28
1.28
1.28
1.28
1.28
1.27903
1.28
1.28
1.28
1.28
1.28
1.28
1.28
1.28
1.28
1.27913
1.28
1.28
1.28
1.28
1.28
1.28
1.28
1.28
1.28
1.27922
1.28
1.28
1.28
1.28
1.28
1.28
1.28
1.28
1.28
1.27932
1.28
1.28
1.28
1.28
1.28
1.28
1.28
1.28
1.28
1.27942
1.28
1.28
1.28
1.28
1.28
1.28
1.28
1.28
1.28
1.27953
1.28
1.28
1.28
1.28
1.28
1.28
1.28
1.28
1.28
1.27964
1.28
1.28
1.28
1.28
1.28
1.28
1.28
1.28
1.28
1.27977
1.28
1.28
1.28
1.28
1.28
1.28
1.28
1.28
1.28
1.27991
1.28
1.28
1.28
1.28
1.28
1.28
1.28
1.28
1.28
1.27899
1.28
1.28
1.28
1.28
1.28
1.28
1.28
1.28
1.28
1.27908
1.28
1.28
1.28
1.28
1.28
1.28
1.28
1.28
1.28
1.27918
1.28
1.28
1.28
1.28
1.28
1.28
1.28
1.28
1.28
1.27928
1.28
1.28
1.28
1.28
1.28
1.28
1.28
1.28
1.28
1.27938
1.28
1.28
1.28
1.28
1.28
1.28
1.28
1.28
1.28
1.27948
1.28
1.28
1.28
1.28
1.28
1.28
1.28
1.28
1.28
1.27958
1.28
1.28
1.28
1.28
1.28
1.28
1.28
1.28
1.28
1.27969
1.28
1.28
1.28
1.28
1.28
1.28
1.28
1.28
1.28
1.27981
1.28
1.28
1.28
1.28
1.28
1.28
1.28
1.28
1.28
1.27993
1.28
1.28
1.28
1.28
1.28
1.28
1.28
1.28
1.28
1.27907
1.28
1.28
1.28
1.28
1.28
1.28
1.28
1.28
1.28
1.27916
1.28
1.28
1.28
1.28
1.28
1.28
1.28
1.28
1.28
1.27925
1.28
1.28
1.28
1.28
1.28
1.28
1.28
1.28
1.28
1.27934
1.28
1.28
1.28
1.28
1.28
1.28
1.28
1.28
1.28
1.27944
1.28
1.28
1.28
1.28
1.28
1.28
1.28
1.28
1.28
1.27954
1.28
1.28
1.28
1.28
1.28
1.28
1.28
1.28
1.28
1.27963
1.28
1.28
1.28
1.28
1.28
1.28
1.28
1.28
1.28
1.27974
1.28
1.28
1.28
1.28
1.28
1.28
1.28
1.28
1.28
1.27984
1.28
1.28
1.28
1.28
1.28
1.28
1.28
1.28
1.28
1.27994
1.28
1.28
1.28
1.28
1.28
1.28
1.28
1.28
1.28
1.27912
1.28
1.28
1.28
1.28
1.28
1.28
1.28
1.28
1.28
1.27921
1.28
1.28
1.28
1.28
1.28
1.28
1.28
1.28
1.28
1.27929
1.28
1.28
1.28
1.28
1.28
1.28
1.28
1.28
1.28
1.27938
1.28
1.28
1.28
1.28
1.28
1.28
1.28
1.28
1.28
1.27947
1.28
1.28
1.28
1.28
1.28
1.28
1.28
1.28
1.28
1.27956
1.28
1.28
1.28
1.28
1.28
1.28
1.28
1.28
1.28
1.27966
1.28
1.28
1.28
1.28
1.28
1.28
1.28
1.28
1.28
1.27976
1.28
1.28
1.28
1.28
1.28
1.28
1.28
1.28
1.28
1.27985
1.28
1.28
1.28
1.28
1.28
1.28
1.28
1.28
1.28
1.27995
1.28
1.28
1.28
1.28
1.28
1.28
1.28
1.28
1.28
1.27912
1.28
1.28
1.28
1.28
1.28
1.28
1.28
1.28
1.28
1.2792
1.28
1.28
1.28
1.28
1.28
1.28
1.28
1.28
1.28
1.27929
1.28
1.28
1.28
1.28
1.28
1.28
1.28
1.28
1.28
1.27937
1.28
1.28
1.28
1.28
1.28
1.28
1.28
1.28
1.28
1.27946
1.28
1.28
1.28
1.28
1.28
1.28
1.28
1.28
1.28
1.27956
1.28
1.28
1.28
1.28
1.28
1.28
1.28
1.28
1.28
1.27965
1.28
1.28
1.28
1.28
1.28
1.28
1.28
1.28
1.28
1.27975
1.28
1.28
1.28
1.28
1.28
1.28
1.28
1.28
1.28
1.27985
1.28
1.28
1.28
1.28
1.28
1.28
1.28
1.28
1.28
1.27995
1.28
1.28
1.28
1.28
1.28
1.28
1.28
1.28
1.28
1.27898
1.28002
1.28002
1.28002
1.28002
1.28002
1.28002
1.28001
1.28001
1.28002
1.27908
1.28001
1.28002
1.28002
1.28001
1.28001
1.28001
1.28001
1.28001
1.28002
1.27917
1.28001
1.28001
1.28001
1.28001
1.28001
1.28001
1.28001
1.28001
1.28002
1.27927
1.28
1.28001
1.28001
1.28001
1.28001
1.28001
1.28001
1.28001
1.28002
1.27937
1.28
1.28
1.28
1.28
1.28
1.28
1.28001
1.28001
1.28001
1.27948
1.28
1.28
1.28
1.28
1.28
1.28
1.28
1.28
1.28001
1.27959
1.28
1.28
1.28
1.28
1.28
1.28
1.28
1.28
1.28001
1.2797
1.27999
1.27999
1.28
1.28
1.28
1.28
1.28
1.28
1.28001
1.27981
1.27999
1.27999
1.27999
1.27999
1.27999
1.28
1.28
1.28
1.28
1.27992
1.27999
1.27999
1.27999
1.27999
1.27999
1.27999
1.27999
1.27999
1.27999
1.27853
1.27992
1.27994
1.27995
1.27996
1.27997
1.27997
1.27998
1.27998
1.28025
1.27868
1.27993
1.27994
1.27995
1.27995
1.27996
1.27996
1.27997
1.27997
1.28021
1.27883
1.27993
1.27995
1.27995
1.27996
1.27996
1.27996
1.27997
1.27997
1.2802
1.27897
1.27994
1.27995
1.27995
1.27996
1.27996
1.27996
1.27997
1.27997
1.28018
1.27912
1.27994
1.27995
1.27995
1.27996
1.27996
1.27996
1.27997
1.27997
1.28015
1.27927
1.27995
1.27995
1.27996
1.27996
1.27996
1.27996
1.27996
1.27997
1.28013
1.27941
1.27995
1.27995
1.27996
1.27996
1.27996
1.27996
1.27996
1.27996
1.2801
1.27957
1.27995
1.27995
1.27996
1.27996
1.27996
1.27996
1.27996
1.27996
1.28006
1.27972
1.27995
1.27995
1.27995
1.27996
1.27996
1.27996
1.27996
1.27996
1.28002
1.27987
1.27995
1.27994
1.27994
1.27993
1.27993
1.27993
1.27992
1.27992
1.27994
1.28025
1.27998
1.27998
1.27997
1.27997
1.27996
1.27995
1.27994
1.27992
1.27853
1.28021
1.27997
1.27997
1.27996
1.27996
1.27995
1.27995
1.27994
1.27993
1.27868
1.2802
1.27997
1.27997
1.27996
1.27996
1.27996
1.27995
1.27995
1.27993
1.27883
1.28018
1.27997
1.27997
1.27996
1.27996
1.27996
1.27995
1.27995
1.27994
1.27897
1.28015
1.27997
1.27997
1.27996
1.27996
1.27996
1.27995
1.27995
1.27994
1.27912
1.28013
1.27997
1.27996
1.27996
1.27996
1.27996
1.27996
1.27995
1.27995
1.27927
1.2801
1.27996
1.27996
1.27996
1.27996
1.27996
1.27996
1.27995
1.27995
1.27941
1.28006
1.27996
1.27996
1.27996
1.27996
1.27996
1.27996
1.27995
1.27995
1.27957
1.28002
1.27996
1.27996
1.27996
1.27996
1.27996
1.27995
1.27995
1.27995
1.27972
1.27994
1.27992
1.27992
1.27993
1.27993
1.27993
1.27994
1.27994
1.27995
1.27987
1.28002
1.28001
1.28001
1.28002
1.28002
1.28002
1.28002
1.28002
1.28002
1.27898
1.28002
1.28001
1.28001
1.28001
1.28001
1.28001
1.28002
1.28002
1.28001
1.27908
1.28002
1.28001
1.28001
1.28001
1.28001
1.28001
1.28001
1.28001
1.28001
1.27917
1.28002
1.28001
1.28001
1.28001
1.28001
1.28001
1.28001
1.28001
1.28
1.27927
1.28001
1.28001
1.28001
1.28
1.28
1.28
1.28
1.28
1.28
1.27937
1.28001
1.28
1.28
1.28
1.28
1.28
1.28
1.28
1.28
1.27948
1.28001
1.28
1.28
1.28
1.28
1.28
1.28
1.28
1.28
1.27959
1.28001
1.28
1.28
1.28
1.28
1.28
1.28
1.27999
1.27999
1.2797
1.28
1.28
1.28
1.28
1.27999
1.27999
1.27999
1.27999
1.27999
1.27981
1.27999
1.27999
1.27999
1.27999
1.27999
1.27999
1.27999
1.27999
1.27999
1.27992
1.28
1.28
1.28
1.28
1.28
1.28
1.28
1.28
1.28
1.27912
1.28
1.28
1.28
1.28
1.28
1.28
1.28
1.28
1.28
1.2792
1.28
1.28
1.28
1.28
1.28
1.28
1.28
1.28
1.28
1.27929
1.28
1.28
1.28
1.28
1.28
1.28
1.28
1.28
1.28
1.27937
1.28
1.28
1.28
1.28
1.28
1.28
1.28
1.28
1.28
1.27946
1.28
1.28
1.28
1.28
1.28
1.28
1.28
1.28
1.28
1.27956
1.28
1.28
1.28
1.28
1.28
1.28
1.28
1.28
1.28
1.27965
1.28
1.28
1.28
1.28
1.28
1.28
1.28
1.28
1.28
1.27975
1.28
1.28
1.28
1.28
1.28
1.28
1.28
1.28
1.28
1.27985
1.28
1.28
1.28
1.28
1.28
1.28
1.28
1.28
1.28
1.27995
1.28
1.28
1.28
1.28
1.28
1.28
1.28
1.28
1.28
1.27912
1.28
1.28
1.28
1.28
1.28
1.28
1.28
1.28
1.28
1.27921
1.28
1.28
1.28
1.28
1.28
1.28
1.28
1.28
1.28
1.27929
1.28
1.28
1.28
1.28
1.28
1.28
1.28
1.28
1.28
1.27938
1.28
1.28
1.28
1.28
1.28
1.28
1.28
1.28
1.28
1.27947
1.28
1.28
1.28
1.28
1.28
1.28
1.28
1.28
1.28
1.27956
1.28
1.28
1.28
1.28
1.28
1.28
1.28
1.28
1.28
1.27966
1.28
1.28
1.28
1.28
1.28
1.28
1.28
1.28
1.28
1.27976
1.28
1.28
1.28
1.28
1.28
1.28
1.28
1.28
1.28
1.27985
1.28
1.28
1.28
1.28
1.28
1.28
1.28
1.28
1.28
1.27995
1.28
1.28
1.28
1.28
1.28
1.28
1.28
1.28
1.28
1.27907
1.28
1.28
1.28
1.28
1.28
1.28
1.28
1.28
1.28
1.27916
1.28
1.28
1.28
1.28
1.28
1.28
1.28
1.28
1.28
1.27925
1.28
1.28
1.28
1.28
1.28
1.28
1.28
1.28
1.28
1.27934
1.28
1.28
1.28
1.28
1.28
1.28
1.28
1.28
1.28
1.27944
1.28
1.28
1.28
1.28
1.28
1.28
1.28
1.28
1.28
1.27954
1.28
1.28
1.28
1.28
1.28
1.28
1.28
1.28
1.28
1.27963
1.28
1.28
1.28
1.28
1.28
1.28
1.28
1.28
1.28
1.27974
1.28
1.28
1.28
1.28
1.28
1.28
1.28
1.28
1.28
1.27984
1.28
1.28
1.28
1.28
1.28
1.28
1.28
1.28
1.28
1.27994
1.28
1.28
1.28
1.28
1.28
1.28
1.28
1.28
1.28
1.27899
1.28
1.28
1.28
1.28
1.28
1.28
1.28
1.28
1.28
1.27908
1.28
1.28
1.28
1.28
1.28
1.28
1.28
1.28
1.28
1.27918
1.28
1.28
1.28
1.28
1.28
1.28
1.28
1.28
1.28
1.27928
1.28
1.28
1.28
1.28
1.28
1.28
1.28
1.28
1.28
1.27938
1.28
1.28
1.28
1.28
1.28
1.28
1.28
1.28
1.28
1.27948
1.28
1.28
1.28
1.28
1.28
1.28
1.28
1.28
1.28
1.27958
1.28
1.28
1.28
1.28
1.28
1.28
1.28
1.28
1.28
1.27969
1.28
1.28
1.28
1.28
1.28
1.28
1.28
1.28
1.28
1.27981
1.28
1.28
1.28
1.28
1.28
1.28
1.28
1.28
1.28
1.27993
1.28
1.28
1.28
1.28
1.28
1.28
1.28
1.28
1.28
1.27893
1.28
1.28
1.28
1.28
1.28
1.28
1.28
1.28
1.28
1.27903
1.28
1.28
1.28
1.28
1.28
1.28
1.28
1.28
1.28
1.27913
1.28
1.28
1.28
1.28
1.28
1.28
1.28
1.28
1.28
1.27922
1.28
1.28
1.28
1.28
1.28
1.28
1.28
1.28
1.28
1.27932
1.28
1.28
1.28
1.28
1.28
1.28
1.28
1.28
1.28
1.27942
1.28
1.28
1.28
1.28
1.28
1.28
1.28
1.28
1.28
1.27953
1.28
1.28
1.28
1.28
1.28
1.28
1.28
1.28
1.28
1.27964
1.28
1.28
1.28
1.28
1.28
1.28
1.28
1.28
1.28
1.27977
1.28
1.28
1.28
1.28
1.28
1.28
1.28
1.28
1.28
1.27991
1.28
1.28
1.28
1.28
1.28
1.28
1.28
1.28
1.28
1.27915
1.28
1.28
1.28
1.28
1.28
1.28
1.28
1.28
1.28
1.27923
1.28
1.28
1.28
1.28
1.28
1.28
1.28
1.28
1.28
1.27931
1.28
1.28
1.28
1.28
1.28
1.28
1.28
1.28
1.28
1.27939
1.28
1.28
1.28
1.28
1.28
1.28
1.28
1.28
1.28
1.27946
1.28
1.28
1.28
1.28
1.28
1.28
1.28
1.28
1.28
1.27954
1.28
1.28
1.28
1.28
1.28
1.28
1.28
1.28
1.28
1.27962
1.28
1.28
1.28
1.28
1.28
1.28
1.28
1.28
1.28
1.27971
1.28
1.28
1.28
1.28
1.28
1.28
1.28
1.28
1.28
1.2798
1.28
1.28
1.28
1.28
1.28
1.28
1.28
1.28
1.28
1.27993
1.28
1.28
1.28
1.28
1.28
1.28
1.28
1.28
1.28001
1.28021
1.28
1.28
1.28
1.28
1.28
1.28
1.28
1.28
1.28
1.28023
1.28
1.28
1.28
1.28
1.28
1.28
1.28
1.28
1.28
1.28024
1.28
1.28
1.28
1.28
1.28
1.28
1.28
1.28
1.28
1.28032
1.28
1.28
1.28
1.28
1.28
1.28
1.28
1.28
1.28
1.28039
1.28
1.28
1.28
1.28
1.28
1.28
1.28
1.28
1.28
1.28046
1.28
1.28
1.28
1.28
1.28
1.28
1.28
1.28
1.28
1.2805
1.28
1.28
1.28
1.28
1.28
1.28
1.28
1.28
1.28
1.28053
1.28
1.28
1.28
1.28
1.28
1.28
1.28
1.28
1.28
1.2805
1.28001
1.28
1.28
1.28
1.28
1.28
1.28
1.28
1.28
1.28041
1.28
1.28
1.28
1.28
1.28
1.28
1.28
1.28
1.28001
1.28227
1.28
1.28
1.28
1.28
1.28
1.28
1.28
1.28
1.28001
1.28222
1.28
1.28
1.28
1.28
1.28
1.28
1.28
1.28
1.28001
1.28212
1.28
1.28
1.28
1.28
1.28
1.28
1.28
1.28
1.28001
1.28231
1.28
1.28
1.28
1.28
1.28
1.28
1.28
1.28
1.28001
1.2825
1.28
1.28
1.28
1.28
1.28
1.28
1.28
1.28
1.28001
1.28271
1.28
1.28
1.28
1.28
1.28
1.28
1.28
1.28
1.28001
1.28294
1.28
1.28
1.28
1.28
1.28
1.28
1.28
1.28
1.28001
1.2832
1.28
1.28
1.28
1.28
1.28
1.28
1.28
1.28
1.28002
1.2835
1.28009
1.28002
1.28
1.28
1.28
1.28
1.28
1.28
1.28002
1.28382
1.28
1.28
1.28
1.28
1.28
1.28
1.28
1.28
1.27998
1.28047
1.28
1.28
1.28
1.28
1.28
1.28
1.28
1.28
1.28
1.28054
1.28
1.28
1.28
1.28
1.28
1.28
1.28
1.28
1.28002
1.28068
1.28
1.28
1.28
1.28
1.28
1.28
1.28
1.28
1.28004
1.28074
1.28
1.28
1.28
1.28
1.28
1.28
1.28
1.28
1.28007
1.28079
1.28
1.28
1.28
1.28
1.28
1.28
1.28
1.28
1.28009
1.28084
1.28
1.28
1.28
1.28
1.28
1.28
1.28
1.28
1.28012
1.28091
1.28
1.28
1.28
1.28
1.28
1.28
1.28
1.28
1.28016
1.28123
1.28
1.28
1.28
1.28
1.28
1.28
1.28
1.28
1.28019
1.28149
1.28045
1.28013
1.28001
1.28
1.28
1.28
1.28
1.28
1.28023
1.28173
1.28
1.28
1.28
1.28
1.28
1.28
1.28
1.28
1.28002
1.28079
1.28
1.28
1.28
1.28
1.28
1.28
1.28
1.28
1.28005
1.28086
1.28
1.28
1.28
1.28
1.28
1.28
1.28
1.28
1.28008
1.28088
1.28
1.28
1.28
1.28
1.28
1.28
1.28
1.28
1.28011
1.28089
1.28
1.28
1.28
1.28
1.28
1.28
1.28
1.28
1.28015
1.28118
1.28
1.28
1.28
1.28
1.28
1.28
1.28
1.28
1.28019
1.28144
1.28
1.28
1.28
1.28
1.28
1.28
1.28
1.28
1.28024
1.28165
1.28
1.28
1.28
1.28
1.28
1.28
1.28
1.28
1.28028
1.28156
1.28
1.28
1.28
1.28
1.28
1.28
1.28
1.28
1.28033
1.28153
1.28017
1.27999
1.28
1.28
1.28
1.28
1.28
1.28
1.28039
1.28153
1.28
1.28
1.28
1.28
1.28
1.28
1.28
1.28
1.28008
1.28079
1.28
1.28
1.28
1.28
1.28
1.28
1.28
1.28
1.28011
1.28082
1.28
1.28
1.28
1.28
1.28
1.28
1.28
1.28
1.28016
1.28116
1.28
1.28
1.28
1.28
1.28
1.28
1.28
1.28
1.2802
1.28142
1.28
1.28
1.28
1.28
1.28
1.28
1.28
1.28
1.28025
1.28136
1.28
1.28
1.28
1.28
1.28
1.28
1.28
1.28
1.28031
1.28131
1.28
1.28
1.28
1.28
1.28
1.28
1.28
1.28
1.28038
1.28129
1.28
1.28
1.28
1.28
1.28
1.28
1.28
1.28
1.28045
1.2813
1.28
1.28
1.28
1.28
1.28
1.28
1.28
1.28001
1.28052
1.28132
1.27999
1.27999
1.28
1.28
1.28
1.28
1.28
1.28001
1.28061
1.28135
1.28
1.28
1.28
1.28
1.28
1.28
1.28
1.28
1.28014
1.28097
1.28
1.28
1.28
1.28
1.28
1.28
1.28
1.28
1.28019
1.2812
1.28
1.28
1.28
1.28
1.28
1.28
1.28
1.28
1.28024
1.28107
1.28
1.28
1.28
1.28
1.28
1.28
1.28
1.28
1.2803
1.28101
1.28
1.28
1.28
1.28
1.28
1.28
1.28
1.28
1.28037
1.28098
1.28
1.28
1.28
1.28
1.28
1.28
1.28
1.28001
1.28045
1.28096
1.28
1.28
1.28
1.28
1.28
1.28
1.28
1.28001
1.28054
1.28097
1.28
1.28
1.28
1.28
1.28
1.28
1.28
1.28001
1.28065
1.28098
1.28
1.28
1.28
1.28
1.28
1.28
1.28
1.28001
1.28077
1.28101
1.27997
1.28
1.28
1.28
1.28
1.28
1.28
1.28002
1.28091
1.28105
1.28
1.28
1.28
1.28
1.28
1.28
1.28
1.28
1.28019
1.28079
1.28
1.28
1.28
1.28
1.28
1.28
1.28
1.28
1.28024
1.28067
1.28
1.28
1.28
1.28
1.28
1.28
1.28
1.28
1.28031
1.2806
1.28
1.28
1.28
1.28
1.28
1.28
1.28
1.28001
1.28039
1.28054
1.28
1.28
1.28
1.28
1.28
1.28
1.28
1.28001
1.28048
1.28049
1.28
1.28
1.28
1.28
1.28
1.28
1.28
1.28001
1.28059
1.28045
1.28
1.28
1.28
1.28
1.28
1.28
1.28
1.28001
1.28072
1.28043
1.28
1.28
1.28
1.28
1.28
1.28
1.28
1.28002
1.28088
1.28041
1.28
1.28
1.28
1.28
1.28
1.28
1.28
1.28002
1.28106
1.28041
1.27996
1.28
1.28
1.28
1.28
1.28
1.28
1.28003
1.28127
1.28042
1.28
1.28
1.28
1.28
1.28
1.28
1.28
1.28
1.28021
1.28025
1.28
1.28
1.28
1.28
1.28
1.28
1.28
1.28001
1.28027
1.28012
1.28
1.28
1.28
1.28
1.28
1.28
1.28
1.28001
1.28035
1.27999
1.28
1.28
1.28
1.28
1.28
1.28
1.28
1.28001
1.28044
1.27987
1.28
1.28
1.28
1.28
1.28
1.28
1.28
1.28001
1.28056
1.27975
1.28
1.28
1.28
1.28
1.28
1.28
1.28
1.28002
1.28069
1.27962
1.28
1.28
1.28
1.28
1.28
1.28
1.28
1.28002
1.28086
1.2795
1.28
1.28
1.28
1.28
1.28
1.28
1.28
1.28003
1.28106
1.27938
1.28
1.28
1.28
1.28
1.28
1.28
1.28
1.28004
1.28131
1.27926
1.27996
1.28
1.28
1.28
1.28
1.28
1.28
1.28005
1.28162
1.27914
1.28
1.28
1.28
1.28
1.28
1.28
1.28
1.28
1.28019
1.27964
1.28
1.28
1.28
1.28
1.28
1.28
1.28
1.28001
1.28025
1.27941
1.28
1.28
1.28
1.28
1.28
1.28
1.28
1.28001
1.28032
1.27919
1.28
1.28
1.28
1.28
1.28
1.28
1.28
1.28001
1.28041
1.27894
1.28
1.28
1.28
1.28
1.28
1.28
1.28
1.28001
1.28053
1.27867
1.28
1.28
1.28
1.28
1.28
1.28
1.28
1.28002
1.28067
1.27837
1.28
1.28
1.28
1.28
1.28
1.28
1.28
1.28003
1.28085
1.27803
1.28
1.28
1.28
1.28
1.28
1.28
1.28
1.28004
1.28107
1.27766
1.28
1.28
1.28
1.28
1.28
1.28
1.28
1.28006
1.28136
1.27726
1.27996
1.28
1.28
1.28
1.28
1.28
1.28
1.28008
1.28172
1.27678
1.28
1.28
1.28
1.28
1.28
1.28
1.28
1.28
1.28012
1.27896
1.28
1.28
1.28
1.28
1.28
1.28
1.28
1.28
1.28016
1.27862
1.28
1.28
1.28
1.28
1.28
1.28
1.28
1.28001
1.28021
1.27824
1.28
1.28
1.28
1.28
1.28
1.28
1.28
1.28001
1.28027
1.27781
1.28
1.28
1.28
1.28
1.28
1.28
1.28
1.28001
1.28035
1.27732
1.28
1.28
1.28
1.28
1.28
1.28
1.28
1.28002
1.28045
1.27674
1.28
1.28
1.28
1.28
1.28
1.28
1.28
1.28003
1.28058
1.27607
1.28
1.28
1.28
1.28
1.28
1.28
1.28
1.28004
1.28074
1.27528
1.28
1.28
1.28
1.28
1.28
1.28
1.28
1.28006
1.28096
1.27433
1.27997
1.28
1.28
1.28
1.28
1.28
1.28
1.28009
1.28125
1.27318
1.28
1.28
1.28
1.28
1.28
1.28
1.28
1.28
1.28003
1.27835
1.28
1.28
1.28
1.28
1.28
1.28
1.28
1.28
1.28003
1.27788
1.28
1.28
1.28
1.28
1.28
1.28
1.28
1.28
1.28004
1.27735
1.28
1.28
1.28
1.28
1.28
1.28
1.28
1.28
1.28005
1.27672
1.28
1.28
1.28
1.28
1.28
1.28
1.28
1.28
1.28006
1.27599
1.28
1.28
1.28
1.28
1.28
1.28
1.28
1.28001
1.28007
1.2751
1.28
1.28
1.28
1.28
1.28
1.28
1.28
1.28001
1.28009
1.27404
1.28
1.28
1.28
1.28
1.28
1.28
1.28
1.28002
1.2801
1.27274
1.28
1.28
1.28
1.28
1.28
1.28
1.28
1.28002
1.2801
1.27113
1.28002
1.28
1.28
1.28
1.28
1.28
1.28
1.28004
1.28009
1.26909
1.28
1.28
1.28
1.28
1.28
1.28
1.28
1.28
1.27996
1.27798
1.28
1.28
1.28
1.28
1.28
1.28
1.28
1.28
1.27994
1.27742
1.28
1.28
1.28
1.28
1.28
1.28
1.28
1.28
1.27991
1.27679
1.28
1.28
1.28
1.28
1.28
1.28
1.28
1.28
1.27988
1.27604
1.28
1.28
1.28
1.28
1.28
1.28
1.28
1.28
1.27983
1.27514
1.28
1.28
1.28
1.28
1.28
1.28
1.28
1.27999
1.27976
1.27405
1.28
1.28
1.28
1.28
1.28
1.28
1.28
1.27999
1.27966
1.27272
1.28
1.28
1.28
1.28
1.28
1.28
1.28
1.27998
1.27952
1.27107
1.28
1.28
1.28
1.28
1.28
1.28
1.28
1.27997
1.27931
1.269
1.28024
1.28002
1.28
1.28
1.28
1.28
1.28
1.27995
1.27898
1.26633
1.28
1.28
1.28
1.28
1.28
1.28
1.28
1.28
1.27996
1.27797
1.28
1.28
1.28
1.28
1.28
1.28
1.28
1.28
1.27994
1.27742
1.28
1.28
1.28
1.28
1.28
1.28
1.28
1.28
1.27991
1.27679
1.28
1.28
1.28
1.28
1.28
1.28
1.28
1.28
1.27988
1.27604
1.28
1.28
1.28
1.28
1.28
1.28
1.28
1.28
1.27983
1.27514
1.28
1.28
1.28
1.28
1.28
1.28
1.28
1.27999
1.27976
1.27405
1.28
1.28
1.28
1.28
1.28
1.28
1.28
1.27999
1.27966
1.27272
1.28
1.28
1.28
1.28
1.28
1.28
1.28
1.27998
1.27952
1.27107
1.28
1.28
1.28
1.28
1.28
1.28
1.28
1.27997
1.27931
1.269
1.28025
1.28002
1.28
1.28
1.28
1.28
1.28
1.27995
1.27898
1.26633
1.28
1.28
1.28
1.28
1.28
1.28
1.28
1.28
1.28003
1.27834
1.28
1.28
1.28
1.28
1.28
1.28
1.28
1.28
1.28003
1.27787
1.28
1.28
1.28
1.28
1.28
1.28
1.28
1.28
1.28004
1.27734
1.28
1.28
1.28
1.28
1.28
1.28
1.28
1.28
1.28005
1.27671
1.28
1.28
1.28
1.28
1.28
1.28
1.28
1.28
1.28006
1.27598
1.28
1.28
1.28
1.28
1.28
1.28
1.28
1.28001
1.28007
1.27509
1.28
1.28
1.28
1.28
1.28
1.28
1.28
1.28001
1.28008
1.27403
1.28
1.28
1.28
1.28
1.28
1.28
1.28
1.28002
1.2801
1.27273
1.28
1.28
1.28
1.28
1.28
1.28
1.28
1.28002
1.2801
1.27113
1.28002
1.28
1.28
1.28
1.28
1.28
1.28
1.28004
1.28009
1.26909
1.28
1.28
1.28
1.28
1.28
1.28
1.28
1.28
1.28012
1.27895
1.28
1.28
1.28
1.28
1.28
1.28
1.28
1.28
1.28016
1.27861
1.28
1.28
1.28
1.28
1.28
1.28
1.28
1.28001
1.28021
1.27823
1.28
1.28
1.28
1.28
1.28
1.28
1.28
1.28001
1.28027
1.2778
1.28
1.28
1.28
1.28
1.28
1.28
1.28
1.28001
1.28035
1.27731
1.28
1.28
1.28
1.28
1.28
1.28
1.28
1.28002
1.28045
1.27673
1.28
1.28
1.28
1.28
1.28
1.28
1.28
1.28003
1.28058
1.27606
1.28
1.28
1.28
1.28
1.28
1.28
1.28
1.28004
1.28074
1.27527
1.28
1.28
1.28
1.28
1.28
1.28
1.28
1.28006
1.28096
1.27433
1.27997
1.28
1.28
1.28
1.28
1.28
1.28
1.28009
1.28125
1.27318
1.28
1.28
1.28
1.28
1.28
1.28
1.28
1.28
1.28019
1.27963
1.28
1.28
1.28
1.28
1.28
1.28
1.28
1.28001
1.28025
1.27941
1.28
1.28
1.28
1.28
1.28
1.28
1.28
1.28001
1.28032
1.27918
1.28
1.28
1.28
1.28
1.28
1.28
1.28
1.28001
1.28042
1.27894
1.28
1.28
1.28
1.28
1.28
1.28
1.28
1.28001
1.28053
1.27866
1.28
1.28
1.28
1.28
1.28
1.28
1.28
1.28002
1.28067
1.27836
1.28
1.28
1.28
1.28
1.28
1.28
1.28
1.28003
1.28085
1.27803
1.28
1.28
1.28
1.28
1.28
1.28
1.28
1.28004
1.28107
1.27766
1.28
1.28
1.28
1.28
1.28
1.28
1.28
1.28006
1.28136
1.27725
1.27996
1.28
1.28
1.28
1.28
1.28
1.28
1.28008
1.28173
1.27678
1.28
1.28
1.28
1.28
1.28
1.28
1.28
1.28
1.28021
1.28025
1.28
1.28
1.28
1.28
1.28
1.28
1.28
1.28001
1.28027
1.28011
1.28
1.28
1.28
1.28
1.28
1.28
1.28
1.28001
1.28035
1.27999
1.28
1.28
1.28
1.28
1.28
1.28
1.28
1.28001
1.28044
1.27987
1.28
1.28
1.28
1.28
1.28
1.28
1.28
1.28001
1.28056
1.27975
1.28
1.28
1.28
1.28
1.28
1.28
1.28
1.28002
1.28069
1.27962
1.28
1.28
1.28
1.28
1.28
1.28
1.28
1.28002
1.28086
1.2795
1.28
1.28
1.28
1.28
1.28
1.28
1.28
1.28003
1.28106
1.27938
1.28
1.28
1.28
1.28
1.28
1.28
1.28
1.28004
1.28131
1.27926
1.27996
1.28
1.28
1.28
1.28
1.28
1.28
1.28005
1.28162
1.27914
1.28
1.28
1.28
1.28
1.28
1.28
1.28
1.28
1.28019
1.28079
1.28
1.28
1.28
1.28
1.28
1.28
1.28
1.28
1.28024
1.28067
1.28
1.28
1.28
1.28
1.28
1.28
1.28
1.28
1.28031
1.2806
1.28
1.28
1.28
1.28
1.28
1.28
1.28
1.28001
1.28039
1.28054
1.28
1.28
1.28
1.28
1.28
1.28
1.28
1.28001
1.28048
1.28049
1.28
1.28
1.28
1.28
1.28
1.28
1.28
1.28001
1.28059
1.28045
1.28
1.28
1.28
1.28
1.28
1.28
1.28
1.28001
1.28072
1.28043
1.28
1.28
1.28
1.28
1.28
1.28
1.28
1.28002
1.28088
1.28041
1.28
1.28
1.28
1.28
1.28
1.28
1.28
1.28002
1.28106
1.28041
1.27996
1.28
1.28
1.28
1.28
1.28
1.28
1.28003
1.28127
1.28042
1.28
1.28
1.28
1.28
1.28
1.28
1.28
1.28
1.28014
1.28097
1.28
1.28
1.28
1.28
1.28
1.28
1.28
1.28
1.28019
1.2812
1.28
1.28
1.28
1.28
1.28
1.28
1.28
1.28
1.28024
1.28107
1.28
1.28
1.28
1.28
1.28
1.28
1.28
1.28
1.2803
1.28101
1.28
1.28
1.28
1.28
1.28
1.28
1.28
1.28
1.28037
1.28098
1.28
1.28
1.28
1.28
1.28
1.28
1.28
1.28001
1.28045
1.28096
1.28
1.28
1.28
1.28
1.28
1.28
1.28
1.28001
1.28054
1.28097
1.28
1.28
1.28
1.28
1.28
1.28
1.28
1.28001
1.28065
1.28098
1.28
1.28
1.28
1.28
1.28
1.28
1.28
1.28001
1.28077
1.28101
1.27997
1.28
1.28
1.28
1.28
1.28
1.28
1.28002
1.28091
1.28105
1.28
1.28
1.28
1.28
1.28
1.28
1.28
1.28
1.28008
1.28079
1.28
1.28
1.28
1.28
1.28
1.28
1.28
1.28
1.28011
1.28083
1.28
1.28
1.28
1.28
1.28
1.28
1.28
1.28
1.28016
1.28117
1.28
1.28
1.28
1.28
1.28
1.28
1.28
1.28
1.2802
1.28143
1.28
1.28
1.28
1.28
1.28
1.28
1.28
1.28
1.28026
1.28136
1.28
1.28
1.28
1.28
1.28
1.28
1.28
1.28
1.28031
1.28131
1.28
1.28
1.28
1.28
1.28
1.28
1.28
1.28
1.28038
1.2813
1.28
1.28
1.28
1.28
1.28
1.28
1.28
1.28
1.28045
1.2813
1.28
1.28
1.28
1.28
1.28
1.28
1.28
1.28001
1.28052
1.28132
1.27999
1.27999
1.28
1.28
1.28
1.28
1.28
1.28001
1.28061
1.28135
1.28
1.28
1.28
1.28
1.28
1.28
1.28
1.28
1.28002
1.2808
1.28
1.28
1.28
1.28
1.28
1.28
1.28
1.28
1.28005
1.28087
1.28
1.28
1.28
1.28
1.28
1.28
1.28
1.28
1.28008
1.28088
1.28
1.28
1.28
1.28
1.28
1.28
1.28
1.28
1.28011
1.28089
1.28
1.28
1.28
1.28
1.28
1.28
1.28
1.28
1.28015
1.28118
1.28
1.28
1.28
1.28
1.28
1.28
1.28
1.28
1.28019
1.28144
1.28
1.28
1.28
1.28
1.28
1.28
1.28
1.28
1.28024
1.28165
1.28
1.28
1.28
1.28
1.28
1.28
1.28
1.28
1.28028
1.28156
1.28
1.28
1.28
1.28
1.28
1.28
1.28
1.28
1.28033
1.28153
1.28017
1.27999
1.28
1.28
1.28
1.28
1.28
1.28
1.28039
1.28153
1.28
1.28
1.28
1.28
1.28
1.28
1.28
1.28
1.27998
1.28047
1.28
1.28
1.28
1.28
1.28
1.28
1.28
1.28
1.28
1.28054
1.28
1.28
1.28
1.28
1.28
1.28
1.28
1.28
1.28002
1.28068
1.28
1.28
1.28
1.28
1.28
1.28
1.28
1.28
1.28004
1.28074
1.28
1.28
1.28
1.28
1.28
1.28
1.28
1.28
1.28007
1.28079
1.28
1.28
1.28
1.28
1.28
1.28
1.28
1.28
1.2801
1.28085
1.28
1.28
1.28
1.28
1.28
1.28
1.28
1.28
1.28012
1.28091
1.28
1.28
1.28
1.28
1.28
1.28
1.28
1.28
1.28016
1.28123
1.28
1.28
1.28
1.28
1.28
1.28
1.28
1.28
1.28019
1.2815
1.28045
1.28013
1.28001
1.28
1.28
1.28
1.28
1.28
1.28023
1.28173
1.28
1.28
1.28
1.28
1.28
1.28
1.28
1.28
1.28001
1.28228
1.28
1.28
1.28
1.28
1.28
1.28
1.28
1.28
1.28001
1.28223
1.28
1.28
1.28
1.28
1.28
1.28
1.28
1.28
1.28001
1.28212
1.28
1.28
1.28
1.28
1.28
1.28
1.28
1.28
1.28001
1.28231
1.28
1.28
1.28
1.28
1.28
1.28
1.28
1.28
1.28001
1.2825
1.28
1.28
1.28
1.28
1.28
1.28
1.28
1.28
1.28001
1.28271
1.28
1.28
1.28
1.28
1.28
1.28
1.28
1.28
1.28001
1.28294
1.28
1.28
1.28
1.28
1.28
1.28
1.28
1.28
1.28001
1.2832
1.28
1.28
1.28
1.28
1.28
1.28
1.28
1.28
1.28002
1.2835
1.28008
1.28002
1.28
1.28
1.28
1.28
1.28
1.28
1.28002
1.28382
1.28
1.28
1.28
1.28
1.28
1.28
1.28
1.28
1.28001
1.28021
1.28
1.28
1.28
1.28
1.28
1.28
1.28
1.28
1.28
1.28023
1.28
1.28
1.28
1.28
1.28
1.28
1.28
1.28
1.28
1.28025
1.28
1.28
1.28
1.28
1.28
1.28
1.28
1.28
1.28
1.28032
1.28
1.28
1.28
1.28
1.28
1.28
1.28
1.28
1.28
1.28039
1.28
1.28
1.28
1.28
1.28
1.28
1.28
1.28
1.28
1.28046
1.28
1.28
1.28
1.28
1.28
1.28
1.28
1.28
1.28
1.2805
1.28
1.28
1.28
1.28
1.28
1.28
1.28
1.28
1.28
1.28053
1.28
1.28
1.28
1.28
1.28
1.28
1.28
1.28
1.28
1.2805
1.28001
1.28
1.28
1.28
1.28
1.28
1.28
1.28
1.28
1.28041
1.28
1.28
1.28
1.28
1.28
1.28
1.28
1.28
1.28
1.27915
1.28
1.28
1.28
1.28
1.28
1.28
1.28
1.28
1.28
1.27923
1.28
1.28
1.28
1.28
1.28
1.28
1.28
1.28
1.28
1.27931
1.28
1.28
1.28
1.28
1.28
1.28
1.28
1.28
1.28
1.27939
1.28
1.28
1.28
1.28
1.28
1.28
1.28
1.28
1.28
1.27946
1.28
1.28
1.28
1.28
1.28
1.28
1.28
1.28
1.28
1.27954
1.28
1.28
1.28
1.28
1.28
1.28
1.28
1.28
1.28
1.27962
1.28
1.28
1.28
1.28
1.28
1.28
1.28
1.28
1.28
1.27971
1.28
1.28
1.28
1.28
1.28
1.28
1.28
1.28
1.28
1.2798
1.28
1.28
1.28
1.28
1.28
1.28
1.28
1.28
1.28
1.27993
1.28
1.28
1.28
1.28
1.28
1.28
1.28
1.28
1.28
1.27893
1.28
1.28
1.28
1.28
1.28
1.28
1.28
1.28
1.28
1.27903
1.28
1.28
1.28
1.28
1.28
1.28
1.28
1.28
1.28
1.27913
1.28
1.28
1.28
1.28
1.28
1.28
1.28
1.28
1.28
1.27922
1.28
1.28
1.28
1.28
1.28
1.28
1.28
1.28
1.28
1.27932
1.28
1.28
1.28
1.28
1.28
1.28
1.28
1.28
1.28
1.27942
1.28
1.28
1.28
1.28
1.28
1.28
1.28
1.28
1.28
1.27953
1.28
1.28
1.28
1.28
1.28
1.28
1.28
1.28
1.28
1.27964
1.28
1.28
1.28
1.28
1.28
1.28
1.28
1.28
1.28
1.27977
1.28
1.28
1.28
1.28
1.28
1.28
1.28
1.28
1.28
1.27991
1.28
1.28
1.28
1.28
1.28
1.28
1.28
1.28
1.28
1.27899
1.28
1.28
1.28
1.28
1.28
1.28
1.28
1.28
1.28
1.27908
1.28
1.28
1.28
1.28
1.28
1.28
1.28
1.28
1.28
1.27918
1.28
1.28
1.28
1.28
1.28
1.28
1.28
1.28
1.28
1.27928
1.28
1.28
1.28
1.28
1.28
1.28
1.28
1.28
1.28
1.27938
1.28
1.28
1.28
1.28
1.28
1.28
1.28
1.28
1.28
1.27948
1.28
1.28
1.28
1.28
1.28
1.28
1.28
1.28
1.28
1.27958
1.28
1.28
1.28
1.28
1.28
1.28
1.28
1.28
1.28
1.27969
1.28
1.28
1.28
1.28
1.28
1.28
1.28
1.28
1.28
1.27981
1.28
1.28
1.28
1.28
1.28
1.28
1.28
1.28
1.28
1.27993
1.28
1.28
1.28
1.28
1.28
1.28
1.28
1.28
1.28
1.27907
1.28
1.28
1.28
1.28
1.28
1.28
1.28
1.28
1.28
1.27916
1.28
1.28
1.28
1.28
1.28
1.28
1.28
1.28
1.28
1.27925
1.28
1.28
1.28
1.28
1.28
1.28
1.28
1.28
1.28
1.27934
1.28
1.28
1.28
1.28
1.28
1.28
1.28
1.28
1.28
1.27944
1.28
1.28
1.28
1.28
1.28
1.28
1.28
1.28
1.28
1.27954
1.28
1.28
1.28
1.28
1.28
1.28
1.28
1.28
1.28
1.27963
1.28
1.28
1.28
1.28
1.28
1.28
1.28
1.28
1.28
1.27974
1.28
1.28
1.28
1.28
1.28
1.28
1.28
1.28
1.28
1.27984
1.28
1.28
1.28
1.28
1.28
1.28
1.28
1.28
1.28
1.27994
1.28
1.28
1.28
1.28
1.28
1.28
1.28
1.28
1.28
1.27912
1.28
1.28
1.28
1.28
1.28
1.28
1.28
1.28
1.28
1.27921
1.28
1.28
1.28
1.28
1.28
1.28
1.28
1.28
1.28
1.27929
1.28
1.28
1.28
1.28
1.28
1.28
1.28
1.28
1.28
1.27938
1.28
1.28
1.28
1.28
1.28
1.28
1.28
1.28
1.28
1.27947
1.28
1.28
1.28
1.28
1.28
1.28
1.28
1.28
1.28
1.27956
1.28
1.28
1.28
1.28
1.28
1.28
1.28
1.28
1.28
1.27966
1.28
1.28
1.28
1.28
1.28
1.28
1.28
1.28
1.28
1.27976
1.28
1.28
1.28
1.28
1.28
1.28
1.28
1.28
1.28
1.27985
1.28
1.28
1.28
1.28
1.28
1.28
1.28
1.28
1.28
1.27995
1.28
1.28
1.28
1.28
1.28
1.28
1.28
1.28
1.28
1.27912
1.28
1.28
1.28
1.28
1.28
1.28
1.28
1.28
1.28
1.2792
1.28
1.28
1.28
1.28
1.28
1.28
1.28
1.28
1.28
1.27929
1.28
1.28
1.28
1.28
1.28
1.28
1.28
1.28
1.28
1.27937
1.28
1.28
1.28
1.28
1.28
1.28
1.28
1.28
1.28
1.27946
1.28
1.28
1.28
1.28
1.28
1.28
1.28
1.28
1.28
1.27956
1.28
1.28
1.28
1.28
1.28
1.28
1.28
1.28
1.28
1.27965
1.28
1.28
1.28
1.28
1.28
1.28
1.28
1.28
1.28
1.27975
1.28
1.28
1.28
1.28
1.28
1.28
1.28
1.28
1.28
1.27985
1.28
1.28
1.28
1.28
1.28
1.28
1.28
1.28
1.28
1.27995
1.28002
1.28001
1.28001
1.28002
1.28002
1.28002
1.28002
1.28002
1.28002
1.27898
1.28002
1.28001
1.28001
1.28001
1.28001
1.28001
1.28002
1.28002
1.28001
1.27908
1.28002
1.28001
1.28001
1.28001
1.28001
1.28001
1.28001
1.28001
1.28001
1.27917
1.28002
1.28001
1.28001
1.28001
1.28001
1.28001
1.28001
1.28001
1.28
1.27927
1.28001
1.28001
1.28001
1.28
1.28
1.28
1.28
1.28
1.28
1.27937
1.28001
1.28
1.28
1.28
1.28
1.28
1.28
1.28
1.28
1.27948
1.28001
1.28
1.28
1.28
1.28
1.28
1.28
1.28
1.28
1.27959
1.28001
1.28
1.28
1.28
1.28
1.28
1.28
1.27999
1.27999
1.2797
1.28
1.28
1.28
1.28
1.27999
1.27999
1.27999
1.27999
1.27999
1.27981
1.27999
1.27999
1.27999
1.27999
1.27999
1.27999
1.27999
1.27999
1.27999
1.27992
1.28025
1.27998
1.27998
1.27997
1.27997
1.27996
1.27995
1.27994
1.27992
1.27853
1.28021
1.27997
1.27997
1.27996
1.27996
1.27995
1.27995
1.27994
1.27993
1.27868
1.2802
1.27997
1.27997
1.27996
1.27996
1.27996
1.27995
1.27995
1.27993
1.27883
1.28018
1.27997
1.27997
1.27996
1.27996
1.27996
1.27995
1.27995
1.27994
1.27897
1.28015
1.27997
1.27997
1.27996
1.27996
1.27996
1.27995
1.27995
1.27994
1.27912
1.28013
1.27997
1.27996
1.27996
1.27996
1.27996
1.27996
1.27995
1.27995
1.27927
1.2801
1.27996
1.27996
1.27996
1.27996
1.27996
1.27996
1.27995
1.27995
1.27941
1.28006
1.27996
1.27996
1.27996
1.27996
1.27996
1.27996
1.27995
1.27995
1.27957
1.28002
1.27996
1.27996
1.27996
1.27996
1.27996
1.27995
1.27995
1.27995
1.27972
1.27994
1.27992
1.27992
1.27993
1.27993
1.27993
1.27994
1.27994
1.27995
1.27987
1.28
1.28
1.28
1.28
1.28
1.28
1.28
1.28
1.28
1.27901
1.28
1.28
1.28
1.28
1.28
1.28
1.28
1.28
1.28
1.27978
1.28
1.28
1.28
1.28
1.28
1.28
1.28
1.28
1.28
1.2799
1.28
1.28
1.28
1.28
1.28
1.28
1.28
1.28
1.28
1.27992
1.28
1.28
1.28
1.28
1.28
1.28
1.28
1.28
1.28
1.27993
1.28
1.28
1.28
1.28
1.28
1.28
1.28
1.28
1.28
1.27993
1.28
1.28
1.28
1.28
1.28
1.28
1.28
1.28
1.28
1.27992
1.28
1.28
1.28
1.28
1.28
1.28
1.28
1.28
1.28
1.2799
1.28
1.28
1.28
1.28
1.28
1.28
1.28
1.28
1.28
1.27977
1.28
1.28
1.28
1.28
1.28
1.28
1.28
1.28
1.28
1.27888
1.28
1.28
1.28
1.28
1.28
1.28
1.28
1.28
1.28
1.27978
1.28
1.28
1.28
1.28
1.28
1.28
1.28
1.28
1.28
1.28002
1.28
1.28
1.28
1.28
1.28
1.28
1.28
1.28
1.28
1.28004
1.28
1.28
1.28
1.28
1.28
1.28
1.28
1.28
1.28
1.28004
1.28
1.28
1.28
1.28
1.28
1.28
1.28
1.28
1.28
1.28004
1.28
1.28
1.28
1.28
1.28
1.28
1.28
1.28
1.28
1.28004
1.28
1.28
1.28
1.28
1.28
1.28
1.28
1.28
1.28
1.28004
1.28
1.28
1.28
1.28
1.28
1.28
1.28
1.28
1.28
1.28004
1.28
1.28
1.28
1.28
1.28
1.28
1.28
1.28
1.28
1.28002
1.28
1.28
1.28
1.28
1.28
1.28
1.28
1.28
1.28
1.27977
1.28
1.28
1.28
1.28
1.28
1.28
1.28
1.28
1.28
1.2799
1.28
1.28
1.28
1.28
1.28
1.28
1.28
1.28
1.28
1.28004
1.28
1.28
1.28
1.28
1.28
1.28
1.28
1.28
1.28
1.28005
1.28
1.28
1.28
1.28
1.28
1.28
1.28
1.28
1.28
1.28005
1.28
1.28
1.28
1.28
1.28
1.28
1.28
1.28
1.28
1.28005
1.28
1.28
1.28
1.28
1.28
1.28
1.28
1.28
1.28
1.28005
1.28
1.28
1.28
1.28
1.28
1.28
1.28
1.28
1.28
1.28005
1.28
1.28
1.28
1.28
1.28
1.28
1.28
1.28
1.28
1.28005
1.28
1.28
1.28
1.28
1.28
1.28
1.28
1.28
1.28
1.28004
1.28
1.28
1.28
1.28
1.28
1.28
1.28
1.28
1.28
1.2799
1.28
1.28
1.28
1.28
1.28
1.28
1.28
1.28
1.28
1.27992
1.28
1.28
1.28
1.28
1.28
1.28
1.28
1.28
1.28
1.28004
1.28
1.28
1.28
1.28
1.28
1.28
1.28
1.28
1.28
1.28005
1.28
1.28
1.28
1.28
1.28
1.28
1.28
1.28
1.28
1.28005
1.28
1.28
1.28
1.28
1.28
1.28
1.28
1.28
1.28
1.28005
1.28
1.28
1.28
1.28
1.28
1.28
1.28
1.28
1.28
1.28005
1.28
1.28
1.28
1.28
1.28
1.28
1.28
1.28
1.28
1.28005
1.28
1.28
1.28
1.28
1.28
1.28
1.28
1.28
1.28
1.28005
1.28
1.28
1.28
1.28
1.28
1.28
1.28
1.28
1.28
1.28004
1.28
1.28
1.28
1.28
1.28
1.28
1.28
1.28
1.28
1.27992
1.28
1.28
1.28
1.28
1.28
1.28
1.28
1.28
1.28
1.27993
1.28
1.28
1.28
1.28
1.28
1.28
1.28
1.28
1.28
1.28004
1.28
1.28
1.28
1.28
1.28
1.28
1.28
1.28
1.28
1.28005
1.28
1.28
1.28
1.28
1.28
1.28
1.28
1.28
1.28
1.28005
1.28
1.28
1.28
1.28
1.28
1.28
1.28
1.28
1.28
1.28005
1.28
1.28
1.28
1.28
1.28
1.28
1.28
1.28
1.28
1.28005
1.28
1.28
1.28
1.28
1.28
1.28
1.28
1.28
1.28
1.28005
1.28
1.28
1.28
1.28
1.28
1.28
1.28
1.28
1.28
1.28005
1.28
1.28
1.28
1.28
1.28
1.28
1.28
1.28
1.28
1.28004
1.28
1.28
1.28
1.28
1.28
1.28
1.28
1.28
1.28
1.27993
1.28
1.28
1.28
1.28
1.28
1.28
1.28
1.28
1.28
1.27993
1.28
1.28
1.28
1.28
1.28
1.28
1.28
1.28
1.28
1.28004
1.28
1.28
1.28
1.28
1.28
1.28
1.28
1.28
1.28
1.28005
1.28
1.28
1.28
1.28
1.28
1.28
1.28
1.28
1.28
1.28005
1.28
1.28
1.28
1.28
1.28
1.28
1.28
1.28
1.28
1.28005
1.28
1.28
1.28
1.28
1.28
1.28
1.28
1.28
1.28
1.28005
1.28
1.28
1.28
1.28
1.28
1.28
1.28
1.28
1.28
1.28005
1.28
1.28
1.28
1.28
1.28
1.28
1.28
1.28
1.28
1.28005
1.28
1.28
1.28
1.28
1.28
1.28
1.28
1.28
1.28
1.28004
1.28
1.28
1.28
1.28
1.28
1.28
1.28
1.28
1.28
1.27993
1.28
1.28
1.28
1.28
1.28
1.28
1.28
1.28
1.28
1.27992
1.28
1.28
1.28
1.28
1.28
1.28
1.28
1.28
1.28
1.28004
1.28
1.28
1.28
1.28
1.28
1.28
1.28
1.28
1.28
1.28005
1.28
1.28
1.28
1.28
1.28
1.28
1.28
1.28
1.28
1.28005
1.28
1.28
1.28
1.28
1.28
1.28
1.28
1.28
1.28
1.28005
1.28
1.28
1.28
1.28
1.28
1.28
1.28
1.28
1.28
1.28005
1.28
1.28
1.28
1.28
1.28
1.28
1.28
1.28
1.28
1.28005
1.28
1.28
1.28
1.28
1.28
1.28
1.28
1.28
1.28
1.28005
1.28
1.28
1.28
1.28
1.28
1.28
1.28
1.28
1.28
1.28004
1.28
1.28
1.28
1.28
1.28
1.28
1.28
1.28
1.28
1.27992
1.28
1.28
1.28
1.28
1.28
1.28
1.28
1.28
1.28
1.2799
1.28
1.28
1.28
1.28
1.28
1.28
1.28
1.28
1.28
1.28004
1.28
1.28
1.28
1.28
1.28
1.28
1.28
1.28
1.28
1.28005
1.28
1.28
1.28
1.28
1.28
1.28
1.28
1.28
1.28
1.28005
1.28
1.28
1.28
1.28
1.28
1.28
1.28
1.28
1.28
1.28005
1.28
1.28
1.28
1.28
1.28
1.28
1.28
1.28
1.28
1.28005
1.28
1.28
1.28
1.28
1.28
1.28
1.28
1.28
1.28
1.28005
1.28
1.28
1.28
1.28
1.28
1.28
1.28
1.28
1.28
1.28005
1.28
1.28
1.28
1.28
1.28
1.28
1.28
1.28
1.28
1.28004
1.28
1.28
1.28
1.28
1.28
1.28
1.28
1.28
1.28
1.2799
1.28
1.28
1.28
1.28
1.28
1.28
1.28
1.28
1.28
1.27977
1.28
1.28
1.28
1.28
1.28
1.28
1.28
1.28
1.28
1.28002
1.28
1.28
1.28
1.28
1.28
1.28
1.28
1.28
1.28
1.28004
1.28
1.28
1.28
1.28
1.28
1.28
1.28
1.28
1.28
1.28004
1.28
1.28
1.28
1.28
1.28
1.28
1.28
1.28
1.28
1.28004
1.28
1.28
1.28
1.28
1.28
1.28
1.28
1.28
1.28
1.28004
1.28
1.28
1.28
1.28
1.28
1.28
1.28
1.28
1.28
1.28004
1.28
1.28
1.28
1.28
1.28
1.28
1.28
1.28
1.28
1.28004
1.28
1.28
1.28
1.28
1.28
1.28
1.28
1.28
1.28
1.28002
1.28
1.28
1.28
1.28
1.28
1.28
1.28
1.28
1.28
1.27978
1.28
1.28
1.28
1.28
1.28
1.28
1.28
1.28
1.28
1.27888
1.28
1.28
1.28
1.28
1.28
1.28
1.28
1.28
1.28
1.27977
1.28
1.28
1.28
1.28
1.28
1.28
1.28
1.28
1.28
1.2799
1.28
1.28
1.28
1.28
1.28
1.28
1.28
1.28
1.28
1.27992
1.28
1.28
1.28
1.28
1.28
1.28
1.28
1.28
1.28
1.27993
1.28
1.28
1.28
1.28
1.28
1.28
1.28
1.28
1.28
1.27993
1.28
1.28
1.28
1.28
1.28
1.28
1.28
1.28
1.28
1.27992
1.28
1.28
1.28
1.28
1.28
1.28
1.28
1.28
1.28
1.2799
1.28
1.28
1.28
1.28
1.28
1.28
1.28
1.28
1.28
1.27978
1.28
1.28
1.28
1.28
1.28
1.28
1.28
1.28
1.28
1.27901
)
;

boundaryField
{
    walls
    {
        type            zeroGradient;
    }
    nozzleExt
    {
        type            zeroGradient;
    }
    nozzleInt
    {
        type            zeroGradient;
    }
    inlet
    {
        type            fixedValue;
        value           uniform 5;
    }
    outlet
    {
        type            zeroGradient;
    }
    defaultFaces
    {
        type            empty;
    }
}


// ************************************************************************* //
