/*--------------------------------*- C++ -*----------------------------------*\
| =========                 |                                                 |
| \\      /  F ield         | OpenFOAM: The Open Source CFD Toolbox           |
|  \\    /   O peration     | Version:  4.1                                   |
|   \\  /    A nd           | Web:      www.OpenFOAM.org                      |
|    \\/     M anipulation  |                                                 |
\*---------------------------------------------------------------------------*/
FoamFile
{
    version     2.0;
    format      ascii;
    class       volScalarField;
    location    "0.8";
    object      p;
}
// * * * * * * * * * * * * * * * * * * * * * * * * * * * * * * * * * * * * * //

dimensions      [1 -1 -2 0 0 0 0];

internalField   nonuniform List<scalar> 
18000
(
1.28
1.28
1.28
1.28
1.28
1.28
1.28
1.28
1.28
1.28
1.28
1.28
1.28
1.28
1.28
1.28
1.28
1.28
1.28
1.28
1.28
1.28
1.28
1.28
1.28
1.28
1.28
1.28
1.28
1.28
1.28
1.28
1.28
1.28
1.28
1.28
1.28
1.28
1.28
1.28
1.28
1.28
1.28
1.28
1.28
1.28
1.28
1.28
1.28
1.28
1.28
1.28
1.28
1.28
1.28
1.28
1.28
1.28
1.28
1.28
1.28
1.28
1.28
1.28
1.28
1.28
1.28
1.28
1.28
1.28
1.28
1.28
1.28
1.28
1.28
1.28
1.28
1.28
1.28
1.28
1.28
1.28
1.28
1.28
1.28
1.28
1.28
1.28
1.28
1.28
1.28001
1.28001
1.28001
1.28001
1.28001
1.28001
1.28001
1.28001
1.28001
1.28001
1.28
1.28
1.28
1.28
1.28
1.28
1.28
1.28
1.28
1.28
1.28
1.28
1.28
1.28
1.28
1.28
1.28
1.28
1.28
1.28
1.28
1.28
1.28
1.28
1.28
1.28
1.28
1.28
1.28
1.28
1.28
1.28
1.28
1.28
1.28
1.28
1.28
1.28
1.28
1.28
1.28
1.28
1.28
1.28
1.28
1.28
1.28
1.28
1.28
1.28
1.28
1.28
1.28
1.28
1.28
1.28
1.28
1.28
1.28
1.28
1.28
1.28
1.28
1.28
1.28
1.28
1.28
1.28
1.28
1.28
1.28
1.28
1.28
1.28
1.28
1.28
1.28
1.28
1.28
1.28
1.28
1.28
1.28
1.28
1.28
1.28
1.28
1.28
1.28
1.28
1.28
1.28
1.28
1.28
1.28
1.28
1.28
1.28
1.28
1.28
1.28
1.28
1.28
1.28
1.28
1.28
1.28
1.28
1.28
1.28
1.28
1.28
1.28
1.28
1.28
1.28
1.28
1.28
1.28
1.28
1.28
1.28
1.28
1.28
1.28
1.28
1.28
1.28
1.28
1.28
1.28
1.28
1.28
1.28
1.28
1.28
1.28
1.28
1.28
1.28
1.28
1.28
1.28
1.28
1.28
1.28
1.28
1.28
1.28
1.28
1.28
1.28
1.28
1.28
1.28
1.28
1.28
1.28
1.28
1.28
1.28
1.28
1.28
1.28
1.28
1.28
1.28
1.28
1.28
1.28
1.28
1.28
1.28
1.28
1.28
1.28
1.28
1.28
1.28
1.28
1.28
1.28
1.28
1.28
1.28
1.28
1.28
1.28
1.28
1.28
1.28
1.28
1.28
1.28
1.28
1.28
1.28
1.28
1.28
1.28
1.28
1.28
1.28
1.28
1.28
1.28
1.28
1.28
1.28
1.28
1.28
1.28
1.28
1.28
1.28
1.28
1.28
1.28
1.28
1.28
1.28
1.28
1.28
1.28
1.28
1.28
1.28
1.28
1.28
1.28
1.28
1.28
1.28
1.28
1.28
1.28
1.28
1.28
1.28
1.28
1.28
1.28
1.28
1.28
1.28
1.28
1.28
1.28
1.28
1.28
1.28
1.28
1.28
1.28
1.28
1.28
1.28
1.28
1.28
1.28
1.28
1.28
1.28
1.28
1.28
1.28
1.28
1.28
1.28
1.28
1.28
1.28
1.28
1.28
1.28
1.28
1.28
1.28
1.28
1.28
1.28
1.28
1.28
1.28
1.28
1.28
1.28
1.28
1.28
1.28
1.28
1.28
1.28
1.28
1.28
1.28
1.28
1.28
1.28
1.28
1.28
1.28
1.28
1.28
1.28
1.28
1.28
1.28
1.28
1.28
1.28
1.28
1.28
1.28
1.28
1.28
1.28
1.28
1.28
1.28
1.28
1.28
1.28
1.28
1.28
1.28
1.28
1.28
1.28
1.28
1.28
1.28
1.28
1.28
1.28
1.28
1.28
1.28
1.28
1.28
1.28
1.28
1.28
1.28
1.28
1.28
1.28
1.28
1.28
1.28
1.28
1.28
1.28
1.28
1.28
1.28
1.28
1.28
1.28
1.28
1.28
1.28
1.28
1.28
1.28
1.28
1.28
1.28
1.28
1.28
1.28
1.28
1.28
1.28
1.28
1.28
1.28
1.28
1.28
1.28
1.28
1.28
1.28
1.28
1.28
1.28
1.28
1.28
1.28
1.28
1.28
1.28
1.28
1.28
1.28
1.28
1.28
1.28
1.28
1.28
1.28
1.28
1.28
1.28
1.28
1.28
1.28
1.28
1.28
1.28
1.28
1.28
1.28
1.28
1.28
1.28
1.28
1.28
1.28
1.28
1.28
1.28
1.28
1.28
1.28
1.28
1.28
1.28
1.28
1.28
1.28
1.28
1.28
1.28
1.28
1.28
1.28
1.28
1.28
1.28
1.28
1.28
1.28
1.28
1.28
1.28
1.28
1.28
1.28
1.28
1.28
1.28
1.28
1.28
1.28
1.28
1.28
1.28
1.28
1.28
1.28
1.28
1.28
1.28
1.28
1.28
1.28
1.28
1.28
1.28
1.28
1.28
1.28
1.28
1.28
1.28
1.28
1.28
1.28
1.28
1.28
1.28
1.28
1.28
1.28
1.28
1.28
1.28
1.28
1.28
1.28
1.28
1.28
1.28
1.28
1.28
1.28
1.28
1.28
1.28
1.28
1.28
1.28
1.28
1.28
1.28
1.28
1.28
1.28
1.28
1.28
1.28
1.28
1.28
1.28
1.28
1.28
1.28
1.28
1.28
1.28
1.28
1.28
1.28
1.28
1.28
1.28
1.28
1.28
1.28
1.28
1.28
1.28
1.28
1.28
1.28
1.28
1.28
1.28
1.28
1.28
1.28
1.28
1.28
1.28
1.28
1.28
1.28
1.28
1.28
1.28
1.28
1.28
1.28
1.28
1.28
1.28
1.28
1.28
1.28
1.28
1.28
1.28
1.28
1.28
1.28
1.28
1.28
1.28
1.28
1.28
1.28
1.28
1.28
1.28
1.28
1.28
1.28
1.28
1.28
1.28
1.28
1.28
1.28
1.28
1.28
1.28
1.28
1.28
1.28
1.28
1.28
1.28
1.28
1.28
1.28
1.28
1.28
1.28
1.28
1.28
1.28
1.28
1.28
1.28
1.28
1.28
1.28
1.28
1.28
1.28
1.28
1.28
1.28
1.28
1.28
1.28
1.28
1.28
1.28
1.28
1.28
1.28
1.28
1.28
1.28
1.28
1.28
1.28
1.28
1.28
1.28
1.28
1.28
1.28
1.28
1.28
1.28
1.28
1.28
1.28
1.28
1.28
1.28
1.28
1.28
1.28
1.28
1.28
1.28
1.28
1.28
1.28
1.28
1.28
1.28
1.28
1.28
1.28
1.28
1.28
1.28
1.28
1.28
1.28
1.28
1.28
1.28
1.28
1.28
1.28
1.28
1.28
1.28
1.28
1.28
1.28
1.28
1.28
1.28
1.28
1.28
1.28
1.28
1.28
1.28
1.28
1.28
1.28
1.28
1.28
1.28
1.28
1.28
1.28
1.28
1.28
1.28
1.28
1.28
1.28
1.28
1.28
1.28
1.28
1.28
1.28
1.28
1.28
1.28
1.28
1.28
1.28
1.28
1.28
1.28
1.28
1.28
1.28
1.28
1.28
1.28
1.28
1.28
1.28
1.28
1.28
1.28
1.28
1.28
1.28
1.28
1.28
1.28
1.28
1.28
1.28
1.28
1.28
1.28
1.28
1.28
1.28
1.28
1.28
1.28
1.28
1.28
1.28
1.28
1.28
1.28
1.28
1.28
1.28
1.28
1.28
1.28
1.28
1.28
1.28
1.28
1.28
1.28
1.28
1.28
1.28
1.28
1.28
1.28
1.28
1.28
1.28
1.28
1.28
1.28
1.28
1.28
1.28
1.28
1.28
1.28
1.28
1.28
1.28
1.28
1.28
1.28
1.28
1.28
1.28
1.28
1.28
1.28
1.28
1.28
1.28
1.28
1.28
1.28
1.28
1.28
1.28
1.28
1.28
1.28
1.28
1.28
1.28
1.28
1.28
1.28
1.28
1.28
1.28
1.28
1.28
1.28
1.28
1.28
1.28
1.28
1.28
1.28
1.28
1.28
1.28
1.28
1.28
1.28
1.28
1.28
1.28
1.28
1.28
1.28
1.28
1.28
1.28
1.28
1.28
1.28
1.28
1.28
1.28
1.28
1.28
1.28
1.28
1.28
1.28
1.28
1.28
1.28
1.28
1.28
1.28
1.28
1.28
1.28
1.28
1.28
1.28
1.28
1.28
1.28
1.28
1.28
1.28
1.28
1.28
1.28
1.28
1.28
1.28
1.28
1.28
1.28
1.28
1.28
1.28
1.28
1.28
1.28
1.28
1.28
1.28
1.28
1.28
1.28
1.28
1.28
1.28
1.28
1.28
1.28
1.28
1.28
1.28
1.28
1.28
1.28
1.28
1.28
1.28
1.28
1.28
1.28
1.28
1.28
1.28
1.28
1.28
1.28
1.28
1.28
1.28
1.28
1.28
1.28
1.28
1.28
1.28
1.28
1.28
1.28
1.28
1.28
1.28
1.28
1.28
1.28
1.28
1.28
1.28
1.28
1.28
1.28
1.28
1.28
1.28
1.28
1.28
1.28
1.28
1.28
1.28
1.28
1.28
1.28
1.28
1.28
1.28
1.28
1.28
1.28
1.28
1.28
1.28
1.28
1.28
1.28
1.28
1.28
1.28
1.28
1.28
1.28
1.28
1.28
1.28
1.28
1.28
1.28
1.28
1.28
1.28
1.28
1.28
1.28
1.28
1.28
1.28
1.28
1.28
1.28
1.28
1.28
1.28
1.28
1.28
1.28
1.28
1.28
1.28
1.28
1.28
1.28
1.28
1.28
1.28
1.28
1.28
1.28
1.28
1.28
1.28
1.28
1.28
1.28
1.28
1.28
1.28
1.28
1.28
1.28
1.28
1.28
1.28
1.28
1.28
1.28
1.28
1.28
1.28
1.28
1.28
1.28
1.28
1.28
1.28
1.28
1.28
1.28
1.28
1.28
1.28
1.28
1.28
1.28
1.28
1.28
1.28
1.28
1.28
1.28
1.28
1.28
1.28
1.28
1.28
1.28
1.28
1.28
1.28
1.28
1.28
1.28
1.28
1.28
1.28
1.28
1.28
1.28
1.28
1.28
1.28
1.28
1.28
1.28
1.28
1.28
1.28
1.28
1.28
1.28
1.28
1.28
1.28
1.28
1.28
1.28
1.28
1.28
1.28
1.28
1.28
1.28
1.28
1.28
1.28
1.28
1.28
1.28
1.28
1.28
1.28
1.28
1.28
1.28
1.28
1.28
1.28
1.28
1.28
1.28
1.28
1.28
1.28
1.28
1.28
1.28
1.28
1.28
1.28
1.28
1.28
1.28
1.28
1.28
1.28
1.28
1.28
1.28
1.28
1.28
1.28
1.28
1.28
1.28
1.28
1.28
1.28
1.28
1.28
1.28
1.28
1.28
1.28
1.28
1.28
1.28
1.28
1.28
1.28
1.28
1.28
1.28
1.28
1.28
1.28
1.28
1.28
1.28
1.28
1.28
1.28
1.28
1.28
1.28
1.28
1.28
1.28
1.28
1.28
1.28
1.28
1.28
1.28
1.28
1.28
1.28
1.28
1.28
1.28
1.28
1.28
1.28
1.28
1.28
1.28
1.28
1.28
1.28
1.28
1.28
1.28
1.28
1.28
1.28
1.28
1.28
1.28
1.28
1.28
1.28
1.28
1.28
1.28
1.28
1.28
1.28
1.28
1.28
1.28
1.28
1.28
1.28
1.28
1.28
1.28
1.28
1.28
1.28
1.28
1.28
1.28
1.28
1.28
1.28
1.28
1.28
1.28
1.28
1.28
1.28
1.28
1.28
1.28
1.28
1.28
1.28
1.28
1.28
1.28
1.28
1.28
1.28
1.28
1.28
1.28
1.28
1.28
1.28
1.28
1.28
1.28
1.28
1.28
1.28
1.28
1.28
1.28
1.28
1.28
1.28
1.28
1.28
1.28
1.28
1.28
1.28
1.28
1.28
1.28
1.28
1.28
1.28
1.28
1.28
1.28
1.28
1.28
1.28
1.28
1.28
1.28
1.28
1.28
1.28
1.28
1.28
1.28
1.28
1.28
1.28
1.28
1.28
1.28
1.28
1.28
1.28
1.28
1.28
1.28
1.28
1.28
1.28
1.28
1.28
1.28
1.28
1.28
1.28
1.28
1.28
1.28
1.28
1.28
1.28
1.28
1.28
1.28
1.28
1.28
1.28
1.28
1.28
1.28
1.28
1.28
1.28
1.28
1.28
1.28
1.28
1.28
1.28
1.28
1.28
1.28
1.28
1.28
1.28
1.28
1.28
1.28
1.28
1.28
1.28
1.28
1.28
1.28
1.28
1.28
1.28
1.28
1.28
1.28
1.28
1.28
1.28
1.28
1.28
1.28
1.28
1.28
1.28
1.28
1.28
1.28
1.28
1.28
1.28
1.28
1.28
1.28
1.28
1.28
1.28
1.28
1.28
1.28
1.28
1.28
1.28
1.28
1.28
1.28
1.28
1.28
1.28
1.28
1.28
1.28
1.28
1.28
1.28
1.28
1.28
1.28
1.28
1.28
1.28
1.28
1.28
1.28
1.28
1.28
1.28
1.28
1.28
1.28
1.28
1.28
1.28
1.28
1.28
1.28
1.28
1.28
1.28
1.28
1.28
1.28
1.28
1.28
1.28
1.28
1.28
1.28
1.28
1.28
1.28
1.28
1.28
1.28
1.28
1.28
1.28
1.28
1.28
1.28
1.28
1.28
1.28
1.28
1.28
1.28
1.28
1.28
1.28
1.28
1.28
1.28
1.28
1.28
1.28
1.28
1.28
1.28
1.28
1.28
1.28
1.28
1.28
1.28
1.28
1.28
1.28
1.28
1.28
1.28
1.28
1.28
1.28
1.28
1.28
1.28
1.28
1.28
1.28
1.28
1.28
1.28
1.28
1.28
1.28
1.28
1.28
1.28
1.28
1.28
1.28
1.28
1.28
1.28
1.28
1.28
1.28
1.28
1.28
1.28
1.28
1.28
1.28
1.28
1.28
1.28
1.28
1.28
1.28
1.28
1.28
1.28
1.28
1.28
1.28
1.28
1.28
1.28
1.28
1.28
1.28
1.28
1.28
1.28
1.28
1.28
1.28
1.28
1.28
1.28
1.28
1.28
1.28
1.28
1.28
1.28
1.28
1.28
1.28
1.28
1.28
1.28
1.28
1.28
1.28
1.28
1.28
1.28
1.28
1.28
1.28
1.28
1.28
1.28
1.28
1.28
1.28
1.28
1.28
1.28
1.28
1.28
1.28
1.28
1.28
1.28
1.28
1.28
1.28
1.28
1.28
1.28
1.28
1.28
1.28
1.28
1.28
1.28
1.28
1.28
1.28
1.28
1.28
1.28
1.28
1.28
1.28
1.28
1.28
1.28
1.28
1.28
1.28
1.28
1.28
1.28
1.28
1.28
1.28
1.28
1.28
1.28
1.28
1.28
1.28
1.28
1.28
1.28
1.28
1.28
1.28
1.28
1.28
1.28
1.28
1.28
1.28
1.28
1.28
1.28
1.28
1.28
1.28
1.28
1.28
1.28
1.28
1.28
1.28
1.28
1.28
1.28
1.28
1.28
1.28
1.28
1.28
1.28
1.28
1.28
1.28
1.28
1.28
1.28
1.28
1.28
1.28
1.28
1.28
1.28
1.28
1.28
1.28
1.28
1.28
1.28
1.28
1.28
1.28
1.28
1.28
1.28
1.28
1.28
1.28
1.28
1.28
1.28
1.28
1.28
1.28
1.28
1.28
1.28
1.28
1.28
1.28
1.28
1.28
1.28
1.28
1.28
1.28
1.28
1.28
1.28
1.28
1.28
1.28
1.28
1.28
1.28
1.28
1.28
1.28
1.28
1.28
1.28001
1.28
1.28
1.28
1.28
1.28
1.28
1.28
1.28
1.28
1.28
1.28
1.28
1.28
1.28
1.28
1.28
1.28
1.28
1.28
1.28
1.28
1.28
1.28
1.28
1.28
1.28
1.28
1.28
1.28
1.28
1.28
1.28
1.28
1.28
1.28
1.28
1.28
1.28
1.28
1.28
1.28
1.28
1.28
1.28
1.28
1.28
1.28
1.28
1.28
1.28
1.28
1.28
1.28
1.28
1.28
1.28
1.28
1.28
1.28
1.28
1.28
1.28
1.28
1.28
1.28
1.28
1.28
1.28
1.28
1.28
1.28
1.28
1.28
1.28
1.28
1.28
1.28
1.28
1.28
1.28
1.28
1.28
1.28
1.28
1.28
1.28
1.28
1.28
1.28
1.28
1.28
1.28
1.28
1.28
1.28
1.28
1.28
1.28
1.28
1.28001
1.28
1.28
1.28
1.28
1.28
1.28
1.28
1.28
1.28
1.28
1.28
1.28
1.28
1.28
1.28
1.28
1.28
1.28
1.28
1.28
1.28
1.28
1.28
1.28
1.28
1.28
1.28
1.28
1.28
1.28
1.28
1.28
1.28
1.28
1.28
1.28
1.28
1.28
1.28
1.28
1.28
1.28
1.28
1.28
1.28
1.28
1.28
1.28
1.28
1.28
1.28
1.28
1.28
1.28
1.28
1.28
1.28
1.28
1.28
1.28
1.28
1.28
1.28
1.28
1.28
1.28
1.28
1.28
1.28
1.28
1.28
1.28
1.28
1.28
1.28
1.28
1.28
1.28
1.28
1.28
1.28
1.28
1.28
1.28
1.28
1.28
1.28
1.28
1.28
1.28
1.28
1.28
1.28
1.28
1.28
1.28
1.28
1.28
1.28
1.28001
1.28
1.28
1.28
1.28
1.28
1.28
1.28
1.28
1.28
1.28
1.28
1.28
1.28
1.28
1.28
1.28
1.28
1.28
1.28
1.28
1.28
1.28
1.28
1.28
1.28
1.28
1.28
1.28
1.28
1.28
1.28
1.28
1.28
1.28
1.28
1.28
1.28
1.28
1.28
1.28
1.28
1.28
1.28
1.28
1.28
1.28
1.28
1.28
1.28
1.28
1.28
1.28
1.28
1.28
1.28
1.28
1.28
1.28
1.28
1.28
1.28
1.28
1.28
1.28
1.28
1.28
1.28
1.28
1.28
1.28
1.28
1.28
1.28
1.28
1.28
1.28
1.28
1.28
1.28
1.28
1.28
1.28
1.28
1.28
1.28
1.28
1.28
1.28
1.28
1.28
1.28
1.28
1.28
1.28
1.28
1.28
1.28
1.28
1.28
1.28001
1.28
1.28
1.28
1.28
1.28
1.28
1.28
1.28
1.28
1.28
1.28
1.28
1.28
1.28
1.28
1.28
1.28
1.28
1.28
1.28
1.28
1.28
1.28
1.28
1.28
1.28
1.28
1.28
1.28
1.28
1.28
1.28
1.28
1.28
1.28
1.28
1.28
1.28
1.28
1.28
1.28
1.28
1.28
1.28
1.28
1.28
1.28
1.28
1.28
1.28
1.28
1.28
1.28
1.28
1.28
1.28
1.28
1.28
1.28
1.28
1.28
1.28
1.28
1.28
1.28
1.28
1.28
1.28
1.28
1.28
1.28
1.28
1.28
1.28
1.28
1.28
1.28
1.28
1.28
1.28
1.28
1.28
1.28
1.28
1.28
1.28
1.28
1.28
1.28
1.28
1.28
1.28
1.28
1.28
1.28
1.28
1.28
1.28
1.28
1.28001
1.28
1.28
1.28
1.28
1.28
1.28
1.28
1.28
1.28
1.28
1.28
1.28
1.28
1.28
1.28
1.28
1.28
1.28
1.28
1.28
1.28
1.28
1.28
1.28
1.28
1.28
1.28
1.28
1.28
1.28
1.28
1.28
1.28
1.28
1.28
1.28
1.28
1.28
1.28
1.28
1.28
1.28
1.28
1.28
1.28
1.28
1.28
1.28
1.28
1.28
1.28
1.28
1.28
1.28
1.28
1.28
1.28
1.28
1.28
1.28
1.28
1.28
1.28
1.28
1.28
1.28
1.28
1.28
1.28
1.28
1.28
1.28
1.28
1.28
1.28
1.28
1.28
1.28
1.28
1.28
1.28
1.28
1.28
1.28
1.28
1.28
1.28
1.28
1.28
1.28
1.28
1.28
1.28
1.28
1.28
1.28
1.28
1.28
1.28
1.28001
1.28
1.28
1.28
1.28
1.28
1.28
1.28
1.28
1.28
1.28
1.28
1.28
1.28
1.28
1.28
1.28
1.28
1.28
1.28
1.28
1.28
1.28
1.28
1.28
1.28
1.28
1.28
1.28
1.28
1.28
1.28
1.28
1.28
1.28
1.28
1.28
1.28
1.28
1.28
1.28
1.28
1.28
1.28
1.28
1.28
1.28
1.28
1.28
1.28
1.28
1.28
1.28
1.28
1.28
1.28
1.28
1.28
1.28
1.28
1.28
1.28
1.28
1.28
1.28
1.28
1.28
1.28
1.28
1.28
1.28
1.28
1.28
1.28
1.28
1.28
1.28
1.28
1.28
1.28
1.28
1.28
1.28
1.28
1.28
1.28
1.28
1.28
1.28
1.28
1.28
1.28
1.28
1.28
1.28
1.28
1.28
1.28
1.28
1.28
1.28
1.28
1.28
1.28
1.28
1.28
1.28
1.28
1.28
1.28
1.28
1.28
1.28
1.28
1.28
1.28
1.28
1.28
1.28
1.28
1.28
1.28
1.28
1.28
1.28
1.28
1.28
1.28
1.28
1.28
1.28
1.28
1.28
1.28
1.28
1.28
1.28
1.28
1.28
1.28
1.28
1.28
1.28
1.28
1.28
1.28
1.28
1.28
1.28
1.28
1.28
1.28
1.28
1.28
1.28
1.28
1.28
1.28
1.28
1.28
1.28
1.28
1.28
1.28
1.28
1.28
1.28
1.28
1.28
1.28
1.28
1.28
1.28
1.28
1.28
1.28
1.28
1.28
1.28
1.28
1.28
1.28
1.28
1.28
1.28
1.28
1.28
1.28
1.28
1.28
1.28
1.28
1.28
1.28
1.28
1.28
1.28
1.28
1.28
1.28
1.28
1.28
1.28
1.28
1.28
1.28
1.28
1.28
1.28
1.28
1.28
1.28
1.28
1.28
1.28
1.28
1.28
1.28
1.28
1.28
1.28
1.28
1.28
1.28
1.28
1.28
1.28
1.28
1.28
1.28
1.28
1.28
1.28
1.28
1.28
1.28
1.28
1.28
1.28
1.28
1.28
1.28
1.28
1.28
1.28
1.28
1.28
1.28
1.28
1.28
1.28
1.28
1.28
1.28
1.28
1.28
1.28
1.28
1.28
1.28
1.28
1.28
1.28
1.28
1.28
1.28
1.28
1.28
1.28
1.28
1.28
1.28
1.28
1.28
1.28
1.28
1.28
1.28
1.28
1.28
1.28
1.28
1.28
1.28
1.28
1.28
1.28
1.28
1.28
1.28
1.28
1.28
1.28
1.28
1.28
1.28
1.28
1.28
1.28
1.28
1.28
1.28
1.28
1.28
1.28
1.28
1.28
1.28
1.28
1.28
1.28
1.28
1.28
1.28
1.28
1.28
1.28
1.28
1.28
1.28
1.28
1.28
1.28
1.28
1.28
1.28
1.28
1.28
1.28
1.28
1.28
1.28
1.28
1.28
1.28
1.28
1.28
1.28
1.28
1.28
1.28
1.28
1.28
1.28
1.28
1.28
1.28
1.28
1.28
1.28
1.28
1.28
1.28
1.28
1.28
1.28
1.28
1.28
1.28
1.28
1.28
1.28
1.28
1.28
1.28
1.28
1.28
1.28
1.28
1.28
1.28
1.28
1.28
1.28
1.28
1.28
1.28
1.28
1.28
1.28
1.28
1.28
1.28
1.28
1.28
1.28
1.28
1.28
1.28
1.28
1.28
1.28
1.28
1.28
1.28
1.28
1.28
1.28
1.28
1.28
1.28
1.28
1.28
1.28
1.28
1.28
1.28
1.28
1.28
1.28
1.28
1.28
1.28
1.28
1.28
1.28
1.28
1.28
1.28
1.28
1.28
1.28
1.28
1.28
1.28
1.28
1.28
1.28
1.28
1.28
1.28
1.28
1.28
1.28
1.28
1.28
1.28
1.28
1.28
1.28
1.28
1.28
1.28
1.28
1.28
1.28
1.28
1.28
1.28
1.28
1.28
1.28
1.28
1.28
1.28
1.28
1.28
1.28
1.28
1.28
1.28
1.28
1.28
1.28
1.28
1.28
1.28
1.28
1.28
1.28
1.28
1.28
1.28
1.28
1.28
1.28
1.28
1.28
1.28
1.28
1.28
1.28
1.28
1.28
1.28
1.28
1.28
1.28
1.28
1.28
1.28
1.28
1.28
1.28
1.28
1.28
1.28
1.28
1.28
1.28
1.28
1.28
1.28
1.28
1.28
1.28
1.28
1.28
1.28
1.28
1.28
1.28
1.28
1.28
1.28
1.28
1.28
1.28
1.28
1.28
1.28
1.28
1.28
1.28
1.28
1.28
1.28
1.28
1.28
1.28
1.28
1.28
1.28
1.28
1.28
1.28
1.28
1.28
1.28
1.28
1.28
1.28
1.28
1.28
1.28
1.28
1.28
1.28
1.28
1.28
1.28
1.28
1.28
1.28
1.28
1.28
1.28
1.28
1.28
1.28
1.28
1.28
1.28
1.28
1.28
1.28
1.28
1.28
1.28
1.28
1.28
1.28
1.28
1.28
1.28
1.28
1.28
1.28
1.28
1.28
1.28
1.28
1.28
1.28
1.28
1.28
1.28
1.28
1.28
1.28
1.28
1.28
1.28
1.28
1.28
1.28
1.28
1.28
1.28
1.28
1.28
1.28
1.28
1.28
1.28
1.28
1.28
1.28
1.28
1.28
1.28
1.28
1.28
1.28
1.28
1.28
1.28
1.28
1.28
1.28
1.28
1.28
1.28
1.28
1.28
1.28
1.28
1.28
1.28
1.28
1.28
1.28
1.28
1.28
1.28
1.28
1.28
1.28
1.28
1.28
1.28
1.28
1.28
1.28
1.28
1.28
1.28
1.28
1.28
1.28
1.28
1.28
1.28
1.28
1.28
1.28
1.28
1.28
1.28
1.28
1.28
1.28
1.28
1.28
1.28
1.28
1.28
1.28
1.28
1.28
1.28
1.28
1.28
1.28
1.28
1.28
1.28
1.28
1.28
1.28
1.28
1.28
1.28
1.28
1.28
1.28
1.28
1.28
1.28
1.28
1.28
1.28
1.28
1.28
1.28
1.28
1.28
1.28
1.28
1.28
1.28
1.28
1.28
1.28
1.28
1.28
1.28
1.28
1.28
1.28
1.28
1.28
1.28
1.28
1.28
1.28
1.28
1.28
1.28
1.28
1.28
1.28
1.28
1.28
1.28
1.28
1.28
1.28
1.28
1.28
1.28
1.28
1.28
1.28
1.28
1.28
1.28
1.28
1.28
1.28
1.28
1.28
1.28
1.28
1.28
1.28
1.28
1.28
1.28
1.28
1.28
1.28
1.28
1.28
1.28
1.28
1.28
1.28
1.28
1.28
1.28
1.28
1.28
1.28
1.28
1.28
1.28
1.28
1.28
1.28
1.28
1.28
1.28
1.28
1.28
1.28
1.28
1.28
1.28
1.28
1.28
1.28
1.28
1.28
1.28
1.28
1.28
1.28
1.28
1.28
1.28
1.28
1.28
1.28
1.28
1.28
1.28
1.28
1.28
1.28
1.28
1.28
1.28
1.28
1.28
1.28
1.28
1.28
1.28
1.28
1.28
1.28
1.28
1.28
1.28
1.28
1.28
1.28
1.28
1.28
1.28
1.28
1.28
1.28
1.28
1.28
1.28
1.28
1.28
1.28
1.28
1.28
1.28
1.28
1.28
1.28
1.28
1.28
1.28
1.28
1.28
1.28
1.28
1.28
1.28
1.28
1.28
1.28
1.28
1.28
1.28
1.28
1.28
1.28
1.28
1.28
1.28
1.28
1.28
1.28
1.28
1.28
1.28
1.28
1.28
1.28
1.28
1.28
1.28
1.28
1.28
1.28
1.28
1.28
1.28
1.28
1.28
1.28
1.28
1.28
1.28
1.28
1.28
1.28
1.28
1.28
1.28
1.28
1.28
1.28
1.28
1.28
1.28
1.28
1.28
1.28
1.28
1.28
1.28
1.28
1.28
1.28
1.28
1.28
1.28
1.28
1.28
1.28
1.28
1.28
1.28
1.28
1.28
1.28
1.28
1.28
1.28
1.28
1.28
1.28
1.28
1.28
1.28
1.28
1.28
1.28
1.28
1.28
1.28
1.28
1.28
1.28
1.28
1.28
1.28
1.28
1.28
1.28
1.28
1.28
1.28
1.28
1.28
1.28
1.28
1.28
1.28
1.28
1.28
1.28
1.28
1.28
1.28
1.28
1.28
1.28
1.28
1.28
1.28
1.28
1.28
1.28
1.28
1.28
1.28
1.28
1.28
1.28
1.28
1.28
1.28
1.28
1.28
1.28
1.28
1.28
1.28
1.28
1.28
1.28
1.28
1.28
1.28
1.28
1.28
1.28
1.28
1.28
1.28
1.28
1.28
1.28
1.28
1.28
1.28
1.28
1.28
1.28
1.28
1.28
1.28
1.28
1.28
1.28
1.28
1.28
1.28
1.28
1.28
1.28
1.28
1.28
1.28
1.28
1.28
1.28
1.28
1.28
1.28
1.28
1.28
1.28
1.28
1.28
1.28
1.28
1.28
1.28
1.28
1.28
1.28
1.28
1.28
1.28
1.28
1.28
1.28
1.28
1.28
1.28
1.28
1.28
1.28
1.28
1.28
1.28
1.28
1.28
1.28
1.28
1.28
1.28
1.28
1.28
1.28
1.28
1.28
1.28
1.28
1.28
1.28
1.28
1.28
1.28
1.28
1.28
1.28
1.28
1.28
1.28
1.28
1.28
1.28
1.28
1.28
1.28
1.28
1.28
1.28
1.28
1.28
1.28
1.28
1.28
1.28
1.28
1.28
1.28
1.28
1.28
1.28
1.28
1.28
1.28
1.28
1.28
1.28
1.28
1.28
1.28
1.28
1.28
1.28
1.28
1.28
1.28
1.28
1.28
1.28
1.28
1.28
1.28
1.28
1.28
1.28
1.28
1.28
1.28
1.28
1.28
1.28
1.28
1.28
1.28
1.28
1.28
1.28
1.28
1.28
1.28
1.28
1.28
1.28
1.28
1.28
1.28
1.28
1.28
1.28
1.28
1.28
1.28
1.28
1.28
1.28
1.28
1.28
1.28
1.28
1.28
1.28
1.28
1.28
1.28
1.28
1.28
1.28
1.28
1.28
1.28
1.28
1.28
1.28
1.28
1.28
1.28
1.28
1.28
1.28
1.28
1.28
1.28
1.28
1.28
1.28
1.28
1.28
1.28
1.28
1.28
1.28
1.28
1.28
1.28
1.28
1.28
1.28
1.28
1.28
1.28
1.28
1.28
1.28
1.28
1.28
1.28
1.28
1.28
1.28
1.28
1.28
1.28
1.28
1.28
1.28
1.28
1.28
1.28
1.28
1.28
1.28
1.28
1.28
1.28
1.28
1.28
1.28
1.28
1.28
1.28
1.28
1.28
1.28
1.28
1.28
1.28
1.28
1.28
1.28
1.28
1.28
1.28
1.28
1.28
1.28
1.28
1.28
1.28
1.28
1.28
1.28
1.28
1.28
1.28
1.28
1.28
1.28
1.28
1.28
1.28
1.28
1.28
1.28
1.28
1.28
1.28
1.28
1.28
1.28
1.28
1.28
1.28
1.28
1.28
1.28
1.28
1.28
1.28
1.28
1.28
1.28
1.28
1.28
1.28
1.28
1.28
1.28
1.28
1.28
1.28
1.28
1.28
1.28
1.28
1.28
1.28
1.28
1.28
1.28
1.28
1.28
1.28
1.28
1.28
1.28
1.28
1.28
1.28
1.28
1.28
1.28
1.28
1.28
1.28
1.28
1.28
1.28
1.28
1.28
1.28
1.28
1.28
1.28
1.28
1.28
1.28
1.28
1.28
1.28
1.28
1.28
1.28
1.28
1.28
1.28
1.28
1.28
1.28
1.28
1.28
1.28
1.28
1.28
1.28
1.28
1.28
1.28
1.28
1.28
1.28
1.28
1.28
1.28
1.28
1.28
1.28
1.28
1.28
1.28
1.28
1.28
1.28
1.28
1.28
1.28
1.28
1.28
1.28
1.28
1.28
1.28
1.28
1.28
1.28
1.28
1.28
1.28
1.28
1.28
1.28
1.28
1.28
1.28
1.28
1.28
1.28
1.28
1.28
1.28
1.28
1.28
1.28
1.28
1.28
1.28
1.28
1.28
1.28
1.28
1.28
1.28
1.28
1.28
1.28
1.28
1.28
1.28
1.28
1.28
1.28
1.28
1.28
1.28
1.28
1.28
1.28
1.28
1.28
1.28
1.28
1.28
1.28
1.28
1.28
1.28
1.28
1.28
1.28
1.28
1.28
1.28
1.28
1.28
1.28
1.28
1.28
1.28
1.28
1.28
1.28
1.28
1.28
1.28
1.28
1.28
1.28
1.28
1.28
1.28
1.28
1.28
1.28
1.28
1.28
1.28
1.28
1.28
1.28
1.28
1.28
1.28
1.28
1.28
1.28
1.28
1.28
1.28
1.28
1.28
1.28
1.28
1.28
1.28
1.28
1.28
1.28
1.28
1.28
1.28
1.28
1.28
1.28
1.28
1.28
1.28
1.28
1.28
1.28
1.28
1.28
1.28
1.28
1.28
1.28
1.28
1.28
1.28
1.28
1.28
1.28
1.28
1.28
1.28
1.28
1.28
1.28
1.28
1.28
1.28
1.28
1.28
1.28
1.28
1.28
1.28
1.28
1.28
1.28
1.28
1.28
1.28
1.28
1.28
1.28
1.28
1.28
1.28
1.28
1.28
1.28
1.28
1.28
1.28
1.28
1.28
1.28
1.28
1.28
1.28
1.28
1.28
1.28
1.28
1.28
1.28
1.28
1.28
1.28
1.28
1.28
1.28
1.28
1.28
1.28
1.28
1.28
1.28
1.28
1.28
1.28
1.28
1.28
1.28
1.28
1.28
1.28
1.28
1.28
1.28
1.28
1.28
1.28
1.28
1.28
1.28
1.28
1.28
1.28
1.28
1.28
1.28
1.28
1.28
1.28
1.28
1.28
1.28
1.28
1.28
1.28
1.28
1.28
1.28
1.28
1.28
1.28
1.28
1.28
1.28
1.28
1.28
1.28
1.28
1.28
1.28
1.28
1.28
1.28
1.28
1.28
1.28
1.28
1.28
1.28
1.28
1.28
1.28
1.28
1.28
1.28
1.28
1.28
1.28
1.28
1.28
1.28
1.28
1.28
1.28
1.28
1.28
1.28
1.28
1.28
1.28
1.28
1.28
1.28
1.28
1.28
1.28
1.28
1.28
1.28
1.28
1.28
1.28
1.28
1.28
1.28
1.28
1.28
1.28
1.28
1.28
1.28
1.28
1.28
1.28
1.28
1.28
1.28
1.28
1.28
1.28
1.28
1.28
1.28
1.28
1.28
1.28
1.28
1.28
1.28
1.28
1.28
1.28
1.28
1.28
1.28
1.28
1.28
1.28
1.28
1.28
1.28
1.28
1.28
1.28
1.28
1.28
1.28
1.28
1.28
1.28
1.28
1.28
1.28
1.28
1.28
1.28
1.28
1.28
1.28
1.28
1.28
1.28
1.28
1.28
1.28
1.28001
1.28001
1.28001
1.28001
1.28001
1.28001
1.28001
1.28001
1.28001
1.28001
1.28
1.28
1.28
1.28
1.28
1.28
1.28
1.28
1.28
1.28
1.28
1.28
1.28
1.28
1.28
1.28
1.28
1.28
1.28
1.28
1.28
1.28
1.28
1.28
1.28
1.28
1.28
1.28
1.28
1.28
1.28
1.28
1.28
1.28
1.28
1.28
1.28
1.28
1.28
1.28
1.28
1.28
1.28
1.28
1.28
1.28
1.28
1.28
1.28
1.28
1.28
1.28
1.28
1.28
1.28
1.28
1.28
1.28
1.28
1.28
1.28
1.28
1.28
1.28
1.28
1.28
1.28
1.28
1.28
1.28
1.28
1.28
1.28
1.28
1.28
1.28
1.28
1.28
1.28
1.28
1.28
1.28
1.28
1.28
1.28
1.28
1.28
1.28
1.28
1.28
1.28001
1.28001
1.28001
1.28001
1.28001
1.28001
1.28001
1.28001
1.28001
1.28001
1.28
1.28
1.28
1.28
1.28
1.28
1.28
1.28
1.28
1.28
1.28
1.28
1.28
1.28
1.28
1.28
1.28
1.28
1.28
1.28
1.28
1.28
1.28
1.28
1.28
1.28
1.28
1.28
1.28
1.28
1.28
1.28
1.28
1.28
1.28
1.28
1.28
1.28
1.28
1.28
1.28
1.28
1.28
1.28
1.28
1.28
1.28
1.28
1.28
1.28
1.28
1.28
1.28
1.28
1.28
1.28
1.28
1.28
1.28
1.28
1.28
1.28
1.28
1.28
1.28
1.28
1.28
1.28
1.28
1.28
1.28
1.28
1.28
1.28
1.28
1.28
1.28
1.28
1.28
1.28
1.28
1.28
1.28
1.28
1.28
1.28
1.28
1.28
1.28
1.28
1.28
1.28
1.28
1.28
1.28
1.28
1.28
1.28
1.28
1.28
1.28
1.28
1.28
1.28
1.28
1.28
1.28
1.28
1.28
1.28
1.28
1.28
1.28
1.28
1.28
1.28
1.28
1.28
1.28
1.28
1.28
1.28
1.28
1.28
1.28
1.28
1.28
1.28
1.28
1.28
1.28
1.28
1.28
1.28
1.28
1.28
1.28
1.28
1.28
1.28
1.28
1.28
1.28
1.28
1.28
1.28
1.28
1.28
1.28
1.28
1.28
1.28
1.28
1.28
1.28
1.28
1.28
1.28
1.28
1.28
1.28
1.28
1.28
1.28
1.28
1.28
1.28
1.28
1.28
1.28
1.28
1.28
1.28
1.28
1.28
1.28
1.28
1.28
1.28
1.28
1.28
1.28
1.28
1.28
1.28
1.28
1.28
1.28
1.28
1.28
1.28
1.28
1.28
1.28
1.28
1.28
1.28
1.28
1.28
1.28
1.28
1.28
1.28
1.28
1.28
1.28
1.28
1.28
1.28
1.28
1.28
1.28
1.28
1.28
1.28
1.28
1.28
1.28
1.28
1.28
1.28
1.28
1.28
1.28
1.28
1.28
1.28
1.28
1.28
1.28
1.28
1.28
1.28
1.28
1.28
1.28
1.28
1.28
1.28
1.28
1.28
1.28
1.28
1.28
1.28
1.28
1.28
1.28
1.28
1.28
1.28
1.28
1.28
1.28
1.28
1.28
1.28
1.28
1.28
1.28
1.28
1.28
1.28
1.28
1.28
1.28
1.28
1.28
1.28
1.28
1.28
1.28
1.28
1.28
1.28
1.28
1.28
1.28
1.28
1.28
1.28
1.28
1.28
1.28
1.28
1.28
1.28
1.28
1.28
1.28
1.28
1.28
1.28
1.28
1.28
1.28
1.28
1.28
1.28
1.28
1.28
1.28
1.28
1.28
1.28
1.28
1.28
1.28
1.28
1.28
1.28
1.28
1.28
1.28
1.28
1.28
1.28
1.28
1.28
1.28
1.28
1.28
1.28
1.28
1.28
1.28
1.28
1.28
1.28
1.28
1.28
1.28
1.28
1.28
1.28
1.28
1.28
1.28
1.28
1.28
1.28
1.28
1.28
1.28
1.28
1.28
1.28
1.28
1.28
1.28
1.28
1.28
1.28
1.28
1.28
1.28
1.28
1.28
1.28
1.28
1.28
1.28
1.28
1.28
1.28
1.28
1.28
1.28
1.28
1.28
1.28
1.28
1.28
1.28
1.28
1.28
1.28
1.28
1.28
1.28
1.28
1.28
1.28
1.28
1.28
1.28
1.28
1.28
1.28
1.28
1.28
1.28
1.28
1.28
1.28
1.28
1.28
1.28
1.28
1.28
1.28
1.28
1.28
1.28
1.28
1.28
1.28
1.28
1.28
1.28
1.28
1.28
1.28
1.28
1.28
1.28
1.28
1.28
1.28
1.28
1.28
1.28
1.28
1.28
1.28
1.28
1.28
1.28
1.28
1.28
1.28
1.28
1.28
1.28
1.28
1.28
1.28
1.28
1.28
1.28
1.28
1.28
1.28
1.28
1.28
1.28
1.28
1.28
1.28
1.28
1.28
1.28
1.28
1.28
1.28
1.28
1.28
1.28
1.28
1.28
1.28
1.28
1.28
1.28
1.28
1.28
1.28
1.28
1.28
1.28
1.28
1.28
1.28
1.28
1.28
1.28
1.28
1.28
1.28
1.28
1.28
1.28
1.28
1.28
1.28
1.28
1.28
1.28
1.28
1.28
1.28
1.28
1.28
1.28
1.28
1.28
1.28
1.28
1.28
1.28
1.28
1.28
1.28
1.28
1.28
1.28
1.28
1.28
1.28
1.28
1.28
1.28
1.28
1.28
1.28
1.28
1.28
1.28
1.28
1.28
1.28
1.28
1.28
1.28
1.28
1.28
1.28
1.28
1.28
1.28
1.28
1.28
1.28
1.28
1.28
1.28
1.28
1.28
1.28
1.28
1.28
1.28
1.28
1.28
1.28
1.28
1.28
1.28
1.28
1.28
1.28
1.28
1.28
1.28
1.28
1.28
1.28
1.28
1.28
1.28
1.28
1.28
1.28
1.28
1.28
1.28
1.28
1.28
1.28
1.28
1.28
1.28
1.28
1.28
1.28
1.28
1.28
1.28
1.28
1.28
1.28
1.28
1.28
1.28
1.28
1.28
1.28
1.28
1.28
1.28
1.28
1.28
1.28
1.28
1.28
1.28
1.28
1.28
1.28
1.28
1.28
1.28
1.28
1.28
1.28
1.28
1.28
1.28
1.28
1.28
1.28
1.28
1.28
1.28
1.28
1.28
1.28
1.28
1.28
1.28
1.28
1.28
1.28
1.28
1.28
1.28
1.28
1.28
1.28
1.28
1.28
1.28
1.28
1.28
1.28
1.28
1.28
1.28
1.28
1.28
1.28
1.28
1.28
1.28
1.28
1.28
1.28
1.28
1.28
1.28
1.28
1.28
1.28
1.28
1.28
1.28
1.28
1.28
1.28
1.28
1.28
1.28
1.28
1.28
1.28
1.28
1.28
1.28
1.28
1.28
1.28
1.28
1.28
1.28
1.28
1.28
1.28
1.28
1.28
1.28
1.28
1.28
1.28
1.28
1.28
1.28
1.28
1.28
1.28
1.28
1.28
1.28
1.28
1.28
1.28
1.28
1.28
1.28
1.28
1.28
1.28
1.28
1.28
1.28
1.28
1.28
1.28
1.28
1.28
1.28
1.28
1.28
1.28
1.28
1.28
1.28
1.28
1.28
1.28
1.28
1.28
1.28
1.28
1.28
1.28
1.28
1.28
1.28
1.28
1.28
1.28
1.28
1.28
1.28
1.28
1.28
1.28
1.28
1.28
1.28
1.28
1.28
1.28
1.28
1.28
1.28
1.28
1.28
1.28
1.28
1.28
1.28
1.28
1.28
1.28
1.28
1.28
1.28
1.28
1.28
1.28
1.28
1.28
1.28
1.28
1.28
1.28
1.28
1.28
1.28
1.28
1.28
1.28
1.28
1.28
1.28
1.28
1.28
1.28
1.28
1.28
1.28
1.28
1.28
1.28
1.28
1.28
1.28
1.28
1.28
1.28
1.28
1.28
1.28
1.28
1.28
1.28
1.28
1.28
1.28
1.28
1.28
1.28
1.28
1.28
1.28
1.28
1.28
1.28
1.28
1.28
1.28
1.28
1.28
1.28
1.28
1.28
1.28
1.28
1.28
1.28
1.28
1.28
1.28
1.28
1.28
1.28
1.28
1.28
1.28
1.28
1.28
1.28
1.28
1.28
1.28
1.28
1.28
1.28
1.28
1.28
1.28
1.28
1.28
1.28
1.28
1.28
1.28
1.28
1.28
1.28
1.28
1.28
1.28
1.28
1.28
1.28
1.28
1.28
1.28
1.28
1.28
1.28
1.28
1.28
1.28
1.28
1.28
1.28
1.28
1.28
1.28
1.28
1.28
1.28
1.28
1.28
1.28
1.28
1.28
1.28
1.28
1.28
1.28
1.28
1.28
1.28
1.28
1.28
1.28
1.28
1.28
1.28
1.28
1.28
1.28
1.28
1.28
1.28
1.28
1.28
1.28
1.28
1.28
1.28
1.28
1.28
1.28
1.28
1.28
1.28
1.28
1.28
1.28
1.28
1.28
1.28
1.28
1.28
1.28
1.28
1.28
1.28
1.28
1.28
1.28
1.28
1.28
1.28
1.28
1.28
1.28
1.28
1.28
1.28
1.28
1.28
1.28
1.28
1.28
1.28
1.28
1.28
1.28
1.28
1.28
1.28
1.28
1.28
1.28
1.28
1.28
1.28
1.28
1.28
1.28
1.28
1.28
1.28
1.28
1.28
1.28
1.28
1.28
1.28
1.28
1.28
1.28
1.28
1.28
1.28
1.28
1.28
1.28
1.28
1.28
1.28
1.28
1.28
1.28
1.28
1.28
1.28
1.28
1.28
1.28
1.28
1.28
1.28
1.28
1.28
1.28
1.28
1.28
1.28
1.28
1.28
1.28
1.28
1.28
1.28
1.28
1.28
1.28
1.28
1.28
1.28
1.28
1.28
1.28
1.28
1.28
1.28
1.28
1.28
1.28
1.28
1.28
1.28
1.28
1.28
1.28
1.28
1.28
1.28
1.28
1.28
1.28
1.28
1.28
1.28
1.28
1.28
1.28
1.28
1.28
1.28
1.28
1.28
1.28
1.28
1.28
1.28
1.28
1.28
1.28
1.28
1.28
1.28
1.28
1.28
1.28
1.28
1.28
1.28
1.28
1.28
1.28
1.28
1.28
1.28
1.28
1.28
1.28
1.28
1.28
1.28
1.28
1.28
1.28
1.28
1.28
1.28
1.28
1.28
1.28
1.28
1.28
1.28
1.28
1.28
1.28
1.28
1.28
1.28
1.28
1.28
1.28
1.28
1.28
1.28
1.28
1.28
1.28
1.28
1.28
1.28
1.28
1.28
1.28
1.28
1.28
1.28
1.28
1.28
1.28
1.28
1.28
1.28
1.28
1.28
1.28
1.28
1.28
1.28
1.28
1.28
1.28
1.28
1.28
1.28
1.28
1.28
1.28
1.28
1.28
1.28
1.28
1.28
1.28
1.28
1.28
1.28
1.28
1.28
1.28
1.28
1.28
1.28
1.28
1.28
1.28
1.28
1.28
1.28
1.28
1.28
1.28
1.28
1.28
1.28
1.28
1.28
1.28
1.28
1.28
1.28
1.28
1.28
1.28
1.28
1.28
1.28
1.28
1.28
1.28
1.28
1.28
1.28
1.28
1.28
1.28
1.28
1.28
1.28
1.28
1.28
1.28
1.28
1.28
1.28
1.28
1.28
1.28
1.28
1.28
1.28
1.28
1.28
1.28
1.28
1.28
1.28
1.28
1.28
1.28
1.28
1.28
1.28
1.28
1.28
1.28
1.28
1.28
1.28
1.28
1.28
1.28
1.28
1.28
1.28
1.28
1.28
1.28
1.28
1.28
1.28
1.28
1.28
1.28
1.28
1.28
1.28
1.28
1.28
1.28
1.28
1.28
1.28
1.28
1.28
1.28
1.28
1.28
1.28
1.28
1.28
1.28
1.28
1.28
1.28
1.28
1.28
1.28
1.28
1.28
1.28
1.28
1.28
1.28
1.28
1.28
1.28
1.28
1.28
1.28
1.28
1.28
1.28
1.28
1.28
1.28
1.28
1.28
1.28
1.28
1.28
1.28
1.28
1.28
1.28
1.28
1.28
1.28
1.28
1.28
1.28
1.28
1.28
1.28
1.28
1.28
1.28
1.28
1.28
1.28
1.28
1.28
1.28
1.28
1.28
1.28
1.28
1.28
1.28
1.28
1.28
1.28
1.28
1.28
1.28
1.28
1.28
1.28
1.28
1.28
1.28
1.28
1.28
1.28
1.28
1.28
1.28
1.28
1.28
1.28
1.28
1.28
1.28
1.28
1.28
1.28
1.28
1.28
1.28
1.28
1.28
1.28
1.28
1.28
1.28
1.28
1.28
1.28
1.28
1.28
1.28
1.28
1.28
1.28
1.28
1.28
1.28
1.28
1.28
1.28
1.28
1.28
1.28
1.28
1.28
1.28
1.28
1.28
1.28
1.28
1.28
1.28
1.28
1.28
1.28
1.28
1.28
1.28
1.28
1.28
1.28
1.28
1.28
1.28
1.28
1.28
1.28
1.28
1.28
1.28
1.28
1.28
1.28
1.28
1.28
1.28
1.28
1.28
1.28
1.28
1.28
1.28
1.28
1.28
1.28
1.28
1.28
1.28
1.28
1.28
1.28
1.28
1.28
1.28
1.28
1.28
1.28
1.28
1.28
1.28
1.28
1.28
1.28
1.28
1.28
1.28
1.28
1.28
1.28
1.28
1.28
1.28
1.28
1.28
1.28
1.28
1.28
1.28
1.28
1.28
1.28
1.28
1.28
1.28
1.28
1.28
1.28
1.28
1.28
1.28
1.28
1.28
1.28
1.28
1.28
1.28
1.28
1.28
1.28
1.28
1.28
1.28
1.28
1.28
1.28
1.28
1.28
1.28
1.28
1.28
1.28
1.28
1.28
1.28
1.28
1.28
1.28
1.28
1.28
1.28
1.28
1.28
1.28
1.28
1.28
1.28
1.28
1.28
1.28
1.28
1.28
1.28
1.28
1.28
1.28
1.28
1.28
1.28
1.28
1.28
1.28
1.28
1.28
1.28
1.28
1.28
1.28
1.28
1.28
1.28
1.28
1.28
1.28
1.28
1.28
1.28
1.28
1.28
1.28
1.28
1.28
1.28
1.28
1.28
1.28
1.28
1.28
1.28
1.28
1.28
1.28
1.28
1.28
1.28
1.28
1.28
1.28
1.28
1.28
1.28
1.28
1.28
1.28
1.28
1.28
1.28
1.28
1.28
1.28
1.28
1.28
1.28
1.28
1.28
1.28
1.28
1.28
1.28
1.28
1.28
1.28
1.28
1.28
1.28
1.28
1.28
1.28
1.28
1.28
1.28
1.28
1.28
1.28
1.28
1.28
1.28
1.28
1.28
1.28
1.28
1.28
1.28
1.28
1.28
1.28
1.28
1.28
1.28
1.28
1.28
1.28
1.28
1.28
1.28
1.28
1.28
1.28
1.28
1.28
1.28
1.28
1.28
1.28
1.28
1.28
1.28
1.28
1.28
1.28
1.28
1.28
1.28
1.28
1.28
1.28
1.28
1.28
1.28
1.28
1.28
1.28
1.28
1.28
1.28
1.28
1.28
1.28
1.28
1.28
1.28
1.28
1.28
1.28
1.28
1.28
1.28
1.28
1.28
1.28
1.28
1.28
1.28
1.28
1.28
1.28
1.28
1.28
1.28
1.28
1.28
1.28
1.28
1.28
1.28
1.28
1.28
1.28
1.28
1.28
1.28
1.28
1.28
1.28
1.28
1.28
1.28
1.28
1.28
1.28
1.28
1.28
1.28
1.28
1.28
1.28
1.28
1.28
1.28
1.28
1.28
1.28
1.28
1.28
1.28
1.28
1.28
1.28
1.28
1.28
1.28
1.28
1.28
1.28
1.28
1.28
1.28
1.28
1.28
1.28
1.28
1.28
1.28
1.28
1.28
1.28
1.28
1.28
1.28
1.28
1.28
1.28
1.28
1.28
1.28001
1.28
1.28
1.28
1.28
1.28
1.28
1.28
1.28
1.28
1.28
1.28
1.28
1.28
1.28
1.28
1.28
1.28
1.28
1.28
1.28
1.28
1.28
1.28
1.28
1.28
1.28
1.28
1.28
1.28
1.28
1.28
1.28
1.28
1.28
1.28
1.28
1.28
1.28
1.28
1.28
1.28
1.28
1.28
1.28
1.28
1.28
1.28
1.28
1.28
1.28
1.28
1.28
1.28
1.28
1.28
1.28
1.28
1.28
1.28
1.28
1.28
1.28
1.28
1.28
1.28
1.28
1.28
1.28
1.28
1.28
1.28
1.28
1.28
1.28
1.28
1.28
1.28
1.28
1.28
1.28
1.28
1.28
1.28
1.28
1.28
1.28
1.28
1.28
1.28
1.28
1.28
1.28
1.28
1.28
1.28
1.28
1.28
1.28
1.28
1.28001
1.28
1.28
1.28
1.28
1.28
1.28
1.28
1.28
1.28
1.28
1.28
1.28
1.28
1.28
1.28
1.28
1.28
1.28
1.28
1.28
1.28
1.28
1.28
1.28
1.28
1.28
1.28
1.28
1.28
1.28
1.28
1.28
1.28
1.28
1.28
1.28
1.28
1.28
1.28
1.28
1.28
1.28
1.28
1.28
1.28
1.28
1.28
1.28
1.28
1.28
1.28
1.28
1.28
1.28
1.28
1.28
1.28
1.28
1.28
1.28
1.28
1.28
1.28
1.28
1.28
1.28
1.28
1.28
1.28
1.28
1.28
1.28
1.28
1.28
1.28
1.28
1.28
1.28
1.28
1.28
1.28
1.28
1.28
1.28
1.28
1.28
1.28
1.28
1.28
1.28
1.28
1.28
1.28
1.28
1.28
1.28
1.28
1.28
1.28
1.28001
1.28
1.28
1.28
1.28
1.28
1.28
1.28
1.28
1.28
1.28
1.28
1.28
1.28
1.28
1.28
1.28
1.28
1.28
1.28
1.28
1.28
1.28
1.28
1.28
1.28
1.28
1.28
1.28
1.28
1.28
1.28
1.28
1.28
1.28
1.28
1.28
1.28
1.28
1.28
1.28
1.28
1.28
1.28
1.28
1.28
1.28
1.28
1.28
1.28
1.28
1.28
1.28
1.28
1.28
1.28
1.28
1.28
1.28
1.28
1.28
1.28
1.28
1.28
1.28
1.28
1.28
1.28
1.28
1.28
1.28
1.28
1.28
1.28
1.28
1.28
1.28
1.28
1.28
1.28
1.28
1.28
1.28
1.28
1.28
1.28
1.28
1.28
1.28
1.28
1.28
1.28
1.28
1.28
1.28
1.28
1.28
1.28
1.28
1.28
1.28001
1.28
1.28
1.28
1.28
1.28
1.28
1.28
1.28
1.28
1.28
1.28
1.28
1.28
1.28
1.28
1.28
1.28
1.28
1.28
1.28
1.28
1.28
1.28
1.28
1.28
1.28
1.28
1.28
1.28
1.28
1.28
1.28
1.28
1.28
1.28
1.28
1.28
1.28
1.28
1.28
1.28
1.28
1.28
1.28
1.28
1.28
1.28
1.28
1.28
1.28
1.28
1.28
1.28
1.28
1.28
1.28
1.28
1.28
1.28
1.28
1.28
1.28
1.28
1.28
1.28
1.28
1.28
1.28
1.28
1.28
1.28
1.28
1.28
1.28
1.28
1.28
1.28
1.28
1.28
1.28
1.28
1.28
1.28
1.28
1.28
1.28
1.28
1.28
1.28
1.28
1.28
1.28
1.28
1.28
1.28
1.28
1.28
1.28
1.28
1.28001
1.28
1.28
1.28
1.28
1.28
1.28
1.28
1.28
1.28
1.28
1.28
1.28
1.28
1.28
1.28
1.28
1.28
1.28
1.28
1.28
1.28
1.28
1.28
1.28
1.28
1.28
1.28
1.28
1.28
1.28
1.28
1.28
1.28
1.28
1.28
1.28
1.28
1.28
1.28
1.28
1.28
1.28
1.28
1.28
1.28
1.28
1.28
1.28
1.28
1.28
1.28
1.28
1.28
1.28
1.28
1.28
1.28
1.28
1.28
1.28
1.28
1.28
1.28
1.28
1.28
1.28
1.28
1.28
1.28
1.28
1.28
1.28
1.28
1.28
1.28
1.28
1.28
1.28
1.28
1.28
1.28
1.28
1.28
1.28
1.28
1.28
1.28
1.28
1.28
1.28
1.28
1.28
1.28
1.28
1.28
1.28
1.28
1.28
1.28
1.28001
1.28
1.28
1.28
1.28
1.28
1.28
1.28
1.28
1.28
1.28
1.28
1.28
1.28
1.28
1.28
1.28
1.28
1.28
1.28
1.28
1.28
1.28
1.28
1.28
1.28
1.28
1.28
1.28
1.28
1.28
1.28
1.28
1.28
1.28
1.28
1.28
1.28
1.28
1.28
1.28
1.28
1.28
1.28
1.28
1.28
1.28
1.28
1.28
1.28
1.28
1.28
1.28
1.28
1.28
1.28
1.28
1.28
1.28
1.28
1.28
1.28
1.28
1.28
1.28
1.28
1.28
1.28
1.28
1.28
1.28
1.28
1.28
1.28
1.28
1.28
1.28
1.28
1.28
1.28
1.28
1.28
1.28
1.28
1.28
1.28
1.28
1.28
1.28
1.28
1.28
1.28
1.28
1.28
1.28
1.28
1.28
1.28
1.28
1.28
1.28
1.28
1.28
1.28
1.28
1.28
1.28
1.28
1.28
1.28
1.28
1.28
1.28
1.28
1.28
1.28
1.28
1.28
1.28
1.28
1.28
1.28
1.28
1.28
1.28
1.28
1.28
1.28
1.28
1.28
1.28
1.28
1.28
1.28
1.28
1.28
1.28
1.28
1.28
1.28
1.28
1.28
1.28
1.28
1.28
1.28
1.28
1.28
1.28
1.28
1.28
1.28
1.28
1.28
1.28
1.28
1.28
1.28
1.28
1.28
1.28
1.28
1.28
1.28
1.28
1.28
1.28
1.28
1.28
1.28
1.28
1.28
1.28
1.28
1.28
1.28
1.28
1.28
1.28
1.28
1.28
1.28
1.28
1.28
1.28
1.28
1.28
1.28
1.28
1.28
1.28
1.28
1.28
1.28
1.28
1.28
1.28
1.28
1.28
1.28
1.28
1.28
1.28
1.28
1.28
1.28
1.28
1.28
1.28
1.28
1.28
1.28
1.28
1.28
1.28
1.28
1.28
1.28
1.28
1.28
1.28
1.28
1.28
1.28
1.28
1.28
1.28
1.28
1.28
1.28
1.28
1.28
1.28
1.28
1.28
1.28
1.28
1.28
1.28
1.28
1.28
1.28
1.28
1.28
1.28
1.28
1.28
1.28
1.28
1.28
1.28
1.28
1.28
1.28
1.28
1.28
1.28
1.28
1.28
1.28
1.28
1.28
1.28
1.28
1.28
1.28
1.28
1.28
1.28
1.28
1.28
1.28
1.28
1.28
1.28
1.28
1.28
1.28
1.28
1.28
1.28
1.28
1.28
1.28
1.28
1.28
1.28
1.28
1.28
1.28
1.28
1.28
1.28
1.28
1.28
1.28
1.28
1.28
1.28
1.28
1.28
1.28
1.28
1.28
1.28
1.28
1.28
1.28
1.28
1.28
1.28
1.28
1.28
1.28
1.28
1.28
1.28
1.28
1.28
1.28
1.28
1.28
1.28
1.28
1.28
1.28
1.28
1.28
1.28
1.28
1.28
1.28
1.28
1.28
1.28
1.28
1.28
1.28
1.28
1.28
1.28
1.28
1.28
1.28
1.28
1.28
1.28
1.28
1.28
1.28
1.28
1.28
1.28
1.28
1.28
1.28
1.28
1.28
1.28
1.28
1.28
1.28
1.28
1.28
1.28
1.28
1.28
1.28
1.28
1.28
1.28
1.28
1.28
1.28
1.28
1.28
1.28
1.28
1.28
1.28
1.28
1.28
1.28
1.28
1.28
1.28
1.28
1.28
1.28
1.28
1.28
1.28
1.28
1.28
1.28
1.28
1.28
1.28
1.28
1.28
1.28
1.28
1.28
1.28
1.28
1.28
1.28
1.28
1.28
1.28
1.28
1.28
1.28
1.28
1.28
1.28
1.28
1.28
1.28
1.28
1.28
1.28
1.28
1.28
1.28
1.28
1.28
1.28
1.28
1.28
1.28
1.28
1.28
1.28
1.28
1.28
1.28
1.28
1.28
1.28
1.28
1.28
1.28
1.28
1.28
1.28
1.28
1.28
1.28
1.28
1.28
1.28
1.28
1.28
1.28
1.28
1.28
1.28
1.28
1.28
1.28
1.28
1.28
1.28
1.28
1.28
1.28
1.28
1.28
1.28
1.28
1.28
1.28
1.28
1.28
1.28
1.28
1.28
1.28
1.28
1.28
1.28
1.28
1.28
1.28
1.28
1.28
1.28
1.28
1.28
1.28
1.28
1.28
1.28
1.28
1.28
1.28
1.28
1.28
1.28
1.28
1.28
1.28
1.28
1.28
1.28
1.28
1.28
1.28
1.28
1.28
1.28
1.28
1.28
1.28
1.28
1.28
1.28
1.28
1.28
1.28
1.28
1.28
1.28
1.28
1.28
1.28
1.28
1.28
1.28
1.28
1.28
1.28
1.28
1.28
1.28
1.28
1.28
1.28
1.28
1.28
1.28
1.28
1.28
1.28
1.28
1.28
1.28
1.28
1.28
1.28
1.28
1.28
1.28
1.28
1.28
1.28
1.28
1.28
1.28
1.28
1.28
1.28
1.28
1.28
1.28
1.28
1.28
1.28
1.28
1.28
1.28
1.28
1.28
1.28
1.28
1.28
1.28
1.28
1.28
1.28
1.28
1.28
1.28
1.28
1.28
1.28
1.28
1.28
1.28
1.28
1.28
1.28
1.28
1.28
1.28
1.28
1.28
1.28
1.28
1.28
1.28
1.28
1.28
1.28
1.28
1.28
1.28
1.28
1.28
1.28
1.28
1.28
1.28
1.28
1.28
1.28
1.28
1.28
1.28
1.28
1.28
1.28
1.28
1.28
1.28
1.28
1.28
1.28
1.28
1.28
1.28
1.28
1.28
1.28
1.28
1.28
1.28
1.28
1.28
1.28
1.28
1.28
1.28
1.28
1.28
1.28
1.28
1.28
1.28
1.28
1.28
1.28
1.28
1.28
1.28
1.28
1.28
1.28
1.28
1.28
1.28
1.28
1.28
1.28
1.28
1.28
1.28
1.28
1.28
1.28
1.28
1.28
1.28
1.28
1.28
1.28
1.28
1.28
1.28
1.28
1.28
1.28
1.28
1.28
1.28
1.28
1.28
1.28
1.28
1.28
1.28
1.28
1.28
1.28
1.28
1.28
1.28
1.28
1.28
1.28
1.28
1.28
1.28
1.28
1.28
1.28
1.28
1.28
1.28
1.28
1.28
1.28
1.28
1.28
1.28
1.28
1.28
1.28
1.28
1.28
1.28
1.28
1.28
1.28
1.28
1.28
1.28
1.28
1.28
1.28
1.28
1.28
1.28
1.28
1.28
1.28
1.28
1.28
1.28
1.28
1.28
1.28
1.28
1.28
1.28
1.28
1.28
1.28
1.28
1.28
1.28
1.28
1.28
1.28
1.28
1.28
1.28
1.28
1.28
1.28
1.28
1.28
1.28
1.28
1.28
1.28
1.28
1.28
1.28
1.28
1.28
1.28
1.28
1.28
1.28
1.28
1.28
1.28
1.28
1.28
1.28
1.28
1.28
1.28
1.28
1.28
1.28
1.28
1.28
1.28
1.28
1.28
1.28
1.28
1.28
1.28
1.28
1.28
1.28
1.28
1.28
1.28
1.28
1.28
1.28
1.28
1.28
1.28
1.28
1.28
1.28
1.28
1.28
1.28
1.28
1.28
1.28
1.28
1.28
1.28
1.28
1.28
1.28
1.28
1.28
1.28
1.28
1.28
1.28
1.28
1.28
1.28
1.28
1.28
1.28
1.28
1.28
1.28
1.28
1.28
1.28
1.28
1.28
1.28
1.28
1.28
1.28
1.28
1.28
1.28
1.28
1.28
1.28
1.28
1.28
1.28
1.28
1.28
1.28
1.28
1.28
1.28
1.28
1.28
1.28
1.28
1.28
1.28
1.28
1.28
1.28
1.28
1.28
1.28
1.28
1.28
1.28
1.28
1.28
1.28
1.28
1.28
1.28
1.28
1.28
1.28
1.28
1.28
1.28
1.28
1.28
1.28
1.28
1.28
1.28
1.28
1.28
1.28
1.28
1.28
1.28
1.28
1.28
1.28
1.28
1.28
1.28
1.28
1.28
1.28
1.28
1.28
1.28
1.28
1.28
1.28
1.28
1.28
1.28
1.28
1.28
1.28
1.28
1.28
1.28
1.28
1.28
1.28
1.28
1.28
1.28
1.28
1.28
1.28
1.28
1.28
1.28
1.28
1.28
1.28
1.28
1.28
1.28
1.28
1.28
1.28
1.28
1.28
1.28
1.28
1.28
1.28
1.28
1.28
1.28
1.28
1.28
1.28
1.28
1.28
1.28
1.28
1.28
1.28
1.28
1.28
1.28
1.28
1.28
1.28
1.28
1.28
1.28
1.28
1.28
1.28
1.28
1.28
1.28
1.28
1.28
1.28
1.28
1.28
1.28
1.28
1.28
1.28
1.28
1.28
1.28
1.28
1.28
1.28
1.28
1.28
1.28
1.28
1.28
1.28
1.28
1.28
1.28
1.28
1.28
1.28
1.28
1.28
1.28
1.28
1.28
1.28
1.28
1.28
1.28
1.28
1.28
1.28
1.28
1.28
1.28
1.28
1.28
1.28
1.28
1.28
1.28
1.28
1.28
1.28
1.28
1.28
1.28
1.28
1.28
1.28
1.28
1.28
1.28
1.28
1.28
1.28
1.28
1.28
1.28
1.28
1.28
1.28
1.28
1.28
1.28
1.28
1.28
1.28
1.28
1.28
1.28
1.28
1.28
1.28
1.28
1.28
1.28
1.28
1.28
1.28
1.28
1.28
1.28
1.28
1.28
1.28
1.28
1.28
1.28
1.28
1.28
1.28
1.28
1.28
1.28
1.28
1.28
1.28
1.28
1.28
1.28
1.28
1.28
1.28
1.28
1.28
1.28
1.28
1.28
1.28
1.28
1.28
1.28
1.28
1.28
1.28
1.28
1.28
1.28
1.28
1.28
1.28
1.28
1.28
1.28
1.28
1.28
1.28
1.28
1.28
1.28
1.28
1.28
1.28
1.28
1.28
1.28
1.28
1.28
1.28
1.28
1.28
1.28
1.28
1.28
1.28
1.28
1.28
1.28
1.28
1.28
1.28
1.28
1.28
1.28
1.28
1.28
1.28
1.28
1.28
1.28
1.28
1.28
1.28
1.28
1.28
1.28
1.28
1.28
1.28
1.28
1.28
1.28
1.28
1.28
1.28
1.28
1.28
1.28
1.28
1.28
1.28
1.28
1.28
1.28
1.28
1.28
1.28
1.28
1.28
1.28
1.28
1.28
1.28
1.28
1.28
1.28
1.28
1.28
1.28
1.28
1.28
1.28
1.28
1.28
1.28
1.28
1.28
1.28
1.28
1.28
1.28
1.28
1.28
1.28
1.28
1.28
1.28
1.28
1.28
1.28
1.28
1.28
1.28
1.28
1.28
1.28
1.28
1.28
1.28
1.28
1.28
1.28
1.28
1.28
1.28
1.28
1.28
1.28
1.28
1.28
1.28
1.28
1.28
1.28
1.28
1.28
1.28
1.28
1.28
1.28
1.28
1.28
1.28
1.28
1.28
1.28
1.28
1.28
1.28
1.28
1.28
1.28
1.28
1.28
1.28
1.28
1.28
1.28
1.28
1.28
1.28
1.28
1.28
1.28
1.28
1.28
1.28
1.28
1.28
1.28
1.28
1.28
1.28
1.28
1.28
1.28
1.28
1.28
1.28
1.28
1.28
1.28
1.28
1.28
1.28
1.28
1.28
1.28
1.28
1.28
1.28
1.28
1.28
1.28
1.28
1.28
1.28
1.28
1.28
1.28
1.28
1.28
1.28
1.28
1.28
1.28
1.28
1.28
1.28
1.28
1.28
1.28
1.28
1.28
1.28
1.28
1.28
1.28
1.28
1.28
1.28
1.28
1.28
1.28
1.28
1.28
1.28
1.28
1.28
1.28
1.28
1.28
1.28
1.28
1.28
1.28
1.28
1.28
1.28
1.28
1.28
1.28
1.28
1.28
1.28
1.28
1.28
1.28
1.28
1.28
1.28
1.28
1.28
1.28
1.28
1.28
1.28
1.28
1.28
1.28
1.28
1.28
1.28
1.28
1.28
1.28
1.28
1.28
1.28
1.28
1.28
1.28
1.28
1.28
1.28
1.28
1.28
1.28
1.28
1.28
1.28
1.28
1.28
1.28
1.28
1.28
1.28
1.28
1.28
1.28
1.28
1.28
1.28
1.28
1.28
1.28
1.28
1.28
1.28
1.28
1.28
1.28
1.28
1.28
1.28
1.28
1.28
1.28
1.28
1.28
1.28
1.28
1.28
1.28
1.28
1.28
1.28
1.28
1.28
1.28
1.28
1.28
1.28
1.28
1.28
1.28
1.28
1.28
1.28
1.28
1.28
1.28
1.28
1.28
1.28
1.28
1.28
1.28
1.28
1.28
1.28
1.28
1.28
1.28
1.28
1.28
1.28
1.28
1.28
1.28
1.28
1.28
1.28
1.28
1.28
1.28
1.28
1.28
1.28
1.28
1.28
1.28
1.28
1.28
1.28
1.28
1.28
1.28
1.28
1.28
1.28
1.28
1.28
1.28
1.28
1.28
1.28
1.28
1.28
1.28
1.28
1.28
1.28
1.28
1.28
1.28
1.28
1.28
1.28
1.28
1.28
1.28
1.28
1.28
1.28
1.28
1.28
1.28
1.28
1.28
1.28
1.28
1.28
1.28
1.28
1.28
1.28
1.28
1.28
1.28
1.28
1.28
1.28
1.28
1.28
1.28
1.28
1.28
1.28
1.28
1.28
1.28
1.28
1.28
1.28
1.28
1.28
1.28
1.28
1.28
1.28
1.28
1.28
1.28
1.28
1.28
1.28
1.28
1.28
1.28
1.28
1.28
1.28
1.28
1.28
1.28
1.28
1.28
1.28
1.28
1.28
1.28
1.28
1.28
1.28
1.28
1.28
1.28
1.28
1.28
1.28
1.28
1.28
1.28
1.28
1.28
1.28
1.28
1.28
1.28
1.28
1.28
1.28
1.28
1.28
1.28
1.28
1.28
1.28
1.28
1.28
1.28
1.28
1.28
1.28
1.28
1.28
1.28
1.28
1.28
1.28
1.28
1.28
1.28
1.28
1.28
1.28
1.28
1.28
1.28
1.28
1.28
1.28
1.28
1.28
1.28
1.28
1.28
1.28
1.28
1.28
1.28
1.28
1.28
1.28
1.28
1.28
1.28
1.28
1.28
1.28
1.28
1.28
1.28
1.28
1.28
1.28
1.28
1.28
1.28
1.28
1.28
1.28
1.28
1.28
1.28
1.28
1.28
1.28
1.28
1.28
1.28
1.28
1.28
1.28
1.28
1.28
1.28
1.28
1.28
1.28
1.28
1.28
1.28
1.28
1.28
1.28
1.28
1.28
1.28
1.28
1.28
1.28
1.28
1.28
1.28
1.28
1.28
1.28
1.28
1.28
1.28
1.28
1.28
1.28
1.28
1.28
1.28
1.28
1.28
1.28
1.28
1.28
1.28
1.28
1.28
1.28
1.28
1.28
1.28
1.28
1.28
1.28
1.28001
1.28001
1.28001
1.28001
1.28001
1.28001
1.28001
1.28001
1.28001
1.28001
7.57614
1.28059
1.27999
1.28
1.28
1.28
1.28
1.28
1.28
1.28
7.60809
1.28887
1.28
1.28
1.28
1.28
1.28
1.28
1.28
1.28
7.62464
1.29133
1.28
1.28
1.28
1.28
1.28
1.28
1.28
1.28
7.63116
1.29179
1.28001
1.28
1.28
1.28
1.28
1.28
1.28
1.28
7.63423
1.29196
1.28001
1.28
1.28
1.28
1.28
1.28
1.28
1.28
7.6354
1.29195
1.28001
1.28
1.28
1.28
1.28
1.28
1.28
1.28
7.63509
1.29183
1.28001
1.28
1.28
1.28
1.28
1.28
1.28
1.28
7.63253
1.2914
1.28
1.28
1.28
1.28
1.28
1.28
1.28
1.28
7.62351
1.28909
1.28
1.28
1.28
1.28
1.28
1.28
1.28
1.28
7.60346
1.28136
1.27999
1.28
1.28
1.28
1.28
1.28
1.28
1.28
7.60671
1.28884
1.28
1.28
1.28
1.28
1.28
1.28
1.28
1.28
7.62447
1.29306
1.28001
1.28
1.28
1.28
1.28
1.28
1.28
1.28
7.63314
1.29387
1.28001
1.28
1.28
1.28
1.28
1.28
1.28
1.28
7.63677
1.29391
1.28001
1.28
1.28
1.28
1.28
1.28
1.28
1.28
7.63854
1.29393
1.28001
1.28
1.28
1.28
1.28
1.28
1.28
1.28
7.63909
1.29393
1.28001
1.28
1.28
1.28
1.28
1.28
1.28
1.28
7.63856
1.29392
1.28001
1.28
1.28
1.28
1.28
1.28
1.28
1.28
7.6366
1.29388
1.28001
1.28
1.28
1.28
1.28
1.28
1.28
1.28
7.63068
1.29307
1.28001
1.28
1.28
1.28
1.28
1.28
1.28
1.28
7.61745
1.28896
1.28
1.28
1.28
1.28
1.28
1.28
1.28
1.28
7.62205
1.2913
1.28
1.28
1.28
1.28
1.28
1.28
1.28
1.28
7.63202
1.29387
1.28001
1.28
1.28
1.28
1.28
1.28
1.28
1.28
7.63667
1.2942
1.28001
1.28
1.28
1.28
1.28
1.28
1.28
1.28
7.63875
1.29416
1.28001
1.28
1.28
1.28
1.28
1.28
1.28
1.28
7.63974
1.29415
1.28001
1.28
1.28
1.28
1.28
1.28
1.28
1.28
7.63985
1.29416
1.28001
1.28
1.28
1.28
1.28
1.28
1.28
1.28
7.6391
1.29417
1.28001
1.28
1.28
1.28
1.28
1.28
1.28
1.28
7.63734
1.2942
1.28001
1.28
1.28
1.28
1.28
1.28
1.28
1.28
7.63317
1.29386
1.28001
1.28
1.28
1.28
1.28
1.28
1.28
1.28
7.62393
1.29129
1.28
1.28
1.28
1.28
1.28
1.28
1.28
1.28
7.62743
1.29176
1.28001
1.28
1.28
1.28
1.28
1.28
1.28
1.28
7.63476
1.2939
1.28001
1.28
1.28
1.28
1.28
1.28
1.28
1.28
7.638
1.29416
1.28001
1.28
1.28
1.28
1.28
1.28
1.28
1.28
7.63944
1.29414
1.28001
1.28
1.28
1.28
1.28
1.28
1.28
1.28
7.64004
1.29413
1.28001
1.28
1.28
1.28
1.28
1.28
1.28
1.28
7.6399
1.29413
1.28001
1.28
1.28
1.28
1.28
1.28
1.28
1.28
7.63897
1.29414
1.28001
1.28
1.28
1.28
1.28
1.28
1.28
1.28
7.63717
1.29416
1.28001
1.28
1.28
1.28
1.28
1.28
1.28
1.28
7.63351
1.2939
1.28001
1.28
1.28
1.28
1.28
1.28
1.28
1.28
7.62565
1.29173
1.28001
1.28
1.28
1.28
1.28
1.28
1.28
1.28
7.62938
1.29191
1.28001
1.28
1.28
1.28
1.28
1.28
1.28
1.28
7.63584
1.29391
1.28001
1.28
1.28
1.28
1.28
1.28
1.28
1.28
7.63857
1.29415
1.28001
1.28
1.28
1.28
1.28
1.28
1.28
1.28
7.63975
1.29413
1.28001
1.28
1.28
1.28
1.28
1.28
1.28
1.28
7.64017
1.29412
1.28001
1.28
1.28
1.28
1.28
1.28
1.28
1.28
7.6399
1.29412
1.28001
1.28
1.28
1.28
1.28
1.28
1.28
1.28
7.63889
1.29411
1.28001
1.28
1.28
1.28
1.28
1.28
1.28
1.28
7.63706
1.29413
1.28001
1.28
1.28
1.28
1.28
1.28
1.28
1.28
7.63357
1.29389
1.28001
1.28
1.28
1.28
1.28
1.28
1.28
1.28
7.62615
1.29187
1.28001
1.28
1.28
1.28
1.28
1.28
1.28
1.28
7.62938
1.29191
1.28001
1.28
1.28
1.28
1.28
1.28
1.28
1.28
7.63584
1.29391
1.28001
1.28
1.28
1.28
1.28
1.28
1.28
1.28
7.63857
1.29415
1.28001
1.28
1.28
1.28
1.28
1.28
1.28
1.28
7.63975
1.29413
1.28001
1.28
1.28
1.28
1.28
1.28
1.28
1.28
7.64017
1.29412
1.28001
1.28
1.28
1.28
1.28
1.28
1.28
1.28
7.6399
1.29412
1.28001
1.28
1.28
1.28
1.28
1.28
1.28
1.28
7.63889
1.29411
1.28001
1.28
1.28
1.28
1.28
1.28
1.28
1.28
7.63706
1.29413
1.28001
1.28
1.28
1.28
1.28
1.28
1.28
1.28
7.63357
1.29389
1.28001
1.28
1.28
1.28
1.28
1.28
1.28
1.28
7.62615
1.29187
1.28001
1.28
1.28
1.28
1.28
1.28
1.28
1.28
7.62743
1.29176
1.28001
1.28
1.28
1.28
1.28
1.28
1.28
1.28
7.63476
1.2939
1.28001
1.28
1.28
1.28
1.28
1.28
1.28
1.28
7.638
1.29416
1.28001
1.28
1.28
1.28
1.28
1.28
1.28
1.28
7.63944
1.29414
1.28001
1.28
1.28
1.28
1.28
1.28
1.28
1.28
7.64004
1.29413
1.28001
1.28
1.28
1.28
1.28
1.28
1.28
1.28
7.6399
1.29413
1.28001
1.28
1.28
1.28
1.28
1.28
1.28
1.28
7.63897
1.29414
1.28001
1.28
1.28
1.28
1.28
1.28
1.28
1.28
7.63717
1.29416
1.28001
1.28
1.28
1.28
1.28
1.28
1.28
1.28
7.63351
1.2939
1.28001
1.28
1.28
1.28
1.28
1.28
1.28
1.28
7.62565
1.29173
1.28001
1.28
1.28
1.28
1.28
1.28
1.28
1.28
7.62205
1.2913
1.28
1.28
1.28
1.28
1.28
1.28
1.28
1.28
7.63202
1.29387
1.28001
1.28
1.28
1.28
1.28
1.28
1.28
1.28
7.63667
1.2942
1.28001
1.28
1.28
1.28
1.28
1.28
1.28
1.28
7.63875
1.29416
1.28001
1.28
1.28
1.28
1.28
1.28
1.28
1.28
7.63974
1.29415
1.28001
1.28
1.28
1.28
1.28
1.28
1.28
1.28
7.63985
1.29416
1.28001
1.28
1.28
1.28
1.28
1.28
1.28
1.28
7.6391
1.29417
1.28001
1.28
1.28
1.28
1.28
1.28
1.28
1.28
7.63734
1.2942
1.28001
1.28
1.28
1.28
1.28
1.28
1.28
1.28
7.63317
1.29386
1.28001
1.28
1.28
1.28
1.28
1.28
1.28
1.28
7.62393
1.29129
1.28
1.28
1.28
1.28
1.28
1.28
1.28
1.28
7.60671
1.28884
1.28
1.28
1.28
1.28
1.28
1.28
1.28
1.28
7.62447
1.29306
1.28001
1.28
1.28
1.28
1.28
1.28
1.28
1.28
7.63314
1.29387
1.28001
1.28
1.28
1.28
1.28
1.28
1.28
1.28
7.63677
1.29391
1.28001
1.28
1.28
1.28
1.28
1.28
1.28
1.28
7.63854
1.29393
1.28001
1.28
1.28
1.28
1.28
1.28
1.28
1.28
7.63909
1.29393
1.28001
1.28
1.28
1.28
1.28
1.28
1.28
1.28
7.63856
1.29392
1.28001
1.28
1.28
1.28
1.28
1.28
1.28
1.28
7.6366
1.29388
1.28001
1.28
1.28
1.28
1.28
1.28
1.28
1.28
7.63068
1.29307
1.28001
1.28
1.28
1.28
1.28
1.28
1.28
1.28
7.61745
1.28896
1.28
1.28
1.28
1.28
1.28
1.28
1.28
1.28
7.57614
1.28059
1.27999
1.28
1.28
1.28
1.28
1.28
1.28
1.28
7.60809
1.28887
1.28
1.28
1.28
1.28
1.28
1.28
1.28
1.28
7.62465
1.29133
1.28
1.28
1.28
1.28
1.28
1.28
1.28
1.28
7.63116
1.29179
1.28001
1.28
1.28
1.28
1.28
1.28
1.28
1.28
7.63423
1.29196
1.28001
1.28
1.28
1.28
1.28
1.28
1.28
1.28
7.6354
1.29195
1.28001
1.28
1.28
1.28
1.28
1.28
1.28
1.28
7.63509
1.29183
1.28001
1.28
1.28
1.28
1.28
1.28
1.28
1.28
7.63253
1.2914
1.28
1.28
1.28
1.28
1.28
1.28
1.28
1.28
7.62351
1.28909
1.28
1.28
1.28
1.28
1.28
1.28
1.28
1.28
7.60346
1.28136
1.27999
1.28
1.28
1.28
1.28
1.28
1.28
1.28
1.27857
1.27992
1.27994
1.27995
1.27996
1.27997
1.27997
1.27998
1.27998
1.28024
1.27871
1.27993
1.27994
1.27995
1.27995
1.27996
1.27996
1.27997
1.27997
1.28021
1.27885
1.27994
1.27995
1.27995
1.27996
1.27996
1.27996
1.27997
1.27997
1.28019
1.27899
1.27994
1.27995
1.27995
1.27996
1.27996
1.27996
1.27997
1.27997
1.28017
1.27914
1.27994
1.27995
1.27995
1.27996
1.27996
1.27996
1.27997
1.27997
1.28015
1.27928
1.27995
1.27995
1.27996
1.27996
1.27996
1.27996
1.27996
1.27997
1.28012
1.27943
1.27995
1.27995
1.27996
1.27996
1.27996
1.27996
1.27996
1.27996
1.2801
1.27957
1.27995
1.27995
1.27996
1.27996
1.27996
1.27996
1.27996
1.27996
1.28006
1.27972
1.27995
1.27995
1.27995
1.27996
1.27996
1.27996
1.27996
1.27996
1.28002
1.27987
1.27995
1.27994
1.27994
1.27993
1.27993
1.27993
1.27992
1.27992
1.27994
1.27901
1.28002
1.28002
1.28002
1.28002
1.28002
1.28002
1.28001
1.28001
1.28002
1.2791
1.28001
1.28002
1.28002
1.28001
1.28001
1.28001
1.28001
1.28001
1.28002
1.27919
1.28001
1.28001
1.28001
1.28001
1.28001
1.28001
1.28001
1.28001
1.28002
1.27929
1.28
1.28001
1.28001
1.28001
1.28001
1.28001
1.28001
1.28001
1.28001
1.27939
1.28
1.28
1.28
1.28
1.28
1.28
1.28001
1.28001
1.28001
1.27949
1.28
1.28
1.28
1.28
1.28
1.28
1.28
1.28
1.28001
1.2796
1.28
1.28
1.28
1.28
1.28
1.28
1.28
1.28
1.28001
1.2797
1.27999
1.27999
1.28
1.28
1.28
1.28
1.28
1.28
1.28001
1.27981
1.27999
1.27999
1.27999
1.27999
1.27999
1.28
1.28
1.28
1.28
1.27993
1.27999
1.27999
1.27999
1.27999
1.27999
1.27999
1.27999
1.27999
1.27999
1.27914
1.28
1.28
1.28
1.28
1.28
1.28
1.28
1.28
1.28
1.27922
1.28
1.28
1.28
1.28
1.28
1.28
1.28
1.28
1.28
1.2793
1.28
1.28
1.28
1.28
1.28
1.28
1.28
1.28
1.28
1.27939
1.28
1.28
1.28
1.28
1.28
1.28
1.28
1.28
1.28
1.27948
1.28
1.28
1.28
1.28
1.28
1.28
1.28
1.28
1.28
1.27957
1.28
1.28
1.28
1.28
1.28
1.28
1.28
1.28
1.28
1.27966
1.28
1.28
1.28
1.28
1.28
1.28
1.28
1.28
1.28
1.27975
1.28
1.28
1.28
1.28
1.28
1.28
1.28
1.28
1.28
1.27985
1.28
1.28
1.28
1.28
1.28
1.28
1.28
1.28
1.28
1.27995
1.28
1.28
1.28
1.28
1.28
1.28
1.28
1.28
1.28
1.27915
1.28
1.28
1.28
1.28
1.28
1.28
1.28
1.28
1.28
1.27923
1.28
1.28
1.28
1.28
1.28
1.28
1.28
1.28
1.28
1.27931
1.28
1.28
1.28
1.28
1.28
1.28
1.28
1.28
1.28
1.2794
1.28
1.28
1.28
1.28
1.28
1.28
1.28
1.28
1.28
1.27949
1.28
1.28
1.28
1.28
1.28
1.28
1.28
1.28
1.28
1.27958
1.28
1.28
1.28
1.28
1.28
1.28
1.28
1.28
1.28
1.27967
1.28
1.28
1.28
1.28
1.28
1.28
1.28
1.28
1.28
1.27976
1.28
1.28
1.28
1.28
1.28
1.28
1.28
1.28
1.28
1.27986
1.28
1.28
1.28
1.28
1.28
1.28
1.28
1.28
1.28
1.27995
1.28
1.28
1.28
1.28
1.28
1.28
1.28
1.28
1.28
1.27909
1.28
1.28
1.28
1.28
1.28
1.28
1.28
1.28
1.28
1.27918
1.28
1.28
1.28
1.28
1.28
1.28
1.28
1.28
1.28
1.27927
1.28
1.28
1.28
1.28
1.28
1.28
1.28
1.28
1.28
1.27936
1.28
1.28
1.28
1.28
1.28
1.28
1.28
1.28
1.28
1.27945
1.28
1.28
1.28
1.28
1.28
1.28
1.28
1.28
1.28
1.27955
1.28
1.28
1.28
1.28
1.28
1.28
1.28
1.28
1.28
1.27964
1.28
1.28
1.28
1.28
1.28
1.28
1.28
1.28
1.28
1.27974
1.28
1.28
1.28
1.28
1.28
1.28
1.28
1.28
1.28
1.27984
1.28
1.28
1.28
1.28
1.28
1.28
1.28
1.28
1.28
1.27995
1.28
1.28
1.28
1.28
1.28
1.28
1.28
1.28
1.28
1.27901
1.28
1.28
1.28
1.28
1.28
1.28
1.28
1.28
1.28
1.2791
1.28
1.28
1.28
1.28
1.28
1.28
1.28
1.28
1.28
1.2792
1.28
1.28
1.28
1.28
1.28
1.28
1.28
1.28
1.28
1.27929
1.28
1.28
1.28
1.28
1.28
1.28
1.28
1.28
1.28
1.27939
1.28
1.28
1.28
1.28
1.28
1.28
1.28
1.28
1.28
1.27949
1.28
1.28
1.28
1.28
1.28
1.28
1.28
1.28
1.28
1.27959
1.28
1.28
1.28
1.28
1.28
1.28
1.28
1.28
1.28
1.2797
1.28
1.28
1.28
1.28
1.28
1.28
1.28
1.28
1.28
1.27981
1.28
1.28
1.28
1.28
1.28
1.28
1.28
1.28
1.28
1.27993
1.28
1.28
1.28
1.28
1.28
1.28
1.28
1.28
1.28
1.27896
1.28
1.28
1.28
1.28
1.28
1.28
1.28
1.28
1.28
1.27905
1.28
1.28
1.28
1.28
1.28
1.28
1.28
1.28
1.28
1.27915
1.28
1.28
1.28
1.28
1.28
1.28
1.28
1.28
1.28
1.27924
1.28
1.28
1.28
1.28
1.28
1.28
1.28
1.28
1.28
1.27934
1.28
1.28
1.28
1.28
1.28
1.28
1.28
1.28
1.28
1.27944
1.28
1.28
1.28
1.28
1.28
1.28
1.28
1.28
1.28
1.27954
1.28
1.28
1.28
1.28
1.28
1.28
1.28
1.28
1.28
1.27965
1.28
1.28
1.28
1.28
1.28
1.28
1.28
1.28
1.28
1.27977
1.28
1.28
1.28
1.28
1.28
1.28
1.28
1.28
1.28
1.27991
1.28
1.28
1.28
1.28
1.28
1.28
1.28
1.28
1.28
1.27917
1.28
1.28
1.28
1.28
1.28
1.28
1.28
1.28
1.28
1.27924
1.28
1.28
1.28
1.28
1.28
1.28
1.28
1.28
1.28
1.27932
1.28
1.28
1.28
1.28
1.28
1.28
1.28
1.28
1.28
1.2794
1.28
1.28
1.28
1.28
1.28
1.28
1.28
1.28
1.28
1.27947
1.28
1.28
1.28
1.28
1.28
1.28
1.28
1.28
1.28
1.27955
1.28
1.28
1.28
1.28
1.28
1.28
1.28
1.28
1.28
1.27963
1.28
1.28
1.28
1.28
1.28
1.28
1.28
1.28
1.28
1.27971
1.28
1.28
1.28
1.28
1.28
1.28
1.28
1.28
1.28
1.27981
1.28
1.28
1.28
1.28
1.28
1.28
1.28
1.28
1.28
1.27993
1.28
1.28
1.28
1.28
1.28
1.28
1.28
1.28
1.28
1.2802
1.28
1.28
1.28
1.28
1.28
1.28
1.28
1.28
1.28
1.28022
1.28
1.28
1.28
1.28
1.28
1.28
1.28
1.28
1.28
1.28023
1.28
1.28
1.28
1.28
1.28
1.28
1.28
1.28
1.28
1.28031
1.28
1.28
1.28
1.28
1.28
1.28
1.28
1.28
1.28
1.28038
1.28
1.28
1.28
1.28
1.28
1.28
1.28
1.28
1.28
1.28044
1.28
1.28
1.28
1.28
1.28
1.28
1.28
1.28
1.28
1.28049
1.28
1.28
1.28
1.28
1.28
1.28
1.28
1.28
1.28
1.28051
1.28
1.28
1.28
1.28
1.28
1.28
1.28
1.28
1.28
1.28048
1.28
1.28
1.28
1.28
1.28
1.28
1.28
1.28
1.28
1.28039
1.28
1.28
1.28
1.28
1.28
1.28
1.28
1.28
1.28001
1.28223
1.28001
1.28
1.28
1.28
1.28
1.28
1.28
1.28
1.28
1.28218
1.28001
1.28
1.28
1.28
1.28
1.28
1.28
1.28
1.28
1.28208
1.28001
1.28
1.28
1.28
1.28
1.28
1.28
1.28
1.28
1.28226
1.28001
1.28
1.28
1.28
1.28
1.28
1.28
1.28
1.28
1.28245
1.28001
1.28
1.28
1.28
1.28
1.28
1.28
1.28
1.28
1.28265
1.28001
1.28
1.28
1.28
1.28
1.28
1.28
1.28
1.28
1.28288
1.28001
1.28
1.28
1.28
1.28
1.28
1.28
1.28
1.28
1.28313
1.28001
1.28
1.28
1.28
1.28
1.28
1.28
1.28
1.28
1.28342
1.28001
1.28
1.28
1.28
1.28
1.28
1.28
1.28
1.28
1.28374
1.28002
1.28
1.28
1.28
1.28
1.28
1.28
1.28002
1.28008
1.28046
1.27998
1.28
1.28
1.28
1.28
1.28
1.28
1.28
1.28
1.28052
1.28
1.28
1.28
1.28
1.28
1.28
1.28
1.28
1.28
1.28067
1.28002
1.28
1.28
1.28
1.28
1.28
1.28
1.28
1.28
1.28072
1.28004
1.28
1.28
1.28
1.28
1.28
1.28
1.28
1.28
1.28077
1.28007
1.28
1.28
1.28
1.28
1.28
1.28
1.28
1.28
1.28082
1.28009
1.28
1.28
1.28
1.28
1.28
1.28
1.28
1.28
1.28089
1.28012
1.28
1.28
1.28
1.28
1.28
1.28
1.28
1.28
1.2812
1.28015
1.28
1.28
1.28
1.28
1.28
1.28
1.28
1.28
1.28146
1.28019
1.28
1.28
1.28
1.28
1.28
1.28
1.28
1.28
1.28169
1.28022
1.28
1.28
1.28
1.28
1.28
1.28001
1.28013
1.28045
1.28077
1.28002
1.28
1.28
1.28
1.28
1.28
1.28
1.28
1.28
1.28084
1.28005
1.28
1.28
1.28
1.28
1.28
1.28
1.28
1.28
1.28086
1.28008
1.28
1.28
1.28
1.28
1.28
1.28
1.28
1.28
1.28087
1.28011
1.28
1.28
1.28
1.28
1.28
1.28
1.28
1.28
1.28115
1.28015
1.28
1.28
1.28
1.28
1.28
1.28
1.28
1.28
1.2814
1.28019
1.28
1.28
1.28
1.28
1.28
1.28
1.28
1.28
1.28161
1.28023
1.28
1.28
1.28
1.28
1.28
1.28
1.28
1.28
1.28152
1.28028
1.28
1.28
1.28
1.28
1.28
1.28
1.28
1.28
1.2815
1.28033
1.28
1.28
1.28
1.28
1.28
1.28
1.28
1.28
1.28149
1.28038
1.28
1.28
1.28
1.28
1.28
1.28
1.27999
1.28017
1.28077
1.28008
1.28
1.28
1.28
1.28
1.28
1.28
1.28
1.28
1.2808
1.28011
1.28
1.28
1.28
1.28
1.28
1.28
1.28
1.28
1.28113
1.28015
1.28
1.28
1.28
1.28
1.28
1.28
1.28
1.28
1.28139
1.2802
1.28
1.28
1.28
1.28
1.28
1.28
1.28
1.28
1.28132
1.28025
1.28
1.28
1.28
1.28
1.28
1.28
1.28
1.28
1.28128
1.2803
1.28
1.28
1.28
1.28
1.28
1.28
1.28
1.28
1.28126
1.28037
1.28
1.28
1.28
1.28
1.28
1.28
1.28
1.28
1.28127
1.28043
1.28
1.28
1.28
1.28
1.28
1.28
1.28
1.28
1.28129
1.28051
1.28
1.28
1.28
1.28
1.28
1.28
1.28
1.28
1.28132
1.2806
1.28001
1.28
1.28
1.28
1.28
1.28
1.27999
1.27999
1.28094
1.28013
1.28
1.28
1.28
1.28
1.28
1.28
1.28
1.28
1.28117
1.28018
1.28
1.28
1.28
1.28
1.28
1.28
1.28
1.28
1.28104
1.28023
1.28
1.28
1.28
1.28
1.28
1.28
1.28
1.28
1.28098
1.28029
1.28
1.28
1.28
1.28
1.28
1.28
1.28
1.28
1.28095
1.28036
1.28
1.28
1.28
1.28
1.28
1.28
1.28
1.28
1.28094
1.28044
1.28001
1.28
1.28
1.28
1.28
1.28
1.28
1.28
1.28094
1.28053
1.28001
1.28
1.28
1.28
1.28
1.28
1.28
1.28
1.28096
1.28063
1.28001
1.28
1.28
1.28
1.28
1.28
1.28
1.28
1.28099
1.28075
1.28001
1.28
1.28
1.28
1.28
1.28
1.28
1.28
1.28103
1.28089
1.28001
1.28
1.28
1.28
1.28
1.28
1.28
1.27997
1.28077
1.28018
1.28
1.28
1.28
1.28
1.28
1.28
1.28
1.28
1.28066
1.28024
1.28
1.28
1.28
1.28
1.28
1.28
1.28
1.28
1.28058
1.2803
1.28
1.28
1.28
1.28
1.28
1.28
1.28
1.28
1.28053
1.28038
1.28001
1.28
1.28
1.28
1.28
1.28
1.28
1.28
1.28048
1.28047
1.28001
1.28
1.28
1.28
1.28
1.28
1.28
1.28
1.28044
1.28058
1.28001
1.28
1.28
1.28
1.28
1.28
1.28
1.28
1.28042
1.28071
1.28001
1.28
1.28
1.28
1.28
1.28
1.28
1.28
1.2804
1.28086
1.28002
1.28
1.28
1.28
1.28
1.28
1.28
1.28
1.2804
1.28103
1.28002
1.28
1.28
1.28
1.28
1.28
1.28
1.28
1.28041
1.28124
1.28003
1.28
1.28
1.28
1.28
1.28
1.28
1.27996
1.28025
1.2802
1.28
1.28
1.28
1.28
1.28
1.28
1.28
1.28
1.28011
1.28027
1.28
1.28
1.28
1.28
1.28
1.28
1.28
1.28
1.27999
1.28034
1.28001
1.28
1.28
1.28
1.28
1.28
1.28
1.28
1.27987
1.28043
1.28001
1.28
1.28
1.28
1.28
1.28
1.28
1.28
1.27975
1.28054
1.28001
1.28
1.28
1.28
1.28
1.28
1.28
1.28
1.27963
1.28068
1.28002
1.28
1.28
1.28
1.28
1.28
1.28
1.28
1.27951
1.28084
1.28002
1.28
1.28
1.28
1.28
1.28
1.28
1.28
1.27939
1.28104
1.28003
1.28
1.28
1.28
1.28
1.28
1.28
1.28
1.27928
1.28128
1.28004
1.28
1.28
1.28
1.28
1.28
1.28
1.28
1.27916
1.28158
1.28005
1.28
1.28
1.28
1.28
1.28
1.28
1.27996
1.27965
1.28019
1.28
1.28
1.28
1.28
1.28
1.28
1.28
1.28
1.27943
1.28024
1.28
1.28
1.28
1.28
1.28
1.28
1.28
1.28
1.27921
1.28032
1.28001
1.28
1.28
1.28
1.28
1.28
1.28
1.28
1.27897
1.28041
1.28001
1.28
1.28
1.28
1.28
1.28
1.28
1.28
1.2787
1.28052
1.28001
1.28
1.28
1.28
1.28
1.28
1.28
1.28
1.27841
1.28065
1.28002
1.28
1.28
1.28
1.28
1.28
1.28
1.28
1.27808
1.28083
1.28003
1.28
1.28
1.28
1.28
1.28
1.28
1.28
1.27772
1.28105
1.28004
1.28
1.28
1.28
1.28
1.28
1.28
1.28
1.27732
1.28133
1.28005
1.28
1.28
1.28
1.28
1.28
1.28
1.28
1.27686
1.28169
1.28008
1.28
1.28
1.28
1.28
1.28
1.28
1.27996
1.27899
1.28012
1.28
1.28
1.28
1.28
1.28
1.28
1.28
1.28
1.27865
1.28016
1.28
1.28
1.28
1.28
1.28
1.28
1.28
1.28
1.27828
1.28021
1.28001
1.28
1.28
1.28
1.28
1.28
1.28
1.28
1.27786
1.28027
1.28001
1.28
1.28
1.28
1.28
1.28
1.28
1.28
1.27738
1.28034
1.28001
1.28
1.28
1.28
1.28
1.28
1.28
1.28
1.27682
1.28044
1.28002
1.28
1.28
1.28
1.28
1.28
1.28
1.28
1.27616
1.28057
1.28003
1.28
1.28
1.28
1.28
1.28
1.28
1.28
1.27539
1.28073
1.28004
1.28
1.28
1.28
1.28
1.28
1.28
1.28
1.27446
1.28095
1.28006
1.28
1.28
1.28
1.28
1.28
1.28
1.28
1.27333
1.28123
1.28009
1.28
1.28
1.28
1.28
1.28
1.28
1.27997
1.27839
1.28003
1.28
1.28
1.28
1.28
1.28
1.28
1.28
1.28
1.27793
1.28003
1.28
1.28
1.28
1.28
1.28
1.28
1.28
1.28
1.27741
1.28004
1.28
1.28
1.28
1.28
1.28
1.28
1.28
1.28
1.2768
1.28005
1.28
1.28
1.28
1.28
1.28
1.28
1.28
1.28
1.27608
1.28006
1.28
1.28
1.28
1.28
1.28
1.28
1.28
1.28
1.27522
1.28008
1.28001
1.28
1.28
1.28
1.28
1.28
1.28
1.28
1.27418
1.28009
1.28001
1.28
1.28
1.28
1.28
1.28
1.28
1.28
1.2729
1.2801
1.28002
1.28
1.28
1.28
1.28
1.28
1.28
1.28
1.27133
1.28011
1.28002
1.28
1.28
1.28
1.28
1.28
1.28
1.28
1.26934
1.28011
1.28003
1.28
1.28
1.28
1.28
1.28
1.28
1.28002
1.27802
1.27996
1.28
1.28
1.28
1.28
1.28
1.28
1.28
1.28
1.27748
1.27994
1.28
1.28
1.28
1.28
1.28
1.28
1.28
1.28
1.27687
1.27992
1.28
1.28
1.28
1.28
1.28
1.28
1.28
1.28
1.27613
1.27988
1.28
1.28
1.28
1.28
1.28
1.28
1.28
1.28
1.27525
1.27984
1.28
1.28
1.28
1.28
1.28
1.28
1.28
1.28
1.27419
1.27977
1.27999
1.28
1.28
1.28
1.28
1.28
1.28
1.28
1.27289
1.27968
1.27999
1.28
1.28
1.28
1.28
1.28
1.28
1.28
1.27127
1.27954
1.27998
1.28
1.28
1.28
1.28
1.28
1.28
1.28
1.26925
1.27934
1.27997
1.28
1.28
1.28
1.28
1.28
1.28
1.28
1.26664
1.27903
1.27995
1.28
1.28
1.28
1.28
1.28
1.28002
1.28024
1.27802
1.27996
1.28
1.28
1.28
1.28
1.28
1.28
1.28
1.28
1.27748
1.27994
1.28
1.28
1.28
1.28
1.28
1.28
1.28
1.28
1.27687
1.27992
1.28
1.28
1.28
1.28
1.28
1.28
1.28
1.28
1.27613
1.27988
1.28
1.28
1.28
1.28
1.28
1.28
1.28
1.28
1.27525
1.27984
1.28
1.28
1.28
1.28
1.28
1.28
1.28
1.28
1.27419
1.27977
1.27999
1.28
1.28
1.28
1.28
1.28
1.28
1.28
1.27289
1.27968
1.27999
1.28
1.28
1.28
1.28
1.28
1.28
1.28
1.27127
1.27954
1.27998
1.28
1.28
1.28
1.28
1.28
1.28
1.28
1.26925
1.27934
1.27997
1.28
1.28
1.28
1.28
1.28
1.28
1.28
1.26664
1.27903
1.27995
1.28
1.28
1.28
1.28
1.28
1.28002
1.28024
1.27839
1.28003
1.28
1.28
1.28
1.28
1.28
1.28
1.28
1.28
1.27793
1.28003
1.28
1.28
1.28
1.28
1.28
1.28
1.28
1.28
1.27741
1.28004
1.28
1.28
1.28
1.28
1.28
1.28
1.28
1.28
1.2768
1.28005
1.28
1.28
1.28
1.28
1.28
1.28
1.28
1.28
1.27608
1.28006
1.28
1.28
1.28
1.28
1.28
1.28
1.28
1.28
1.27522
1.28008
1.28001
1.28
1.28
1.28
1.28
1.28
1.28
1.28
1.27418
1.28009
1.28001
1.28
1.28
1.28
1.28
1.28
1.28
1.28
1.2729
1.2801
1.28002
1.28
1.28
1.28
1.28
1.28
1.28
1.28
1.27133
1.28011
1.28002
1.28
1.28
1.28
1.28
1.28
1.28
1.28
1.26934
1.28011
1.28003
1.28
1.28
1.28
1.28
1.28
1.28
1.28002
1.27899
1.28012
1.28
1.28
1.28
1.28
1.28
1.28
1.28
1.28
1.27865
1.28016
1.28
1.28
1.28
1.28
1.28
1.28
1.28
1.28
1.27828
1.28021
1.28001
1.28
1.28
1.28
1.28
1.28
1.28
1.28
1.27786
1.28027
1.28001
1.28
1.28
1.28
1.28
1.28
1.28
1.28
1.27738
1.28034
1.28001
1.28
1.28
1.28
1.28
1.28
1.28
1.28
1.27682
1.28044
1.28002
1.28
1.28
1.28
1.28
1.28
1.28
1.28
1.27616
1.28057
1.28003
1.28
1.28
1.28
1.28
1.28
1.28
1.28
1.27539
1.28073
1.28004
1.28
1.28
1.28
1.28
1.28
1.28
1.28
1.27446
1.28095
1.28006
1.28
1.28
1.28
1.28
1.28
1.28
1.28
1.27333
1.28123
1.28009
1.28
1.28
1.28
1.28
1.28
1.28
1.27997
1.27965
1.28019
1.28
1.28
1.28
1.28
1.28
1.28
1.28
1.28
1.27943
1.28024
1.28
1.28
1.28
1.28
1.28
1.28
1.28
1.28
1.27921
1.28032
1.28001
1.28
1.28
1.28
1.28
1.28
1.28
1.28
1.27897
1.28041
1.28001
1.28
1.28
1.28
1.28
1.28
1.28
1.28
1.2787
1.28052
1.28001
1.28
1.28
1.28
1.28
1.28
1.28
1.28
1.27841
1.28065
1.28002
1.28
1.28
1.28
1.28
1.28
1.28
1.28
1.27808
1.28083
1.28003
1.28
1.28
1.28
1.28
1.28
1.28
1.28
1.27772
1.28105
1.28004
1.28
1.28
1.28
1.28
1.28
1.28
1.28
1.27732
1.28133
1.28005
1.28
1.28
1.28
1.28
1.28
1.28
1.28
1.27686
1.28169
1.28008
1.28
1.28
1.28
1.28
1.28
1.28
1.27996
1.28025
1.2802
1.28
1.28
1.28
1.28
1.28
1.28
1.28
1.28
1.28011
1.28027
1.28
1.28
1.28
1.28
1.28
1.28
1.28
1.28
1.27999
1.28034
1.28001
1.28
1.28
1.28
1.28
1.28
1.28
1.28
1.27987
1.28043
1.28001
1.28
1.28
1.28
1.28
1.28
1.28
1.28
1.27975
1.28054
1.28001
1.28
1.28
1.28
1.28
1.28
1.28
1.28
1.27963
1.28068
1.28002
1.28
1.28
1.28
1.28
1.28
1.28
1.28
1.27951
1.28084
1.28002
1.28
1.28
1.28
1.28
1.28
1.28
1.28
1.27939
1.28104
1.28003
1.28
1.28
1.28
1.28
1.28
1.28
1.28
1.27928
1.28128
1.28004
1.28
1.28
1.28
1.28
1.28
1.28
1.28
1.27916
1.28158
1.28005
1.28
1.28
1.28
1.28
1.28
1.28
1.27996
1.28077
1.28018
1.28
1.28
1.28
1.28
1.28
1.28
1.28
1.28
1.28066
1.28024
1.28
1.28
1.28
1.28
1.28
1.28
1.28
1.28
1.28058
1.2803
1.28
1.28
1.28
1.28
1.28
1.28
1.28
1.28
1.28053
1.28038
1.28001
1.28
1.28
1.28
1.28
1.28
1.28
1.28
1.28048
1.28047
1.28001
1.28
1.28
1.28
1.28
1.28
1.28
1.28
1.28044
1.28058
1.28001
1.28
1.28
1.28
1.28
1.28
1.28
1.28
1.28042
1.28071
1.28001
1.28
1.28
1.28
1.28
1.28
1.28
1.28
1.2804
1.28086
1.28002
1.28
1.28
1.28
1.28
1.28
1.28
1.28
1.2804
1.28103
1.28002
1.28
1.28
1.28
1.28
1.28
1.28
1.28
1.28041
1.28124
1.28003
1.28
1.28
1.28
1.28
1.28
1.28
1.27996
1.28094
1.28013
1.28
1.28
1.28
1.28
1.28
1.28
1.28
1.28
1.28117
1.28018
1.28
1.28
1.28
1.28
1.28
1.28
1.28
1.28
1.28104
1.28023
1.28
1.28
1.28
1.28
1.28
1.28
1.28
1.28
1.28098
1.28029
1.28
1.28
1.28
1.28
1.28
1.28
1.28
1.28
1.28095
1.28036
1.28
1.28
1.28
1.28
1.28
1.28
1.28
1.28
1.28094
1.28044
1.28001
1.28
1.28
1.28
1.28
1.28
1.28
1.28
1.28094
1.28053
1.28001
1.28
1.28
1.28
1.28
1.28
1.28
1.28
1.28096
1.28063
1.28001
1.28
1.28
1.28
1.28
1.28
1.28
1.28
1.28099
1.28075
1.28001
1.28
1.28
1.28
1.28
1.28
1.28
1.28
1.28103
1.28089
1.28001
1.28
1.28
1.28
1.28
1.28
1.28
1.27997
1.28077
1.28008
1.28
1.28
1.28
1.28
1.28
1.28
1.28
1.28
1.2808
1.28011
1.28
1.28
1.28
1.28
1.28
1.28
1.28
1.28
1.28113
1.28015
1.28
1.28
1.28
1.28
1.28
1.28
1.28
1.28
1.28139
1.2802
1.28
1.28
1.28
1.28
1.28
1.28
1.28
1.28
1.28132
1.28025
1.28
1.28
1.28
1.28
1.28
1.28
1.28
1.28
1.28128
1.2803
1.28
1.28
1.28
1.28
1.28
1.28
1.28
1.28
1.28126
1.28037
1.28
1.28
1.28
1.28
1.28
1.28
1.28
1.28
1.28127
1.28043
1.28
1.28
1.28
1.28
1.28
1.28
1.28
1.28
1.28129
1.28051
1.28
1.28
1.28
1.28
1.28
1.28
1.28
1.28
1.28132
1.2806
1.28001
1.28
1.28
1.28
1.28
1.28
1.27999
1.27999
1.28077
1.28002
1.28
1.28
1.28
1.28
1.28
1.28
1.28
1.28
1.28084
1.28005
1.28
1.28
1.28
1.28
1.28
1.28
1.28
1.28
1.28086
1.28008
1.28
1.28
1.28
1.28
1.28
1.28
1.28
1.28
1.28087
1.28011
1.28
1.28
1.28
1.28
1.28
1.28
1.28
1.28
1.28115
1.28015
1.28
1.28
1.28
1.28
1.28
1.28
1.28
1.28
1.2814
1.28019
1.28
1.28
1.28
1.28
1.28
1.28
1.28
1.28
1.28161
1.28023
1.28
1.28
1.28
1.28
1.28
1.28
1.28
1.28
1.28152
1.28028
1.28
1.28
1.28
1.28
1.28
1.28
1.28
1.28
1.2815
1.28033
1.28
1.28
1.28
1.28
1.28
1.28
1.28
1.28
1.28149
1.28038
1.28
1.28
1.28
1.28
1.28
1.28
1.27999
1.28017
1.28046
1.27998
1.28
1.28
1.28
1.28
1.28
1.28
1.28
1.28
1.28052
1.28
1.28
1.28
1.28
1.28
1.28
1.28
1.28
1.28
1.28067
1.28002
1.28
1.28
1.28
1.28
1.28
1.28
1.28
1.28
1.28072
1.28004
1.28
1.28
1.28
1.28
1.28
1.28
1.28
1.28
1.28077
1.28007
1.28
1.28
1.28
1.28
1.28
1.28
1.28
1.28
1.28082
1.28009
1.28
1.28
1.28
1.28
1.28
1.28
1.28
1.28
1.28089
1.28012
1.28
1.28
1.28
1.28
1.28
1.28
1.28
1.28
1.2812
1.28015
1.28
1.28
1.28
1.28
1.28
1.28
1.28
1.28
1.28146
1.28019
1.28
1.28
1.28
1.28
1.28
1.28
1.28
1.28
1.28169
1.28022
1.28
1.28
1.28
1.28
1.28
1.28001
1.28013
1.28045
1.28223
1.28001
1.28
1.28
1.28
1.28
1.28
1.28
1.28
1.28
1.28218
1.28001
1.28
1.28
1.28
1.28
1.28
1.28
1.28
1.28
1.28208
1.28001
1.28
1.28
1.28
1.28
1.28
1.28
1.28
1.28
1.28226
1.28001
1.28
1.28
1.28
1.28
1.28
1.28
1.28
1.28
1.28245
1.28001
1.28
1.28
1.28
1.28
1.28
1.28
1.28
1.28
1.28265
1.28001
1.28
1.28
1.28
1.28
1.28
1.28
1.28
1.28
1.28288
1.28001
1.28
1.28
1.28
1.28
1.28
1.28
1.28
1.28
1.28313
1.28001
1.28
1.28
1.28
1.28
1.28
1.28
1.28
1.28
1.28342
1.28001
1.28
1.28
1.28
1.28
1.28
1.28
1.28
1.28
1.28374
1.28002
1.28
1.28
1.28
1.28
1.28
1.28
1.28002
1.28008
1.2802
1.28
1.28
1.28
1.28
1.28
1.28
1.28
1.28
1.28
1.28022
1.28
1.28
1.28
1.28
1.28
1.28
1.28
1.28
1.28
1.28023
1.28
1.28
1.28
1.28
1.28
1.28
1.28
1.28
1.28
1.28031
1.28
1.28
1.28
1.28
1.28
1.28
1.28
1.28
1.28
1.28038
1.28
1.28
1.28
1.28
1.28
1.28
1.28
1.28
1.28
1.28044
1.28
1.28
1.28
1.28
1.28
1.28
1.28
1.28
1.28
1.28049
1.28
1.28
1.28
1.28
1.28
1.28
1.28
1.28
1.28
1.28051
1.28
1.28
1.28
1.28
1.28
1.28
1.28
1.28
1.28
1.28048
1.28
1.28
1.28
1.28
1.28
1.28
1.28
1.28
1.28
1.28039
1.28
1.28
1.28
1.28
1.28
1.28
1.28
1.28
1.28001
1.27917
1.28
1.28
1.28
1.28
1.28
1.28
1.28
1.28
1.28
1.27924
1.28
1.28
1.28
1.28
1.28
1.28
1.28
1.28
1.28
1.27932
1.28
1.28
1.28
1.28
1.28
1.28
1.28
1.28
1.28
1.2794
1.28
1.28
1.28
1.28
1.28
1.28
1.28
1.28
1.28
1.27947
1.28
1.28
1.28
1.28
1.28
1.28
1.28
1.28
1.28
1.27955
1.28
1.28
1.28
1.28
1.28
1.28
1.28
1.28
1.28
1.27963
1.28
1.28
1.28
1.28
1.28
1.28
1.28
1.28
1.28
1.27971
1.28
1.28
1.28
1.28
1.28
1.28
1.28
1.28
1.28
1.27981
1.28
1.28
1.28
1.28
1.28
1.28
1.28
1.28
1.28
1.27993
1.28
1.28
1.28
1.28
1.28
1.28
1.28
1.28
1.28
1.27896
1.28
1.28
1.28
1.28
1.28
1.28
1.28
1.28
1.28
1.27905
1.28
1.28
1.28
1.28
1.28
1.28
1.28
1.28
1.28
1.27915
1.28
1.28
1.28
1.28
1.28
1.28
1.28
1.28
1.28
1.27924
1.28
1.28
1.28
1.28
1.28
1.28
1.28
1.28
1.28
1.27934
1.28
1.28
1.28
1.28
1.28
1.28
1.28
1.28
1.28
1.27944
1.28
1.28
1.28
1.28
1.28
1.28
1.28
1.28
1.28
1.27954
1.28
1.28
1.28
1.28
1.28
1.28
1.28
1.28
1.28
1.27965
1.28
1.28
1.28
1.28
1.28
1.28
1.28
1.28
1.28
1.27977
1.28
1.28
1.28
1.28
1.28
1.28
1.28
1.28
1.28
1.27991
1.28
1.28
1.28
1.28
1.28
1.28
1.28
1.28
1.28
1.27901
1.28
1.28
1.28
1.28
1.28
1.28
1.28
1.28
1.28
1.2791
1.28
1.28
1.28
1.28
1.28
1.28
1.28
1.28
1.28
1.2792
1.28
1.28
1.28
1.28
1.28
1.28
1.28
1.28
1.28
1.27929
1.28
1.28
1.28
1.28
1.28
1.28
1.28
1.28
1.28
1.27939
1.28
1.28
1.28
1.28
1.28
1.28
1.28
1.28
1.28
1.27949
1.28
1.28
1.28
1.28
1.28
1.28
1.28
1.28
1.28
1.27959
1.28
1.28
1.28
1.28
1.28
1.28
1.28
1.28
1.28
1.2797
1.28
1.28
1.28
1.28
1.28
1.28
1.28
1.28
1.28
1.27981
1.28
1.28
1.28
1.28
1.28
1.28
1.28
1.28
1.28
1.27993
1.28
1.28
1.28
1.28
1.28
1.28
1.28
1.28
1.28
1.27909
1.28
1.28
1.28
1.28
1.28
1.28
1.28
1.28
1.28
1.27918
1.28
1.28
1.28
1.28
1.28
1.28
1.28
1.28
1.28
1.27927
1.28
1.28
1.28
1.28
1.28
1.28
1.28
1.28
1.28
1.27936
1.28
1.28
1.28
1.28
1.28
1.28
1.28
1.28
1.28
1.27945
1.28
1.28
1.28
1.28
1.28
1.28
1.28
1.28
1.28
1.27955
1.28
1.28
1.28
1.28
1.28
1.28
1.28
1.28
1.28
1.27964
1.28
1.28
1.28
1.28
1.28
1.28
1.28
1.28
1.28
1.27974
1.28
1.28
1.28
1.28
1.28
1.28
1.28
1.28
1.28
1.27984
1.28
1.28
1.28
1.28
1.28
1.28
1.28
1.28
1.28
1.27995
1.28
1.28
1.28
1.28
1.28
1.28
1.28
1.28
1.28
1.27915
1.28
1.28
1.28
1.28
1.28
1.28
1.28
1.28
1.28
1.27923
1.28
1.28
1.28
1.28
1.28
1.28
1.28
1.28
1.28
1.27931
1.28
1.28
1.28
1.28
1.28
1.28
1.28
1.28
1.28
1.2794
1.28
1.28
1.28
1.28
1.28
1.28
1.28
1.28
1.28
1.27949
1.28
1.28
1.28
1.28
1.28
1.28
1.28
1.28
1.28
1.27958
1.28
1.28
1.28
1.28
1.28
1.28
1.28
1.28
1.28
1.27967
1.28
1.28
1.28
1.28
1.28
1.28
1.28
1.28
1.28
1.27976
1.28
1.28
1.28
1.28
1.28
1.28
1.28
1.28
1.28
1.27986
1.28
1.28
1.28
1.28
1.28
1.28
1.28
1.28
1.28
1.27995
1.28
1.28
1.28
1.28
1.28
1.28
1.28
1.28
1.28
1.27914
1.28
1.28
1.28
1.28
1.28
1.28
1.28
1.28
1.28
1.27922
1.28
1.28
1.28
1.28
1.28
1.28
1.28
1.28
1.28
1.2793
1.28
1.28
1.28
1.28
1.28
1.28
1.28
1.28
1.28
1.27939
1.28
1.28
1.28
1.28
1.28
1.28
1.28
1.28
1.28
1.27948
1.28
1.28
1.28
1.28
1.28
1.28
1.28
1.28
1.28
1.27957
1.28
1.28
1.28
1.28
1.28
1.28
1.28
1.28
1.28
1.27966
1.28
1.28
1.28
1.28
1.28
1.28
1.28
1.28
1.28
1.27975
1.28
1.28
1.28
1.28
1.28
1.28
1.28
1.28
1.28
1.27985
1.28
1.28
1.28
1.28
1.28
1.28
1.28
1.28
1.28
1.27995
1.28
1.28
1.28
1.28
1.28
1.28
1.28
1.28
1.28
1.27901
1.28002
1.28002
1.28002
1.28002
1.28002
1.28002
1.28001
1.28001
1.28002
1.2791
1.28001
1.28002
1.28002
1.28001
1.28001
1.28001
1.28001
1.28001
1.28002
1.27919
1.28001
1.28001
1.28001
1.28001
1.28001
1.28001
1.28001
1.28001
1.28002
1.27929
1.28
1.28001
1.28001
1.28001
1.28001
1.28001
1.28001
1.28001
1.28001
1.27939
1.28
1.28
1.28
1.28
1.28
1.28
1.28001
1.28001
1.28001
1.27949
1.28
1.28
1.28
1.28
1.28
1.28
1.28
1.28
1.28001
1.2796
1.28
1.28
1.28
1.28
1.28
1.28
1.28
1.28
1.28001
1.2797
1.27999
1.27999
1.28
1.28
1.28
1.28
1.28
1.28
1.28001
1.27981
1.27999
1.27999
1.27999
1.27999
1.27999
1.28
1.28
1.28
1.28
1.27993
1.27999
1.27999
1.27999
1.27999
1.27999
1.27999
1.27999
1.27999
1.27999
1.27857
1.27992
1.27994
1.27995
1.27996
1.27997
1.27997
1.27998
1.27998
1.28024
1.27871
1.27993
1.27994
1.27995
1.27995
1.27996
1.27996
1.27997
1.27997
1.28021
1.27885
1.27994
1.27995
1.27995
1.27996
1.27996
1.27996
1.27997
1.27997
1.28019
1.27899
1.27994
1.27995
1.27995
1.27996
1.27996
1.27996
1.27997
1.27997
1.28017
1.27914
1.27994
1.27995
1.27995
1.27996
1.27996
1.27996
1.27997
1.27997
1.28015
1.27928
1.27995
1.27995
1.27996
1.27996
1.27996
1.27996
1.27996
1.27997
1.28012
1.27943
1.27995
1.27995
1.27996
1.27996
1.27996
1.27996
1.27996
1.27996
1.2801
1.27957
1.27995
1.27995
1.27996
1.27996
1.27996
1.27996
1.27996
1.27996
1.28006
1.27972
1.27995
1.27995
1.27995
1.27996
1.27996
1.27996
1.27996
1.27996
1.28002
1.27987
1.27995
1.27994
1.27994
1.27993
1.27993
1.27993
1.27992
1.27992
1.27994
1.28024
1.27998
1.27998
1.27997
1.27997
1.27996
1.27995
1.27994
1.27992
1.27857
1.28021
1.27997
1.27997
1.27996
1.27996
1.27995
1.27995
1.27994
1.27993
1.27871
1.28019
1.27997
1.27997
1.27996
1.27996
1.27996
1.27995
1.27995
1.27994
1.27885
1.28017
1.27997
1.27997
1.27996
1.27996
1.27996
1.27995
1.27995
1.27994
1.27899
1.28015
1.27997
1.27997
1.27996
1.27996
1.27996
1.27995
1.27995
1.27994
1.27914
1.28012
1.27997
1.27996
1.27996
1.27996
1.27996
1.27996
1.27995
1.27995
1.27928
1.2801
1.27996
1.27996
1.27996
1.27996
1.27996
1.27996
1.27995
1.27995
1.27943
1.28006
1.27996
1.27996
1.27996
1.27996
1.27996
1.27996
1.27995
1.27995
1.27957
1.28002
1.27996
1.27996
1.27996
1.27996
1.27996
1.27995
1.27995
1.27995
1.27972
1.27994
1.27992
1.27992
1.27993
1.27993
1.27993
1.27994
1.27994
1.27995
1.27987
1.28002
1.28001
1.28001
1.28002
1.28002
1.28002
1.28002
1.28002
1.28002
1.27901
1.28002
1.28001
1.28001
1.28001
1.28001
1.28001
1.28002
1.28002
1.28001
1.2791
1.28002
1.28001
1.28001
1.28001
1.28001
1.28001
1.28001
1.28001
1.28001
1.27919
1.28001
1.28001
1.28001
1.28001
1.28001
1.28001
1.28001
1.28001
1.28
1.27929
1.28001
1.28001
1.28001
1.28
1.28
1.28
1.28
1.28
1.28
1.27939
1.28001
1.28
1.28
1.28
1.28
1.28
1.28
1.28
1.28
1.27949
1.28001
1.28
1.28
1.28
1.28
1.28
1.28
1.28
1.28
1.2796
1.28001
1.28
1.28
1.28
1.28
1.28
1.28
1.27999
1.27999
1.2797
1.28
1.28
1.28
1.28
1.27999
1.27999
1.27999
1.27999
1.27999
1.27981
1.27999
1.27999
1.27999
1.27999
1.27999
1.27999
1.27999
1.27999
1.27999
1.27993
1.28
1.28
1.28
1.28
1.28
1.28
1.28
1.28
1.28
1.27914
1.28
1.28
1.28
1.28
1.28
1.28
1.28
1.28
1.28
1.27922
1.28
1.28
1.28
1.28
1.28
1.28
1.28
1.28
1.28
1.2793
1.28
1.28
1.28
1.28
1.28
1.28
1.28
1.28
1.28
1.27939
1.28
1.28
1.28
1.28
1.28
1.28
1.28
1.28
1.28
1.27948
1.28
1.28
1.28
1.28
1.28
1.28
1.28
1.28
1.28
1.27957
1.28
1.28
1.28
1.28
1.28
1.28
1.28
1.28
1.28
1.27966
1.28
1.28
1.28
1.28
1.28
1.28
1.28
1.28
1.28
1.27975
1.28
1.28
1.28
1.28
1.28
1.28
1.28
1.28
1.28
1.27985
1.28
1.28
1.28
1.28
1.28
1.28
1.28
1.28
1.28
1.27995
1.28
1.28
1.28
1.28
1.28
1.28
1.28
1.28
1.28
1.27915
1.28
1.28
1.28
1.28
1.28
1.28
1.28
1.28
1.28
1.27923
1.28
1.28
1.28
1.28
1.28
1.28
1.28
1.28
1.28
1.27931
1.28
1.28
1.28
1.28
1.28
1.28
1.28
1.28
1.28
1.2794
1.28
1.28
1.28
1.28
1.28
1.28
1.28
1.28
1.28
1.27949
1.28
1.28
1.28
1.28
1.28
1.28
1.28
1.28
1.28
1.27958
1.28
1.28
1.28
1.28
1.28
1.28
1.28
1.28
1.28
1.27967
1.28
1.28
1.28
1.28
1.28
1.28
1.28
1.28
1.28
1.27976
1.28
1.28
1.28
1.28
1.28
1.28
1.28
1.28
1.28
1.27986
1.28
1.28
1.28
1.28
1.28
1.28
1.28
1.28
1.28
1.27995
1.28
1.28
1.28
1.28
1.28
1.28
1.28
1.28
1.28
1.27909
1.28
1.28
1.28
1.28
1.28
1.28
1.28
1.28
1.28
1.27918
1.28
1.28
1.28
1.28
1.28
1.28
1.28
1.28
1.28
1.27927
1.28
1.28
1.28
1.28
1.28
1.28
1.28
1.28
1.28
1.27936
1.28
1.28
1.28
1.28
1.28
1.28
1.28
1.28
1.28
1.27945
1.28
1.28
1.28
1.28
1.28
1.28
1.28
1.28
1.28
1.27955
1.28
1.28
1.28
1.28
1.28
1.28
1.28
1.28
1.28
1.27964
1.28
1.28
1.28
1.28
1.28
1.28
1.28
1.28
1.28
1.27974
1.28
1.28
1.28
1.28
1.28
1.28
1.28
1.28
1.28
1.27984
1.28
1.28
1.28
1.28
1.28
1.28
1.28
1.28
1.28
1.27995
1.28
1.28
1.28
1.28
1.28
1.28
1.28
1.28
1.28
1.27901
1.28
1.28
1.28
1.28
1.28
1.28
1.28
1.28
1.28
1.2791
1.28
1.28
1.28
1.28
1.28
1.28
1.28
1.28
1.28
1.2792
1.28
1.28
1.28
1.28
1.28
1.28
1.28
1.28
1.28
1.27929
1.28
1.28
1.28
1.28
1.28
1.28
1.28
1.28
1.28
1.27939
1.28
1.28
1.28
1.28
1.28
1.28
1.28
1.28
1.28
1.27949
1.28
1.28
1.28
1.28
1.28
1.28
1.28
1.28
1.28
1.27959
1.28
1.28
1.28
1.28
1.28
1.28
1.28
1.28
1.28
1.2797
1.28
1.28
1.28
1.28
1.28
1.28
1.28
1.28
1.28
1.27981
1.28
1.28
1.28
1.28
1.28
1.28
1.28
1.28
1.28
1.27993
1.28
1.28
1.28
1.28
1.28
1.28
1.28
1.28
1.28
1.27896
1.28
1.28
1.28
1.28
1.28
1.28
1.28
1.28
1.28
1.27905
1.28
1.28
1.28
1.28
1.28
1.28
1.28
1.28
1.28
1.27915
1.28
1.28
1.28
1.28
1.28
1.28
1.28
1.28
1.28
1.27924
1.28
1.28
1.28
1.28
1.28
1.28
1.28
1.28
1.28
1.27934
1.28
1.28
1.28
1.28
1.28
1.28
1.28
1.28
1.28
1.27944
1.28
1.28
1.28
1.28
1.28
1.28
1.28
1.28
1.28
1.27954
1.28
1.28
1.28
1.28
1.28
1.28
1.28
1.28
1.28
1.27965
1.28
1.28
1.28
1.28
1.28
1.28
1.28
1.28
1.28
1.27977
1.28
1.28
1.28
1.28
1.28
1.28
1.28
1.28
1.28
1.27991
1.28
1.28
1.28
1.28
1.28
1.28
1.28
1.28
1.28
1.27917
1.28
1.28
1.28
1.28
1.28
1.28
1.28
1.28
1.28
1.27924
1.28
1.28
1.28
1.28
1.28
1.28
1.28
1.28
1.28
1.27932
1.28
1.28
1.28
1.28
1.28
1.28
1.28
1.28
1.28
1.2794
1.28
1.28
1.28
1.28
1.28
1.28
1.28
1.28
1.28
1.27947
1.28
1.28
1.28
1.28
1.28
1.28
1.28
1.28
1.28
1.27955
1.28
1.28
1.28
1.28
1.28
1.28
1.28
1.28
1.28
1.27963
1.28
1.28
1.28
1.28
1.28
1.28
1.28
1.28
1.28
1.27971
1.28
1.28
1.28
1.28
1.28
1.28
1.28
1.28
1.28
1.27981
1.28
1.28
1.28
1.28
1.28
1.28
1.28
1.28
1.28
1.27993
1.28
1.28
1.28
1.28
1.28
1.28
1.28
1.28
1.28
1.2802
1.28
1.28
1.28
1.28
1.28
1.28
1.28
1.28
1.28
1.28022
1.28
1.28
1.28
1.28
1.28
1.28
1.28
1.28
1.28
1.28023
1.28
1.28
1.28
1.28
1.28
1.28
1.28
1.28
1.28
1.28031
1.28
1.28
1.28
1.28
1.28
1.28
1.28
1.28
1.28
1.28038
1.28
1.28
1.28
1.28
1.28
1.28
1.28
1.28
1.28
1.28044
1.28
1.28
1.28
1.28
1.28
1.28
1.28
1.28
1.28
1.28049
1.28
1.28
1.28
1.28
1.28
1.28
1.28
1.28
1.28
1.28051
1.28
1.28
1.28
1.28
1.28
1.28
1.28
1.28
1.28
1.28048
1.28001
1.28
1.28
1.28
1.28
1.28
1.28
1.28
1.28
1.28039
1.28
1.28
1.28
1.28
1.28
1.28
1.28
1.28
1.28001
1.28223
1.28
1.28
1.28
1.28
1.28
1.28
1.28
1.28
1.28001
1.28218
1.28
1.28
1.28
1.28
1.28
1.28
1.28
1.28
1.28001
1.28208
1.28
1.28
1.28
1.28
1.28
1.28
1.28
1.28
1.28001
1.28226
1.28
1.28
1.28
1.28
1.28
1.28
1.28
1.28
1.28001
1.28245
1.28
1.28
1.28
1.28
1.28
1.28
1.28
1.28
1.28001
1.28265
1.28
1.28
1.28
1.28
1.28
1.28
1.28
1.28
1.28001
1.28288
1.28
1.28
1.28
1.28
1.28
1.28
1.28
1.28
1.28001
1.28313
1.28
1.28
1.28
1.28
1.28
1.28
1.28
1.28
1.28001
1.28342
1.28008
1.28002
1.28
1.28
1.28
1.28
1.28
1.28
1.28002
1.28374
1.28
1.28
1.28
1.28
1.28
1.28
1.28
1.28
1.27998
1.28046
1.28
1.28
1.28
1.28
1.28
1.28
1.28
1.28
1.28
1.28052
1.28
1.28
1.28
1.28
1.28
1.28
1.28
1.28
1.28002
1.28067
1.28
1.28
1.28
1.28
1.28
1.28
1.28
1.28
1.28004
1.28072
1.28
1.28
1.28
1.28
1.28
1.28
1.28
1.28
1.28007
1.28077
1.28
1.28
1.28
1.28
1.28
1.28
1.28
1.28
1.28009
1.28082
1.28
1.28
1.28
1.28
1.28
1.28
1.28
1.28
1.28012
1.28089
1.28
1.28
1.28
1.28
1.28
1.28
1.28
1.28
1.28015
1.2812
1.28
1.28
1.28
1.28
1.28
1.28
1.28
1.28
1.28019
1.28146
1.28045
1.28013
1.28001
1.28
1.28
1.28
1.28
1.28
1.28022
1.28169
1.28
1.28
1.28
1.28
1.28
1.28
1.28
1.28
1.28002
1.28077
1.28
1.28
1.28
1.28
1.28
1.28
1.28
1.28
1.28005
1.28084
1.28
1.28
1.28
1.28
1.28
1.28
1.28
1.28
1.28008
1.28086
1.28
1.28
1.28
1.28
1.28
1.28
1.28
1.28
1.28011
1.28087
1.28
1.28
1.28
1.28
1.28
1.28
1.28
1.28
1.28015
1.28115
1.28
1.28
1.28
1.28
1.28
1.28
1.28
1.28
1.28019
1.2814
1.28
1.28
1.28
1.28
1.28
1.28
1.28
1.28
1.28023
1.28161
1.28
1.28
1.28
1.28
1.28
1.28
1.28
1.28
1.28028
1.28152
1.28
1.28
1.28
1.28
1.28
1.28
1.28
1.28
1.28033
1.2815
1.28017
1.27999
1.28
1.28
1.28
1.28
1.28
1.28
1.28038
1.28149
1.28
1.28
1.28
1.28
1.28
1.28
1.28
1.28
1.28008
1.28077
1.28
1.28
1.28
1.28
1.28
1.28
1.28
1.28
1.28011
1.2808
1.28
1.28
1.28
1.28
1.28
1.28
1.28
1.28
1.28015
1.28113
1.28
1.28
1.28
1.28
1.28
1.28
1.28
1.28
1.2802
1.28139
1.28
1.28
1.28
1.28
1.28
1.28
1.28
1.28
1.28025
1.28132
1.28
1.28
1.28
1.28
1.28
1.28
1.28
1.28
1.2803
1.28128
1.28
1.28
1.28
1.28
1.28
1.28
1.28
1.28
1.28037
1.28126
1.28
1.28
1.28
1.28
1.28
1.28
1.28
1.28
1.28043
1.28127
1.28
1.28
1.28
1.28
1.28
1.28
1.28
1.28
1.28051
1.28129
1.27999
1.27999
1.28
1.28
1.28
1.28
1.28
1.28001
1.2806
1.28132
1.28
1.28
1.28
1.28
1.28
1.28
1.28
1.28
1.28013
1.28094
1.28
1.28
1.28
1.28
1.28
1.28
1.28
1.28
1.28018
1.28117
1.28
1.28
1.28
1.28
1.28
1.28
1.28
1.28
1.28023
1.28104
1.28
1.28
1.28
1.28
1.28
1.28
1.28
1.28
1.28029
1.28098
1.28
1.28
1.28
1.28
1.28
1.28
1.28
1.28
1.28036
1.28095
1.28
1.28
1.28
1.28
1.28
1.28
1.28
1.28001
1.28044
1.28094
1.28
1.28
1.28
1.28
1.28
1.28
1.28
1.28001
1.28053
1.28094
1.28
1.28
1.28
1.28
1.28
1.28
1.28
1.28001
1.28063
1.28096
1.28
1.28
1.28
1.28
1.28
1.28
1.28
1.28001
1.28075
1.28099
1.27997
1.28
1.28
1.28
1.28
1.28
1.28
1.28001
1.28089
1.28103
1.28
1.28
1.28
1.28
1.28
1.28
1.28
1.28
1.28018
1.28077
1.28
1.28
1.28
1.28
1.28
1.28
1.28
1.28
1.28024
1.28066
1.28
1.28
1.28
1.28
1.28
1.28
1.28
1.28
1.2803
1.28058
1.28
1.28
1.28
1.28
1.28
1.28
1.28
1.28001
1.28038
1.28053
1.28
1.28
1.28
1.28
1.28
1.28
1.28
1.28001
1.28047
1.28048
1.28
1.28
1.28
1.28
1.28
1.28
1.28
1.28001
1.28058
1.28044
1.28
1.28
1.28
1.28
1.28
1.28
1.28
1.28001
1.28071
1.28042
1.28
1.28
1.28
1.28
1.28
1.28
1.28
1.28002
1.28086
1.2804
1.28
1.28
1.28
1.28
1.28
1.28
1.28
1.28002
1.28103
1.2804
1.27996
1.28
1.28
1.28
1.28
1.28
1.28
1.28003
1.28124
1.28041
1.28
1.28
1.28
1.28
1.28
1.28
1.28
1.28
1.2802
1.28025
1.28
1.28
1.28
1.28
1.28
1.28
1.28
1.28
1.28027
1.28011
1.28
1.28
1.28
1.28
1.28
1.28
1.28
1.28001
1.28034
1.27999
1.28
1.28
1.28
1.28
1.28
1.28
1.28
1.28001
1.28043
1.27987
1.28
1.28
1.28
1.28
1.28
1.28
1.28
1.28001
1.28054
1.27975
1.28
1.28
1.28
1.28
1.28
1.28
1.28
1.28002
1.28068
1.27963
1.28
1.28
1.28
1.28
1.28
1.28
1.28
1.28002
1.28084
1.27951
1.28
1.28
1.28
1.28
1.28
1.28
1.28
1.28003
1.28104
1.27939
1.28
1.28
1.28
1.28
1.28
1.28
1.28
1.28004
1.28128
1.27928
1.27996
1.28
1.28
1.28
1.28
1.28
1.28
1.28005
1.28158
1.27916
1.28
1.28
1.28
1.28
1.28
1.28
1.28
1.28
1.28019
1.27965
1.28
1.28
1.28
1.28
1.28
1.28
1.28
1.28
1.28024
1.27943
1.28
1.28
1.28
1.28
1.28
1.28
1.28
1.28001
1.28032
1.27921
1.28
1.28
1.28
1.28
1.28
1.28
1.28
1.28001
1.28041
1.27897
1.28
1.28
1.28
1.28
1.28
1.28
1.28
1.28001
1.28052
1.2787
1.28
1.28
1.28
1.28
1.28
1.28
1.28
1.28002
1.28065
1.27841
1.28
1.28
1.28
1.28
1.28
1.28
1.28
1.28003
1.28083
1.27808
1.28
1.28
1.28
1.28
1.28
1.28
1.28
1.28004
1.28105
1.27772
1.28
1.28
1.28
1.28
1.28
1.28
1.28
1.28005
1.28133
1.27732
1.27996
1.28
1.28
1.28
1.28
1.28
1.28
1.28008
1.28169
1.27686
1.28
1.28
1.28
1.28
1.28
1.28
1.28
1.28
1.28012
1.27899
1.28
1.28
1.28
1.28
1.28
1.28
1.28
1.28
1.28016
1.27865
1.28
1.28
1.28
1.28
1.28
1.28
1.28
1.28001
1.28021
1.27828
1.28
1.28
1.28
1.28
1.28
1.28
1.28
1.28001
1.28027
1.27786
1.28
1.28
1.28
1.28
1.28
1.28
1.28
1.28001
1.28034
1.27738
1.28
1.28
1.28
1.28
1.28
1.28
1.28
1.28002
1.28044
1.27682
1.28
1.28
1.28
1.28
1.28
1.28
1.28
1.28003
1.28057
1.27616
1.28
1.28
1.28
1.28
1.28
1.28
1.28
1.28004
1.28073
1.27539
1.28
1.28
1.28
1.28
1.28
1.28
1.28
1.28006
1.28095
1.27446
1.27997
1.28
1.28
1.28
1.28
1.28
1.28
1.28009
1.28123
1.27333
1.28
1.28
1.28
1.28
1.28
1.28
1.28
1.28
1.28003
1.27839
1.28
1.28
1.28
1.28
1.28
1.28
1.28
1.28
1.28003
1.27793
1.28
1.28
1.28
1.28
1.28
1.28
1.28
1.28
1.28004
1.27741
1.28
1.28
1.28
1.28
1.28
1.28
1.28
1.28
1.28005
1.2768
1.28
1.28
1.28
1.28
1.28
1.28
1.28
1.28
1.28006
1.27608
1.28
1.28
1.28
1.28
1.28
1.28
1.28
1.28001
1.28008
1.27522
1.28
1.28
1.28
1.28
1.28
1.28
1.28
1.28001
1.28009
1.27418
1.28
1.28
1.28
1.28
1.28
1.28
1.28
1.28002
1.2801
1.2729
1.28
1.28
1.28
1.28
1.28
1.28
1.28
1.28002
1.28011
1.27133
1.28002
1.28
1.28
1.28
1.28
1.28
1.28
1.28003
1.28011
1.26934
1.28
1.28
1.28
1.28
1.28
1.28
1.28
1.28
1.27996
1.27803
1.28
1.28
1.28
1.28
1.28
1.28
1.28
1.28
1.27994
1.27748
1.28
1.28
1.28
1.28
1.28
1.28
1.28
1.28
1.27992
1.27687
1.28
1.28
1.28
1.28
1.28
1.28
1.28
1.28
1.27988
1.27613
1.28
1.28
1.28
1.28
1.28
1.28
1.28
1.28
1.27984
1.27525
1.28
1.28
1.28
1.28
1.28
1.28
1.28
1.27999
1.27977
1.27419
1.28
1.28
1.28
1.28
1.28
1.28
1.28
1.27999
1.27968
1.27289
1.28
1.28
1.28
1.28
1.28
1.28
1.28
1.27998
1.27954
1.27127
1.28
1.28
1.28
1.28
1.28
1.28
1.28
1.27997
1.27934
1.26925
1.28024
1.28002
1.28
1.28
1.28
1.28
1.28
1.27995
1.27903
1.26664
1.28
1.28
1.28
1.28
1.28
1.28
1.28
1.28
1.27996
1.27802
1.28
1.28
1.28
1.28
1.28
1.28
1.28
1.28
1.27994
1.27748
1.28
1.28
1.28
1.28
1.28
1.28
1.28
1.28
1.27992
1.27686
1.28
1.28
1.28
1.28
1.28
1.28
1.28
1.28
1.27988
1.27613
1.28
1.28
1.28
1.28
1.28
1.28
1.28
1.28
1.27984
1.27525
1.28
1.28
1.28
1.28
1.28
1.28
1.28
1.27999
1.27977
1.27419
1.28
1.28
1.28
1.28
1.28
1.28
1.28
1.27999
1.27968
1.27288
1.28
1.28
1.28
1.28
1.28
1.28
1.28
1.27998
1.27954
1.27127
1.28
1.28
1.28
1.28
1.28
1.28
1.28
1.27997
1.27934
1.26925
1.28024
1.28002
1.28
1.28
1.28
1.28
1.28
1.27995
1.27903
1.26663
1.28
1.28
1.28
1.28
1.28
1.28
1.28
1.28
1.28003
1.27838
1.28
1.28
1.28
1.28
1.28
1.28
1.28
1.28
1.28003
1.27792
1.28
1.28
1.28
1.28
1.28
1.28
1.28
1.28
1.28004
1.2774
1.28
1.28
1.28
1.28
1.28
1.28
1.28
1.28
1.28005
1.27679
1.28
1.28
1.28
1.28
1.28
1.28
1.28
1.28
1.28006
1.27607
1.28
1.28
1.28
1.28
1.28
1.28
1.28
1.28001
1.28008
1.27521
1.28
1.28
1.28
1.28
1.28
1.28
1.28
1.28001
1.28009
1.27417
1.28
1.28
1.28
1.28
1.28
1.28
1.28
1.28002
1.2801
1.2729
1.28
1.28
1.28
1.28
1.28
1.28
1.28
1.28002
1.28011
1.27133
1.28002
1.28
1.28
1.28
1.28
1.28
1.28
1.28003
1.28011
1.26933
1.28
1.28
1.28
1.28
1.28
1.28
1.28
1.28
1.28012
1.27898
1.28
1.28
1.28
1.28
1.28
1.28
1.28
1.28
1.28016
1.27864
1.28
1.28
1.28
1.28
1.28
1.28
1.28
1.28001
1.28021
1.27827
1.28
1.28
1.28
1.28
1.28
1.28
1.28
1.28001
1.28027
1.27785
1.28
1.28
1.28
1.28
1.28
1.28
1.28
1.28001
1.28034
1.27737
1.28
1.28
1.28
1.28
1.28
1.28
1.28
1.28002
1.28044
1.27681
1.28
1.28
1.28
1.28
1.28
1.28
1.28
1.28003
1.28057
1.27615
1.28
1.28
1.28
1.28
1.28
1.28
1.28
1.28004
1.28073
1.27538
1.28
1.28
1.28
1.28
1.28
1.28
1.28
1.28006
1.28095
1.27446
1.27997
1.28
1.28
1.28
1.28
1.28
1.28
1.28009
1.28123
1.27333
1.28
1.28
1.28
1.28
1.28
1.28
1.28
1.28
1.28019
1.27964
1.28
1.28
1.28
1.28
1.28
1.28
1.28
1.28
1.28025
1.27942
1.28
1.28
1.28
1.28
1.28
1.28
1.28
1.28001
1.28032
1.2792
1.28
1.28
1.28
1.28
1.28
1.28
1.28
1.28001
1.28041
1.27896
1.28
1.28
1.28
1.28
1.28
1.28
1.28
1.28001
1.28052
1.27869
1.28
1.28
1.28
1.28
1.28
1.28
1.28
1.28002
1.28066
1.2784
1.28
1.28
1.28
1.28
1.28
1.28
1.28
1.28003
1.28083
1.27808
1.28
1.28
1.28
1.28
1.28
1.28
1.28
1.28004
1.28105
1.27772
1.28
1.28
1.28
1.28
1.28
1.28
1.28
1.28005
1.28133
1.27732
1.27996
1.28
1.28
1.28
1.28
1.28
1.28
1.28008
1.28169
1.27686
1.28
1.28
1.28
1.28
1.28
1.28
1.28
1.28
1.28021
1.28024
1.28
1.28
1.28
1.28
1.28
1.28
1.28
1.28
1.28027
1.28011
1.28
1.28
1.28
1.28
1.28
1.28
1.28
1.28001
1.28034
1.27999
1.28
1.28
1.28
1.28
1.28
1.28
1.28
1.28001
1.28043
1.27987
1.28
1.28
1.28
1.28
1.28
1.28
1.28
1.28001
1.28054
1.27975
1.28
1.28
1.28
1.28
1.28
1.28
1.28
1.28002
1.28068
1.27963
1.28
1.28
1.28
1.28
1.28
1.28
1.28
1.28002
1.28084
1.27951
1.28
1.28
1.28
1.28
1.28
1.28
1.28
1.28003
1.28104
1.27939
1.28
1.28
1.28
1.28
1.28
1.28
1.28
1.28004
1.28128
1.27928
1.27996
1.28
1.28
1.28
1.28
1.28
1.28
1.28005
1.28158
1.27916
1.28
1.28
1.28
1.28
1.28
1.28
1.28
1.28
1.28018
1.28077
1.28
1.28
1.28
1.28
1.28
1.28
1.28
1.28
1.28024
1.28066
1.28
1.28
1.28
1.28
1.28
1.28
1.28
1.28
1.2803
1.28058
1.28
1.28
1.28
1.28
1.28
1.28
1.28
1.28001
1.28038
1.28053
1.28
1.28
1.28
1.28
1.28
1.28
1.28
1.28001
1.28047
1.28048
1.28
1.28
1.28
1.28
1.28
1.28
1.28
1.28001
1.28058
1.28044
1.28
1.28
1.28
1.28
1.28
1.28
1.28
1.28001
1.28071
1.28042
1.28
1.28
1.28
1.28
1.28
1.28
1.28
1.28002
1.28086
1.2804
1.28
1.28
1.28
1.28
1.28
1.28
1.28
1.28002
1.28103
1.2804
1.27996
1.28
1.28
1.28
1.28
1.28
1.28
1.28003
1.28124
1.28041
1.28
1.28
1.28
1.28
1.28
1.28
1.28
1.28
1.28013
1.28095
1.28
1.28
1.28
1.28
1.28
1.28
1.28
1.28
1.28018
1.28117
1.28
1.28
1.28
1.28
1.28
1.28
1.28
1.28
1.28023
1.28104
1.28
1.28
1.28
1.28
1.28
1.28
1.28
1.28
1.28029
1.28099
1.28
1.28
1.28
1.28
1.28
1.28
1.28
1.28
1.28036
1.28095
1.28
1.28
1.28
1.28
1.28
1.28
1.28
1.28001
1.28044
1.28094
1.28
1.28
1.28
1.28
1.28
1.28
1.28
1.28001
1.28053
1.28094
1.28
1.28
1.28
1.28
1.28
1.28
1.28
1.28001
1.28063
1.28096
1.28
1.28
1.28
1.28
1.28
1.28
1.28
1.28001
1.28075
1.28099
1.27997
1.28
1.28
1.28
1.28
1.28
1.28
1.28001
1.28089
1.28103
1.28
1.28
1.28
1.28
1.28
1.28
1.28
1.28
1.28008
1.28077
1.28
1.28
1.28
1.28
1.28
1.28
1.28
1.28
1.28011
1.28081
1.28
1.28
1.28
1.28
1.28
1.28
1.28
1.28
1.28015
1.28114
1.28
1.28
1.28
1.28
1.28
1.28
1.28
1.28
1.2802
1.28139
1.28
1.28
1.28
1.28
1.28
1.28
1.28
1.28
1.28025
1.28132
1.28
1.28
1.28
1.28
1.28
1.28
1.28
1.28
1.2803
1.28128
1.28
1.28
1.28
1.28
1.28
1.28
1.28
1.28
1.28037
1.28126
1.28
1.28
1.28
1.28
1.28
1.28
1.28
1.28
1.28044
1.28127
1.28
1.28
1.28
1.28
1.28
1.28
1.28
1.28
1.28051
1.28129
1.27999
1.27999
1.28
1.28
1.28
1.28
1.28
1.28001
1.2806
1.28132
1.28
1.28
1.28
1.28
1.28
1.28
1.28
1.28
1.28002
1.28078
1.28
1.28
1.28
1.28
1.28
1.28
1.28
1.28
1.28005
1.28085
1.28
1.28
1.28
1.28
1.28
1.28
1.28
1.28
1.28008
1.28086
1.28
1.28
1.28
1.28
1.28
1.28
1.28
1.28
1.28011
1.28087
1.28
1.28
1.28
1.28
1.28
1.28
1.28
1.28
1.28015
1.28115
1.28
1.28
1.28
1.28
1.28
1.28
1.28
1.28
1.28019
1.2814
1.28
1.28
1.28
1.28
1.28
1.28
1.28
1.28
1.28023
1.28161
1.28
1.28
1.28
1.28
1.28
1.28
1.28
1.28
1.28028
1.28152
1.28
1.28
1.28
1.28
1.28
1.28
1.28
1.28
1.28033
1.2815
1.28017
1.27999
1.28
1.28
1.28
1.28
1.28
1.28
1.28038
1.28149
1.28
1.28
1.28
1.28
1.28
1.28
1.28
1.28
1.27998
1.28046
1.28
1.28
1.28
1.28
1.28
1.28
1.28
1.28
1.28
1.28052
1.28
1.28
1.28
1.28
1.28
1.28
1.28
1.28
1.28002
1.28067
1.28
1.28
1.28
1.28
1.28
1.28
1.28
1.28
1.28004
1.28072
1.28
1.28
1.28
1.28
1.28
1.28
1.28
1.28
1.28007
1.28077
1.28
1.28
1.28
1.28
1.28
1.28
1.28
1.28
1.28009
1.28082
1.28
1.28
1.28
1.28
1.28
1.28
1.28
1.28
1.28012
1.28089
1.28
1.28
1.28
1.28
1.28
1.28
1.28
1.28
1.28015
1.2812
1.28
1.28
1.28
1.28
1.28
1.28
1.28
1.28
1.28019
1.28146
1.28045
1.28013
1.28001
1.28
1.28
1.28
1.28
1.28
1.28022
1.28169
1.28
1.28
1.28
1.28
1.28
1.28
1.28
1.28
1.28001
1.28223
1.28
1.28
1.28
1.28
1.28
1.28
1.28
1.28
1.28001
1.28218
1.28
1.28
1.28
1.28
1.28
1.28
1.28
1.28
1.28001
1.28208
1.28
1.28
1.28
1.28
1.28
1.28
1.28
1.28
1.28001
1.28226
1.28
1.28
1.28
1.28
1.28
1.28
1.28
1.28
1.28001
1.28245
1.28
1.28
1.28
1.28
1.28
1.28
1.28
1.28
1.28001
1.28266
1.28
1.28
1.28
1.28
1.28
1.28
1.28
1.28
1.28001
1.28288
1.28
1.28
1.28
1.28
1.28
1.28
1.28
1.28
1.28001
1.28313
1.28
1.28
1.28
1.28
1.28
1.28
1.28
1.28
1.28001
1.28343
1.28008
1.28002
1.28
1.28
1.28
1.28
1.28
1.28
1.28002
1.28374
1.28
1.28
1.28
1.28
1.28
1.28
1.28
1.28
1.28
1.2802
1.28
1.28
1.28
1.28
1.28
1.28
1.28
1.28
1.28
1.28022
1.28
1.28
1.28
1.28
1.28
1.28
1.28
1.28
1.28
1.28023
1.28
1.28
1.28
1.28
1.28
1.28
1.28
1.28
1.28
1.28031
1.28
1.28
1.28
1.28
1.28
1.28
1.28
1.28
1.28
1.28038
1.28
1.28
1.28
1.28
1.28
1.28
1.28
1.28
1.28
1.28044
1.28
1.28
1.28
1.28
1.28
1.28
1.28
1.28
1.28
1.28049
1.28
1.28
1.28
1.28
1.28
1.28
1.28
1.28
1.28
1.28051
1.28
1.28
1.28
1.28
1.28
1.28
1.28
1.28
1.28
1.28048
1.28001
1.28
1.28
1.28
1.28
1.28
1.28
1.28
1.28
1.28039
1.28
1.28
1.28
1.28
1.28
1.28
1.28
1.28
1.28
1.27917
1.28
1.28
1.28
1.28
1.28
1.28
1.28
1.28
1.28
1.27924
1.28
1.28
1.28
1.28
1.28
1.28
1.28
1.28
1.28
1.27932
1.28
1.28
1.28
1.28
1.28
1.28
1.28
1.28
1.28
1.2794
1.28
1.28
1.28
1.28
1.28
1.28
1.28
1.28
1.28
1.27947
1.28
1.28
1.28
1.28
1.28
1.28
1.28
1.28
1.28
1.27955
1.28
1.28
1.28
1.28
1.28
1.28
1.28
1.28
1.28
1.27963
1.28
1.28
1.28
1.28
1.28
1.28
1.28
1.28
1.28
1.27971
1.28
1.28
1.28
1.28
1.28
1.28
1.28
1.28
1.28
1.27981
1.28
1.28
1.28
1.28
1.28
1.28
1.28
1.28
1.28
1.27993
1.28
1.28
1.28
1.28
1.28
1.28
1.28
1.28
1.28
1.27896
1.28
1.28
1.28
1.28
1.28
1.28
1.28
1.28
1.28
1.27905
1.28
1.28
1.28
1.28
1.28
1.28
1.28
1.28
1.28
1.27915
1.28
1.28
1.28
1.28
1.28
1.28
1.28
1.28
1.28
1.27924
1.28
1.28
1.28
1.28
1.28
1.28
1.28
1.28
1.28
1.27934
1.28
1.28
1.28
1.28
1.28
1.28
1.28
1.28
1.28
1.27944
1.28
1.28
1.28
1.28
1.28
1.28
1.28
1.28
1.28
1.27954
1.28
1.28
1.28
1.28
1.28
1.28
1.28
1.28
1.28
1.27965
1.28
1.28
1.28
1.28
1.28
1.28
1.28
1.28
1.28
1.27977
1.28
1.28
1.28
1.28
1.28
1.28
1.28
1.28
1.28
1.27991
1.28
1.28
1.28
1.28
1.28
1.28
1.28
1.28
1.28
1.27901
1.28
1.28
1.28
1.28
1.28
1.28
1.28
1.28
1.28
1.2791
1.28
1.28
1.28
1.28
1.28
1.28
1.28
1.28
1.28
1.2792
1.28
1.28
1.28
1.28
1.28
1.28
1.28
1.28
1.28
1.27929
1.28
1.28
1.28
1.28
1.28
1.28
1.28
1.28
1.28
1.27939
1.28
1.28
1.28
1.28
1.28
1.28
1.28
1.28
1.28
1.27949
1.28
1.28
1.28
1.28
1.28
1.28
1.28
1.28
1.28
1.27959
1.28
1.28
1.28
1.28
1.28
1.28
1.28
1.28
1.28
1.2797
1.28
1.28
1.28
1.28
1.28
1.28
1.28
1.28
1.28
1.27981
1.28
1.28
1.28
1.28
1.28
1.28
1.28
1.28
1.28
1.27993
1.28
1.28
1.28
1.28
1.28
1.28
1.28
1.28
1.28
1.27909
1.28
1.28
1.28
1.28
1.28
1.28
1.28
1.28
1.28
1.27918
1.28
1.28
1.28
1.28
1.28
1.28
1.28
1.28
1.28
1.27927
1.28
1.28
1.28
1.28
1.28
1.28
1.28
1.28
1.28
1.27936
1.28
1.28
1.28
1.28
1.28
1.28
1.28
1.28
1.28
1.27945
1.28
1.28
1.28
1.28
1.28
1.28
1.28
1.28
1.28
1.27955
1.28
1.28
1.28
1.28
1.28
1.28
1.28
1.28
1.28
1.27964
1.28
1.28
1.28
1.28
1.28
1.28
1.28
1.28
1.28
1.27974
1.28
1.28
1.28
1.28
1.28
1.28
1.28
1.28
1.28
1.27984
1.28
1.28
1.28
1.28
1.28
1.28
1.28
1.28
1.28
1.27995
1.28
1.28
1.28
1.28
1.28
1.28
1.28
1.28
1.28
1.27915
1.28
1.28
1.28
1.28
1.28
1.28
1.28
1.28
1.28
1.27923
1.28
1.28
1.28
1.28
1.28
1.28
1.28
1.28
1.28
1.27931
1.28
1.28
1.28
1.28
1.28
1.28
1.28
1.28
1.28
1.2794
1.28
1.28
1.28
1.28
1.28
1.28
1.28
1.28
1.28
1.27949
1.28
1.28
1.28
1.28
1.28
1.28
1.28
1.28
1.28
1.27958
1.28
1.28
1.28
1.28
1.28
1.28
1.28
1.28
1.28
1.27967
1.28
1.28
1.28
1.28
1.28
1.28
1.28
1.28
1.28
1.27976
1.28
1.28
1.28
1.28
1.28
1.28
1.28
1.28
1.28
1.27986
1.28
1.28
1.28
1.28
1.28
1.28
1.28
1.28
1.28
1.27995
1.28
1.28
1.28
1.28
1.28
1.28
1.28
1.28
1.28
1.27914
1.28
1.28
1.28
1.28
1.28
1.28
1.28
1.28
1.28
1.27922
1.28
1.28
1.28
1.28
1.28
1.28
1.28
1.28
1.28
1.2793
1.28
1.28
1.28
1.28
1.28
1.28
1.28
1.28
1.28
1.27939
1.28
1.28
1.28
1.28
1.28
1.28
1.28
1.28
1.28
1.27948
1.28
1.28
1.28
1.28
1.28
1.28
1.28
1.28
1.28
1.27957
1.28
1.28
1.28
1.28
1.28
1.28
1.28
1.28
1.28
1.27966
1.28
1.28
1.28
1.28
1.28
1.28
1.28
1.28
1.28
1.27975
1.28
1.28
1.28
1.28
1.28
1.28
1.28
1.28
1.28
1.27985
1.28
1.28
1.28
1.28
1.28
1.28
1.28
1.28
1.28
1.27995
1.28002
1.28001
1.28001
1.28002
1.28002
1.28002
1.28002
1.28002
1.28002
1.27901
1.28002
1.28001
1.28001
1.28001
1.28001
1.28001
1.28002
1.28002
1.28001
1.2791
1.28002
1.28001
1.28001
1.28001
1.28001
1.28001
1.28001
1.28001
1.28001
1.27919
1.28001
1.28001
1.28001
1.28001
1.28001
1.28001
1.28001
1.28001
1.28
1.27929
1.28001
1.28001
1.28001
1.28
1.28
1.28
1.28
1.28
1.28
1.27939
1.28001
1.28
1.28
1.28
1.28
1.28
1.28
1.28
1.28
1.27949
1.28001
1.28
1.28
1.28
1.28
1.28
1.28
1.28
1.28
1.2796
1.28001
1.28
1.28
1.28
1.28
1.28
1.28
1.27999
1.27999
1.2797
1.28
1.28
1.28
1.28
1.27999
1.27999
1.27999
1.27999
1.27999
1.27981
1.27999
1.27999
1.27999
1.27999
1.27999
1.27999
1.27999
1.27999
1.27999
1.27993
1.28024
1.27998
1.27998
1.27997
1.27997
1.27996
1.27995
1.27994
1.27992
1.27857
1.28021
1.27997
1.27997
1.27996
1.27996
1.27995
1.27995
1.27994
1.27993
1.27871
1.28019
1.27997
1.27997
1.27996
1.27996
1.27996
1.27995
1.27995
1.27994
1.27885
1.28017
1.27997
1.27997
1.27996
1.27996
1.27996
1.27995
1.27995
1.27994
1.27899
1.28015
1.27997
1.27997
1.27996
1.27996
1.27996
1.27995
1.27995
1.27994
1.27914
1.28012
1.27997
1.27996
1.27996
1.27996
1.27996
1.27996
1.27995
1.27995
1.27928
1.2801
1.27996
1.27996
1.27996
1.27996
1.27996
1.27996
1.27995
1.27995
1.27943
1.28006
1.27996
1.27996
1.27996
1.27996
1.27996
1.27996
1.27995
1.27995
1.27957
1.28002
1.27996
1.27996
1.27996
1.27996
1.27996
1.27995
1.27995
1.27995
1.27972
1.27994
1.27992
1.27992
1.27993
1.27993
1.27993
1.27994
1.27994
1.27995
1.27987
1.28
1.28
1.28
1.28
1.28
1.28
1.28
1.28
1.28
1.27903
1.28
1.28
1.28
1.28
1.28
1.28
1.28
1.28
1.28
1.27978
1.28
1.28
1.28
1.28
1.28
1.28
1.28
1.28
1.28
1.2799
1.28
1.28
1.28
1.28
1.28
1.28
1.28
1.28
1.28
1.27992
1.28
1.28
1.28
1.28
1.28
1.28
1.28
1.28
1.28
1.27993
1.28
1.28
1.28
1.28
1.28
1.28
1.28
1.28
1.28
1.27993
1.28
1.28
1.28
1.28
1.28
1.28
1.28
1.28
1.28
1.27992
1.28
1.28
1.28
1.28
1.28
1.28
1.28
1.28
1.28
1.2799
1.28
1.28
1.28
1.28
1.28
1.28
1.28
1.28
1.28
1.27978
1.28
1.28
1.28
1.28
1.28
1.28
1.28
1.28
1.28
1.27891
1.28
1.28
1.28
1.28
1.28
1.28
1.28
1.28
1.28
1.27978
1.28
1.28
1.28
1.28
1.28
1.28
1.28
1.28
1.28
1.28002
1.28
1.28
1.28
1.28
1.28
1.28
1.28
1.28
1.28
1.28004
1.28
1.28
1.28
1.28
1.28
1.28
1.28
1.28
1.28
1.28004
1.28
1.28
1.28
1.28
1.28
1.28
1.28
1.28
1.28
1.28004
1.28
1.28
1.28
1.28
1.28
1.28
1.28
1.28
1.28
1.28004
1.28
1.28
1.28
1.28
1.28
1.28
1.28
1.28
1.28
1.28004
1.28
1.28
1.28
1.28
1.28
1.28
1.28
1.28
1.28
1.28004
1.28
1.28
1.28
1.28
1.28
1.28
1.28
1.28
1.28
1.28002
1.28
1.28
1.28
1.28
1.28
1.28
1.28
1.28
1.28
1.27978
1.28
1.28
1.28
1.28
1.28
1.28
1.28
1.28
1.28
1.2799
1.28
1.28
1.28
1.28
1.28
1.28
1.28
1.28
1.28
1.28004
1.28
1.28
1.28
1.28
1.28
1.28
1.28
1.28
1.28
1.28005
1.28
1.28
1.28
1.28
1.28
1.28
1.28
1.28
1.28
1.28005
1.28
1.28
1.28
1.28
1.28
1.28
1.28
1.28
1.28
1.28005
1.28
1.28
1.28
1.28
1.28
1.28
1.28
1.28
1.28
1.28005
1.28
1.28
1.28
1.28
1.28
1.28
1.28
1.28
1.28
1.28005
1.28
1.28
1.28
1.28
1.28
1.28
1.28
1.28
1.28
1.28005
1.28
1.28
1.28
1.28
1.28
1.28
1.28
1.28
1.28
1.28004
1.28
1.28
1.28
1.28
1.28
1.28
1.28
1.28
1.28
1.2799
1.28
1.28
1.28
1.28
1.28
1.28
1.28
1.28
1.28
1.27992
1.28
1.28
1.28
1.28
1.28
1.28
1.28
1.28
1.28
1.28004
1.28
1.28
1.28
1.28
1.28
1.28
1.28
1.28
1.28
1.28005
1.28
1.28
1.28
1.28
1.28
1.28
1.28
1.28
1.28
1.28005
1.28
1.28
1.28
1.28
1.28
1.28
1.28
1.28
1.28
1.28005
1.28
1.28
1.28
1.28
1.28
1.28
1.28
1.28
1.28
1.28005
1.28
1.28
1.28
1.28
1.28
1.28
1.28
1.28
1.28
1.28005
1.28
1.28
1.28
1.28
1.28
1.28
1.28
1.28
1.28
1.28005
1.28
1.28
1.28
1.28
1.28
1.28
1.28
1.28
1.28
1.28004
1.28
1.28
1.28
1.28
1.28
1.28
1.28
1.28
1.28
1.27992
1.28
1.28
1.28
1.28
1.28
1.28
1.28
1.28
1.28
1.27993
1.28
1.28
1.28
1.28
1.28
1.28
1.28
1.28
1.28
1.28004
1.28
1.28
1.28
1.28
1.28
1.28
1.28
1.28
1.28
1.28005
1.28
1.28
1.28
1.28
1.28
1.28
1.28
1.28
1.28
1.28005
1.28
1.28
1.28
1.28
1.28
1.28
1.28
1.28
1.28
1.28005
1.28
1.28
1.28
1.28
1.28
1.28
1.28
1.28
1.28
1.28005
1.28
1.28
1.28
1.28
1.28
1.28
1.28
1.28
1.28
1.28005
1.28
1.28
1.28
1.28
1.28
1.28
1.28
1.28
1.28
1.28005
1.28
1.28
1.28
1.28
1.28
1.28
1.28
1.28
1.28
1.28004
1.28
1.28
1.28
1.28
1.28
1.28
1.28
1.28
1.28
1.27993
1.28
1.28
1.28
1.28
1.28
1.28
1.28
1.28
1.28
1.27993
1.28
1.28
1.28
1.28
1.28
1.28
1.28
1.28
1.28
1.28004
1.28
1.28
1.28
1.28
1.28
1.28
1.28
1.28
1.28
1.28005
1.28
1.28
1.28
1.28
1.28
1.28
1.28
1.28
1.28
1.28005
1.28
1.28
1.28
1.28
1.28
1.28
1.28
1.28
1.28
1.28005
1.28
1.28
1.28
1.28
1.28
1.28
1.28
1.28
1.28
1.28005
1.28
1.28
1.28
1.28
1.28
1.28
1.28
1.28
1.28
1.28005
1.28
1.28
1.28
1.28
1.28
1.28
1.28
1.28
1.28
1.28005
1.28
1.28
1.28
1.28
1.28
1.28
1.28
1.28
1.28
1.28004
1.28
1.28
1.28
1.28
1.28
1.28
1.28
1.28
1.28
1.27993
1.28
1.28
1.28
1.28
1.28
1.28
1.28
1.28
1.28
1.27992
1.28
1.28
1.28
1.28
1.28
1.28
1.28
1.28
1.28
1.28004
1.28
1.28
1.28
1.28
1.28
1.28
1.28
1.28
1.28
1.28005
1.28
1.28
1.28
1.28
1.28
1.28
1.28
1.28
1.28
1.28005
1.28
1.28
1.28
1.28
1.28
1.28
1.28
1.28
1.28
1.28005
1.28
1.28
1.28
1.28
1.28
1.28
1.28
1.28
1.28
1.28005
1.28
1.28
1.28
1.28
1.28
1.28
1.28
1.28
1.28
1.28005
1.28
1.28
1.28
1.28
1.28
1.28
1.28
1.28
1.28
1.28005
1.28
1.28
1.28
1.28
1.28
1.28
1.28
1.28
1.28
1.28004
1.28
1.28
1.28
1.28
1.28
1.28
1.28
1.28
1.28
1.27992
1.28
1.28
1.28
1.28
1.28
1.28
1.28
1.28
1.28
1.2799
1.28
1.28
1.28
1.28
1.28
1.28
1.28
1.28
1.28
1.28004
1.28
1.28
1.28
1.28
1.28
1.28
1.28
1.28
1.28
1.28005
1.28
1.28
1.28
1.28
1.28
1.28
1.28
1.28
1.28
1.28005
1.28
1.28
1.28
1.28
1.28
1.28
1.28
1.28
1.28
1.28005
1.28
1.28
1.28
1.28
1.28
1.28
1.28
1.28
1.28
1.28005
1.28
1.28
1.28
1.28
1.28
1.28
1.28
1.28
1.28
1.28005
1.28
1.28
1.28
1.28
1.28
1.28
1.28
1.28
1.28
1.28005
1.28
1.28
1.28
1.28
1.28
1.28
1.28
1.28
1.28
1.28004
1.28
1.28
1.28
1.28
1.28
1.28
1.28
1.28
1.28
1.2799
1.28
1.28
1.28
1.28
1.28
1.28
1.28
1.28
1.28
1.27978
1.28
1.28
1.28
1.28
1.28
1.28
1.28
1.28
1.28
1.28002
1.28
1.28
1.28
1.28
1.28
1.28
1.28
1.28
1.28
1.28004
1.28
1.28
1.28
1.28
1.28
1.28
1.28
1.28
1.28
1.28004
1.28
1.28
1.28
1.28
1.28
1.28
1.28
1.28
1.28
1.28004
1.28
1.28
1.28
1.28
1.28
1.28
1.28
1.28
1.28
1.28004
1.28
1.28
1.28
1.28
1.28
1.28
1.28
1.28
1.28
1.28004
1.28
1.28
1.28
1.28
1.28
1.28
1.28
1.28
1.28
1.28004
1.28
1.28
1.28
1.28
1.28
1.28
1.28
1.28
1.28
1.28002
1.28
1.28
1.28
1.28
1.28
1.28
1.28
1.28
1.28
1.27978
1.28
1.28
1.28
1.28
1.28
1.28
1.28
1.28
1.28
1.27891
1.28
1.28
1.28
1.28
1.28
1.28
1.28
1.28
1.28
1.27978
1.28
1.28
1.28
1.28
1.28
1.28
1.28
1.28
1.28
1.2799
1.28
1.28
1.28
1.28
1.28
1.28
1.28
1.28
1.28
1.27992
1.28
1.28
1.28
1.28
1.28
1.28
1.28
1.28
1.28
1.27993
1.28
1.28
1.28
1.28
1.28
1.28
1.28
1.28
1.28
1.27993
1.28
1.28
1.28
1.28
1.28
1.28
1.28
1.28
1.28
1.27992
1.28
1.28
1.28
1.28
1.28
1.28
1.28
1.28
1.28
1.2799
1.28
1.28
1.28
1.28
1.28
1.28
1.28
1.28
1.28
1.27978
1.28
1.28
1.28
1.28
1.28
1.28
1.28
1.28
1.28
1.27903
)
;

boundaryField
{
    walls
    {
        type            zeroGradient;
    }
    nozzleExt
    {
        type            zeroGradient;
    }
    nozzleInt
    {
        type            zeroGradient;
    }
    inlet
    {
        type            fixedValue;
        value           uniform 5;
    }
    outlet
    {
        type            zeroGradient;
    }
    defaultFaces
    {
        type            empty;
    }
}


// ************************************************************************* //
